450
1 1.25 1.5 1.75 2 
1 729
6 789
1 668
10 188
9 3
3 300
2 1284
9 234
2 91
1 29
6 1026
7 164
6 920
6 146
1 284
2 403
6 360
3 668
8 688
8 67
2 130
10 227
9 1112
8 1202
2 526
4 88
10 719
7 193
3 109
4 387
1 1292
5 541
1 343
7 126
4 406
9 392
8 108
7 1230
7 217
3 139
10 308
1 314
4 407
10 820
8 413
5 152
5 380
7 95
7 203
1 1062
9 16
8 31
4 289
5 163
8 391
5 418
5 1278
2 452
4 1119
10 172
6 74
7 31
10 537
5 878
4 17
7 334
8 1115
2 374
10 1700
3 103
3 352
2 500
2 152
1 111
6 69
8 689
2 233
8 467
5 512
9 219
10 144
1 954
5 903
5 51
7 29
2 336
1 458
8 364
6 875
10 253
4 210
4 98
3 799
10 238
3 1102
2 318
10 551
7 633
5 287
5 199
9 4
7 237
8 45
1 777
2 156
3 1242
8 411
6 1064
8 42
10 176
7 746
5 418
6 181
1 118
7 12
10 76
4 1157
10 90
10 1126
1 774
9 115
10 792
10 240
5 767
7 10
2 104
9 416
5 168
10 262
4 333
1 1138
1 391
7 116
9 243
6 144
4 794
4 98
4 203
10 1091
7 89
8 120
3 75
2 495
4 20
8 380
5 603
2 256
10 1320
6 5
5 771
3 76
5 7
1 63
3 612
2 154
5 265
4 31
5 502
10 449
3 14
4 153
10 122
6 17
1 298
9 837
9 747
8 971
9 198
4 417
7 1277
10 400
3 215
7 65
4 342
3 446
2 1437
9 1137
8 1692
5 398
7 96
7 351
7 763
10 485
7 967
1 303
2 245
5 192
4 330
5 786
7 986
4 297
7 345
8 670
3 302
5 690
9 318
3 104
10 211
7 549
9 669
10 168
2 263
5 120
4 322
5 383
6 309
4 1129
10 90
6 146
9 109
8 75
2 164
1 689
3 556
9 593
5 219
8 667
6 97
4 164
8 1119
2 388
2 747
4 555
10 154
8 596
9 818
3 163
3 812
4 15
9 17
3 211
7 276
7 32
5 361
6 391
10 677
10 93
10 32
2 266
5 48
9 15
2 58
2 954
3 1558
1 14
1 45
5 905
5 30
3 12
5 491
3 34
10 500
2 460
9 302
2 968
2 1027
2 746
10 1
3 94
7 374
6 526
2 484
6 527
10 52
7 814
10 127
2 621
1 325
5 113
3 458
2 421
8 383
7 571
5 37
8 1387
8 547
3 1110
8 1334
4 1281
8 95
3 105
3 59
7 1299
8 575
3 300
8 1057
3 371
5 160
7 478
1 534
8 1019
9 117
8 27
2 697
4 42
9 29
3 217
5 521
8 586
2 277
8 36
5 78
8 44
5 12
10 485
2 266
3 355
8 777
4 35
5 1510
2 1006
10 1
3 904
4 225
1 103
2 232
4 204
6 93
7 77
4 352
5 123
5 316
9 189
10 126
1 1151
3 261
6 488
5 554
4 24
4 839
6 195
9 352
5 353
10 242
6 109
1 81
1 86
9 469
9 1303
10 786
8 771
1 548
8 357
2 1081
3 1202
4 0
4 474
4 371
9 50
4 253
6 213
3 1504
3 203
10 269
6 598
2 27
9 6
7 941
1 169
3 2
10 297
9 1529
5 32
7 1461
5 49
6 1055
1 1531
6 511
8 398
10 680
1 76
6 553
8 445
2 323
3 44
9 356
8 279
8 135
3 1716
4 394
5 29
8 620
2 197
5 1184
9 525
10 137
8 496
8 10
1 33
6 778
10 137
2 490
3 519
6 146
7 606
9 919
5 93
7 277
6 768
5 23
5 241
9 690
2 324
3 919
1 759
9 435
6 284
1 698
9 353
8 419
3 77
4 31
2 472
7 530
9 551
2 301
3 199
7 196
5 72
9 901
2 157
1 260
10 217
7 96
1 1451
10 1265
7 113
5 1072
10 18
5 724
5 112
9 397
1 254
2 68
5 429
6 484
10 253
8 426
6 16
5 349
6 133
6 434
10 61
3 1077
7 965
5 305
9 107
5 260
6 517
8 271
