300
1 2 3 4 5 
9 38
5 579
9 69
1 824
1 403
1 360
4 439
9 1012
3 0
3 546
7 214
5 591
9 205
1 449
3 134
7 128
9 58
9 499
6 517
8 117
3 169
6 8
10 264
10 53
6 66
5 632
1 73
6 70
5 18
1 24
3 199
7 52
6 645
8 55
10 436
5 1024
3 58
2 468
5 32
1 475
6 412
2 668
10 278
3 700
7 33
10 91
3 440
1 26
2 22
8 588
5 61
2 579
10 5
10 65
5 939
2 272
4 388
7 484
2 94
2 57
6 951
1 10
7 218
1 77
9 19
2 137
6 117
3 46
5 40
2 315
7 451
3 102
2 226
7 320
1 47
8 806
2 233
1 111
8 290
5 328
4 221
5 15
10 250
5 307
4 231
2 243
9 187
9 60
10 416
1 67
10 226
2 280
4 64
2 270
9 487
8 278
9 159
4 456
8 503
10 372
7 46
3 38
3 372
2 162
9 285
7 74
8 89
8 58
8 754
4 720
4 64
2 92
7 857
4 597
1 84
5 199
7 295
10 34
9 865
2 92
4 568
3 1
6 744
2 155
5 444
9 185
2 15
7 37
9 114
9 701
6 236
4 316
8 594
8 817
9 0
7 19
7 294
2 423
2 100
6 354
4 111
7 55
1 107
9 378
9 479
6 127
8 9
10 215
10 120
5 1001
9 123
7 133
4 327
6 335
1 90
10 535
6 297
3 18
5 37
1 219
10 126
4 964
8 334
3 181
5 23
1 198
9 832
2 404
8 714
10 874
10 470
3 188
9 895
6 102
3 500
8 413
8 161
5 137
9 31
5 936
7 62
7 411
1 146
3 168
7 204
4 101
7 184
5 530
10 145
2 15
5 54
10 17
7 618
3 798
2 260
7 599
9 15
5 778
7 676
2 186
6 46
3 589
9 130
4 393
3 281
5 1
6 171
3 211
2 259
7 49
1 15
6 669
3 408
7 360
2 5
9 510
3 202
1 103
3 361
5 494
6 216
10 220
5 658
3 521
2 612
5 73
8 5
6 641
5 10
3 584
2 316
1 906
8 117
3 506
10 32
8 10
3 489
1 155
10 849
7 119
9 330
9 550
3 341
7 188
1 33
2 37
5 407
10 847
4 12
4 582
5 176
8 272
6 164
8 985
3 74
3 204
3 133
6 390
3 92
3 305
3 197
6 158
2 280
7 451
1 215
1 4
2 915
6 118
9 231
5 37
3 660
10 35
3 203
2 253
8 434
2 32
1 211
2 214
10 41
4 597
9 116
8 223
1 2
3 181
2 228
7 509
7 782
3 46
7 664
6 94
6 68
8 943
1 622
10 762
6 1038
6 816
8 716
3 62
8 464
1 358
