200
1 2 3 4 5 
3 546
2 423
6 66
1 15
3 500
3 133
9 231
4 582
3 372
9 479
7 119
7 484
2 22
6 297
9 60
5 407
9 499
2 137
8 10
4 393
7 37
6 216
7 46
9 58
6 158
10 120
1 2
3 341
2 243
5 199
3 0
9 130
10 535
7 74
1 47
4 316
2 253
8 223
7 451
1 10
1 219
3 305
2 260
8 161
2 404
4 64
6 517
1 475
1 103
1 111
5 32
2 186
3 1
2 162
8 716
2 37
10 250
3 489
6 164
6 70
3 181
9 159
2 316
4 111
10 35
7 411
3 204
8 334
3 74
9 116
7 62
4 64
5 307
2 100
9 69
2 15
7 19
2 92
3 506
10 226
5 1
2 259
5 579
9 15
2 155
5 328
3 18
2 214
9 205
3 168
10 32
2 612
7 295
5 73
9 487
10 372
5 61
8 5
3 188
6 669
9 185
5 10
9 19
1 4
3 169
1 33
10 91
9 38
6 46
9 285
6 118
8 754
2 579
10 264
2 94
3 211
7 214
2 226
1 107
7 218
10 145
10 215
6 236
5 15
2 92
6 127
1 24
4 327
1 77
4 12
7 52
3 203
4 388
8 89
2 315
9 187
3 660
4 597
6 171
8 413
2 272
1 26
8 117
3 102
3 46
7 204
5 632
9 550
8 9
1 198
2 233
4 439
5 37
10 5
1 215
2 228
7 133
1 73
9 330
4 231
6 354
2 280
8 503
3 202
6 102
1 67
5 137
6 117
6 641
10 416
2 32
3 521
5 37
3 197
9 378
6 8
6 390
7 55
3 92
10 65
1 358
6 412
5 18
10 126
7 451
5 54
2 270
8 272
9 0
3 58
3 46
4 101
2 5
6 94
7 49
10 17
3 62
3 199
8 117
8 290
