350
1 2 3 4 5 
3 46
3 169
2 15
9 487
8 58
7 509
10 1265
4 1083
2 468
2 579
1 824
1 33
6 354
8 290
3 408
5 941
8 817
10 250
5 23
3 341
6 297
1 26
10 278
9 69
6 645
10 436
2 37
4 346
9 550
8 117
10 120
1 136
4 568
1 1038
10 53
3 546
10 849
9 479
5 939
2 316
10 416
5 32
9 19
10 470
4 12
3 506
9 900
9 646
5 105
4 597
8 806
3 199
8 550
6 390
2 214
2 260
6 164
7 782
7 676
10 847
5 37
3 58
7 52
8 278
10 41
8 754
3 38
6 117
2 233
7 1214
3 133
8 10
3 18
3 589
5 632
2 5
6 951
6 517
1 358
4 200
5 530
5 199
10 215
2 137
7 857
1 67
9 38
9 114
10 367
6 1038
8 714
9 231
6 127
10 874
7 451
9 185
9 378
2 92
5 137
4 705
2 270
5 658
5 176
6 94
8 791
1 90
10 35
3 489
9 701
2 668
2 423
9 832
8 272
1 792
5 444
9 510
5 407
9 330
7 664
9 31
7 484
9 15
3 361
8 9
4 327
2 404
1 690
3 74
10 808
10 226
5 73
2 259
6 8
4 597
10 17
9 130
8 334
7 188
8 137
2 162
8 716
5 40
6 70
3 92
8 993
6 118
8 1067
8 161
5 494
4 439
7 19
2 872
4 111
5 579
7 599
2 15
3 197
3 168
3 660
7 49
1 403
6 102
7 46
6 46
5 514
1 449
3 134
8 985
9 187
7 295
1 84
3 584
4 927
10 753
3 203
1 24
8 503
1 360
10 372
2 22
7 294
4 388
9 0
8 9
8 943
7 119
5 10
8 1263
1 215
3 700
9 116
3 798
7 37
1 47
2 612
1 77
9 159
7 74
5 591
9 895
4 346
8 413
4 231
4 582
5 778
7 618
7 128
3 62
9 1012
2 280
8 223
8 594
4 393
1 103
4 964
2 551
3 521
2 358
2 186
10 762
3 46
10 964
7 214
4 1269
3 281
5 61
7 62
1 73
3 291
3 1
9 123
4 64
6 158
6 744
5 1
8 89
2 32
1 4
2 155
2 92
3 181
5 307
1 111
3 102
3 440
2 315
5 54
1 475
2 94
5 328
2 100
7 133
2 280
3 500
7 451
10 145
1 107
3 188
7 320
1 2
1 387
10 91
8 55
1 15
3 181
9 865
2 272
6 335
10 264
4 456
6 816
9 1041
4 221
2 915
8 908
1 10
9 499
6 68
1 146
3 305
2 228
10 403
7 411
10 535
10 34
7 218
5 1001
6 412
7 184
9 60
9 285
1 155
6 1084
5 1024
10 65
1 198
7 360
1 219
10 126
10 32
7 33
8 117
1 211
6 66
3 0
6 171
3 211
7 579
2 226
1 906
4 316
4 101
1 419
10 980
2 243
10 5
8 434
4 720
8 5
4 89
8 588
3 202
2 57
9 205
5 37
3 776
4 64
6 236
2 489
7 55
5 790
6 216
6 641
10 220
7 204
5 936
6 50
2 253
5 207
7 1196
8 464
3 204
5 15
5 18
8 1102
1 1142
6 669
9 58
1 622
3 372
