150
1 1.25 1.5 1.75 2 
3 109
10 308
5 353
5 32
10 253
7 203
7 65
4 352
6 144
4 31
6 213
5 113
6 97
7 126
3 75
4 35
9 16
9 107
6 146
10 52
6 284
8 95
3 2
10 122
10 217
1 14
9 243
7 96
2 263
10 1
10 485
10 1
6 93
4 164
2 336
2 324
9 356
5 160
9 17
2 154
1 298
5 120
10 93
4 203
9 318
3 44
8 42
8 45
3 139
9 109
6 109
3 12
10 400
7 164
4 31
3 261
6 434
5 48
1 29
5 287
6 5
7 29
1 81
3 458
3 34
2 164
2 460
2 104
8 75
4 474
8 44
10 240
5 7
10 127
7 77
1 76
4 88
7 351
8 31
8 357
1 103
5 152
2 58
2 245
6 195
7 277
10 76
4 387
1 86
3 76
2 318
3 59
1 45
8 27
10 227
5 30
10 176
5 163
8 108
3 103
3 371
7 32
4 17
2 27
10 168
5 23
2 452
5 78
9 29
9 198
10 449
5 260
7 116
2 301
5 12
8 10
10 238
8 411
4 20
4 15
1 458
8 36
10 211
6 484
2 68
10 188
4 0
4 407
10 297
3 446
2 91
9 50
6 17
6 181
2 232
9 4
9 3
7 89
10 61
7 113
5 93
7 10
9 6
3 77
7 12
6 360
2 374
10 90
8 67
4 98
