250
1 1.25 1.5 1.75 2 
7 12
8 10
9 219
9 16
8 357
6 360
5 541
3 371
9 3
1 45
6 109
1 118
10 1
3 2
2 621
5 491
8 36
2 91
4 15
7 277
5 905
10 500
1 534
7 116
2 324
3 109
8 426
8 67
9 593
2 500
8 31
3 75
9 392
7 65
5 219
9 107
7 31
9 29
1 76
5 383
2 256
3 76
10 1
3 139
3 458
8 547
2 266
5 48
5 521
1 14
10 308
10 176
2 403
5 690
3 199
2 197
5 260
4 555
9 243
9 356
1 103
10 297
1 668
2 156
1 284
5 7
2 233
9 901
2 164
8 27
5 771
5 512
3 34
5 93
4 88
7 164
1 298
3 103
10 137
8 364
6 146
10 90
3 59
1 111
10 154
8 380
4 297
4 0
6 133
5 398
4 203
10 76
10 122
10 227
10 211
7 217
5 418
3 217
8 42
8 411
1 548
7 196
8 391
4 31
1 689
4 407
6 144
2 490
8 586
6 434
4 352
10 93
10 52
2 452
5 113
5 12
10 449
7 126
5 160
6 484
10 168
5 380
1 314
4 225
7 203
2 336
5 23
5 152
3 77
1 81
10 485
1 33
8 45
5 192
1 325
9 6
7 237
6 213
6 511
5 120
6 74
2 746
6 527
8 135
7 89
5 32
2 697
9 117
7 530
4 17
5 163
2 374
9 109
5 305
6 181
2 68
5 786
10 127
10 400
10 253
7 10
5 349
10 144
2 104
2 301
1 759
1 458
1 303
5 199
8 44
10 126
1 86
9 4
10 677
5 78
3 12
7 374
6 93
10 238
6 5
10 137
1 63
4 98
6 69
3 44
8 688
7 96
7 478
8 383
7 32
2 27
7 351
3 446
4 164
2 266
8 108
4 98
3 261
2 318
4 387
2 421
4 371
9 198
5 30
6 17
4 31
10 188
7 29
6 146
5 287
9 17
2 58
4 20
10 680
2 460
7 77
9 50
2 245
2 323
10 240
8 75
7 96
2 263
8 496
9 318
10 217
8 95
6 195
1 391
4 474
1 777
2 232
6 526
6 284
10 61
3 612
5 353
4 289
2 154
10 551
4 35
6 97
1 29
3 519
8 419
7 113
2 484
3 355
10 242
8 120
