400
1 2 3 4 5 
1 475
9 1246
3 489
7 509
2 315
5 37
3 798
4 26
7 1265
1 26
10 17
3 1597
6 669
8 5
9 231
7 128
8 1102
8 464
1 387
7 46
3 38
3 506
4 231
6 117
7 294
2 358
3 361
9 58
5 530
9 330
8 594
5 579
9 499
1 103
3 188
2 872
7 902
8 434
3 46
8 754
6 127
8 9
5 656
6 164
2 155
2 15
7 62
8 161
7 1060
10 226
7 800
6 102
2 37
3 58
1 111
2 668
8 117
3 46
6 297
9 1165
3 440
7 55
2 137
3 521
2 551
9 187
7 360
6 70
5 32
9 1050
10 535
9 479
7 188
8 117
6 354
3 102
8 223
3 199
5 407
5 1278
2 233
5 632
9 900
7 184
9 116
9 123
3 408
4 327
3 202
6 412
3 1
1 690
9 865
1 47
8 413
4 597
10 120
2 404
6 171
6 8
4 89
8 334
3 584
1 155
2 579
1 67
9 0
6 21
5 307
9 130
1 77
10 41
10 874
9 205
4 1269
9 159
8 509
8 1263
10 1265
7 857
4 316
1 107
8 993
7 579
3 546
10 980
2 226
5 10
10 34
7 470
2 280
7 1214
6 390
10 847
9 285
2 946
5 18
10 5
1 419
9 1428
8 714
9 114
10 264
4 388
7 1196
4 211
6 216
7 484
4 964
8 137
3 133
2 243
7 782
5 105
6 94
1 215
2 57
5 591
2 270
9 550
9 19
4 568
10 416
8 806
7 1092
8 361
1 1501
1 1198
2 259
8 55
2 260
2 316
9 60
4 720
3 203
8 278
5 54
7 918
9 38
1 358
5 520
2 253
6 641
1 4
6 1352
3 341
10 215
3 197
2 489
2 92
10 126
1 84
4 927
4 346
5 137
1 1142
1 24
5 941
7 676
2 162
7 451
1 219
7 19
5 37
2 272
2 364
5 658
6 1084
3 181
5 790
1 824
10 367
5 1
3 660
3 211
2 915
1 33
7 52
8 58
10 808
10 762
5 444
8 808
6 951
8 290
7 133
5 687
3 776
1 211
3 204
5 73
8 588
10 436
8 550
7 320
7 664
9 510
4 101
7 74
5 1024
4 200
3 18
2 186
9 743
7 135
6 1284
9 832
10 470
9 646
10 278
3 92
5 207
3 134
3 74
2 94
8 716
6 335
9 378
6 46
2 468
1 10
6 645
8 985
1 792
4 1083
2 92
3 372
5 199
5 778
1 906
10 849
1 136
6 50
7 218
3 281
8 817
6 1038
5 176
2 15
9 69
9 1012
4 64
6 816
2 228
5 514
5 1252
5 23
5 1001
2 423
1 2
7 599
5 40
3 500
3 700
8 1182
3 291
4 456
1 449
9 691
10 53
7 618
9 531
7 49
8 272
8 943
9 31
3 325
5 15
10 91
8 89
6 517
10 403
6 118
8 1334
10 32
4 64
5 61
8 10
7 214
10 372
4 221
8 503
1 302
9 895
7 451
10 250
4 705
3 589
1 198
5 328
2 1373
7 119
9 15
1 73
8 908
2 904
1 403
2 22
6 68
5 7
6 236
2 214
5 936
10 964
2 612
6 744
8 9
1 90
3 295
2 32
3 0
2 5
10 1327
4 111
5 494
9 185
5 939
1 622
8 696
1 15
10 753
1 1253
1 360
1 767
2 280
4 439
3 168
4 12
8 715
10 220
6 66
1 146
4 582
8 791
4 355
3 305
1 1038
4 1118
6 158
3 181
10 145
4 346
7 37
4 393
8 1067
3 62
7 204
10 65
7 295
8 281
4 597
10 35
2 100
8 1261
3 169
7 33
9 487
9 1041
7 411
9 701
