500
1 2 3 4 5 
5 1024
9 646
3 660
5 475
5 703
1 24
7 579
10 849
1 26
2 960
3 1441
4 346
4 64
7 33
3 169
1 47
8 281
9 31
5 137
6 669
9 1373
9 743
6 354
2 280
3 202
3 181
9 60
8 10
2 228
5 1001
8 714
5 936
1 1330
8 993
2 404
3 18
10 416
3 500
7 1196
8 1067
7 128
9 337
5 1655
2 915
4 12
7 1560
6 66
1 449
5 207
8 1261
8 161
7 184
1 690
1 622
7 1221
2 904
2 551
1 107
10 226
6 164
8 550
7 294
2 162
1 387
3 440
7 1834
2 1358
7 62
2 37
3 403
10 220
8 5
7 49
2 260
9 130
2 1373
4 456
1 1253
8 272
8 5
6 158
7 857
5 1196
10 215
9 510
9 187
10 120
2 358
1 103
6 1352
6 412
2 684
9 531
2 280
6 280
6 50
4 231
3 58
8 55
4 388
4 1396
7 753
5 199
6 46
4 1269
1 215
1 1142
2 1491
5 307
9 15
3 291
9 895
5 790
1 84
3 1221
3 1
7 37
5 328
7 509
2 22
2 92
3 46
6 297
3 134
1 560
7 52
4 111
5 302
2 468
5 88
9 499
6 1038
8 58
4 1362
6 335
5 1163
3 361
10 470
9 38
5 888
1 4
4 26
4 316
8 1263
10 53
2 155
10 1806
10 1148
6 102
7 1060
4 346
9 865
9 141
2 315
2 253
9 215
3 92
6 216
5 32
4 1118
2 32
8 89
2 15
10 1703
9 536
7 470
8 588
10 65
5 7
10 847
2 1038
1 906
1 358
5 520
3 489
7 320
9 69
7 676
10 278
3 102
5 687
4 597
1 211
8 808
5 514
5 105
5 1252
8 791
9 701
1 1501
3 281
6 390
1 67
4 1655
1 824
1 90
5 191
3 372
7 1265
9 1012
4 1083
2 137
7 204
4 1256
7 19
2 656
8 754
5 1251
10 41
6 645
4 101
7 188
5 10
8 985
2 1532
8 290
6 517
9 1515
7 782
1 302
4 1688
1 1093
8 137
5 37
10 1157
4 355
5 73
3 700
9 205
10 372
5 530
9 58
3 168
7 74
9 378
5 346
2 946
6 641
10 35
4 964
8 1389
8 361
4 927
3 584
8 1568
6 236
4 393
3 204
6 21
9 1364
9 231
7 309
10 1327
8 503
2 489
9 1165
5 939
4 89
3 586
7 1214
2 872
10 250
8 696
1 360
6 343
5 407
3 203
5 444
2 579
4 1225
8 509
10 1265
8 1630
8 1334
9 550
5 658
3 341
1 10
5 778
6 1438
5 1278
10 477
3 1597
10 762
7 664
4 705
7 902
10 34
6 671
7 214
6 142
1 73
6 70
8 20
2 259
9 114
10 91
7 484
5 40
4 408
7 135
7 980
10 808
9 691
10 436
2 364
7 133
2 612
9 330
7 618
9 1041
10 367
3 429
3 798
7 295
7 918
1 237
9 285
7 1092
5 494
3 546
6 127
8 223
1 155
9 123
5 579
4 582
4 200
10 1058
1 146
9 833
3 1556
4 327
7 599
2 57
6 1084
6 117
2 243
8 715
8 434
9 116
7 451
3 46
2 774
1 947
9 479
2 5
10 32
9 900
10 1144
9 1246
3 1106
2 226
8 1182
2 1372
9 910
4 568
10 707
2 233
1 767
8 716
2 92
9 1447
2 1295
2 94
9 1306
3 1678
3 197
6 68
10 425
3 295
5 632
7 42
8 594
8 278
8 817
7 411
3 188
5 656
7 576
7 218
4 1239
1 77
6 1284
9 0
3 199
4 720
2 841
10 17
1 136
4 64
1 15
2 186
8 117
8 413
5 719
3 916
3 776
2 816
3 408
4 211
8 806
8 9
3 325
7 360
5 61
7 119
5 591
5 23
8 943
8 1102
8 1055
8 334
2 100
3 305
3 133
7 46
9 159
8 464
3 74
7 800
5 941
4 597
6 171
10 1252
3 0
5 54
8 908
4 221
6 94
1 475
1 792
9 832
10 5
5 1295
6 8
2 15
4 1301
1 219
1 1198
6 1206
1 198
2 214
10 403
10 126
1 419
5 1
1 33
10 535
10 753
1 693
6 816
5 662
10 145
1 2
4 673
5 18
9 487
6 118
9 19
6 1221
7 55
6 744
3 62
5 15
5 79
10 980
3 181
1 403
5 37
1 1038
3 589
9 1050
3 38
7 451
8 1672
2 272
10 672
1 1381
7 1525
1 111
8 117
5 176
10 264
9 185
2 423
10 964
3 506
10 874
3 211
6 951
8 9
7 1302
9 1428
3 521
2 316
4 439
2 270
2 668
9 1558
