100
1 2 3 4 5 
8 161
6 127
2 280
3 168
3 0
3 305
1 15
8 272
2 272
4 64
2 100
9 19
10 32
9 159
5 15
5 1
1 47
5 10
6 164
3 188
9 231
10 145
5 61
10 120
9 69
1 2
9 116
6 70
4 101
5 18
7 62
5 32
5 37
1 215
6 117
9 60
6 236
8 89
3 1
2 137
7 46
3 211
10 5
6 158
3 181
5 199
7 55
3 74
6 118
1 4
4 316
2 226
4 12
2 37
5 73
6 102
6 297
5 37
1 26
3 46
5 54
3 58
3 92
1 73
7 218
8 5
2 243
1 103
6 8
7 52
1 24
10 35
7 49
8 117
10 17
6 66
2 92
9 187
2 22
10 264
10 65
4 64
1 67
3 204
3 372
2 92
6 171
8 117
9 38
7 119
7 133
1 10
1 198
3 62
9 15
3 199
4 111
2 260
7 74
8 223
