350
6 3350 3366 2
5 714 729 0
20 1969 1991 3
8 1422 1436 2
2 2241 2251 4
14 781 803 1
13 2234 2255 3
12 498 514 4
2 1078 1100 0
11 958 981 3
90 8 100 0
7 1340 1347 2
8 1310 1336 1
8 3395 3407 1
2 1978 1992 1
15 2871 2902 2
11 2877 2888 2
10 2829 2847 2
15 1163 1188 3
22 458 498 0
25 322 351 0
5 867 890 2
1 2914 2929 3
90 1433 1527 3
14 1114 1140 3
35 628 681 2
100 212 330 3
14 183 207 1
5 931 946 4
6 2707 2729 3
45 1785 1832 4
12 545 571 0
35 3313 3352 3
25 413 438 0
6 391 407 2
33 3119 3168 3
12 524 544 2
13 1010 1027 3
20 2277 2313 2
30 3324 3356 2
2 1931 1935 4
14 247 269 1
20 1490 1530 3
5 909 918 1
25 1957 1984 4
23 2354 2397 2
100 1200 1306 2
20 372 404 3
30 2522 2564 0
5 2188 2211 0
60 1750 1830 3
2 896 918 3
5 899 908 3
6 847 869 4
2 861 875 3
10 1523 1543 4
12 574 598 2
5 889 900 3
16 262 298 3
7 2789 2812 4
16 1946 1980 0
11 2750 2781 4
8 578 598 1
8 1986 2012 1
40 1068 1108 0
18 1828 1848 1
1 3135 3156 1
11 1933 1960 4
12 715 729 1
8 1994 2020 1
30 775 819 3
15 2161 2176 3
4 3451 3465 3
3 105 114 2
8 2132 2150 2
5 2553 2570 3
2 2932 2952 1
4 1310 1314 0
50 3034 3100 3
100 743 859 4
6 1047 1067 4
6 514 536 4
15 3304 3325 0
11 203 224 1
4 1352 1362 3
16 327 345 0
11 3271 3288 3
50 514 582 2
10 2109 2123 3
90 1285 1389 0
5 1266 1273 1
18 1712 1734 2
2 1102 1124 3
20 3314 3348 1
16 2983 3015 2
20 216 254 2
35 2288 2329 0
10 2255 2279 4
30 2052 2098 3
35 133 174 0
11 3411 3430 3
20 269 289 2
11 2212 2237 3
7 1077 1084 1
8 365 379 1
6 1065 1083 1
11 2425 2450 1
35 154 191 0
12 2477 2491 0
2 2459 2471 0
4 846 862 3
25 816 859 2
20 1677 1705 0
3 211 226 3
1 2328 2337 0
12 3338 3352 4
10 2411 2433 4
11 609 626 0
2 1621 1633 3
5 3243 3262 0
8 2627 2649 4
8 282 298 0
40 904 952 3
20 694 734 1
1 274 289 1
50 1438 1500 2
20 1766 1786 2
40 2097 2141 2
20 0 32 0
5 222 247 4
7 2191 2204 4
6 202 216 3
4 319 331 1
10 129 139 1
8 1781 1799 1
3 638 657 0
16 2034 2066 3
25 440 477 1
10 283 307 3
15 3411 3438 3
6 2132 2150 1
3 751 760 4
2 2690 2708 4
10 3074 3088 4
30 2795 2835 1
40 2555 2601 4
8 151 159 0
5 2056 2067 4
7 2060 2081 1
11 1508 1531 0
50 2083 2135 2
5 1119 1140 4
16 2376 2406 4
15 2642 2675 4
8 1865 1893 3
2 1148 1168 3
3 3353 3360 2
14 1796 1810 3
20 2531 2571 4
10 1639 1667 4
18 396 424 2
4 3294 3306 1
23 3415 3448 4
11 1126 1137 3
1 1066 1071 4
2 1523 1525 0
33 2851 2888 1
7 826 833 0
6 2325 2343 3
7 3173 3182 3
33 2478 2521 1
4 2016 2020 0
45 3329 3384 1
12 184 196 0
90 799 901 1
10 216 240 1
6 1521 1535 3
14 290 318 3
10 715 739 0
20 374 406 4
8 2996 3022 3
5 330 351 1
14 3173 3201 3
10 2713 2727 2
5 1390 1407 1
14 920 952 3
25 936 971 3
20 3212 3248 4
10 2577 2607 0
16 1977 2011 2
5 1030 1053 0
10 3464 3480 3
14 2256 2284 0
23 2520 2557 2
8 2685 2699 1
25 1758 1789 1
16 3238 3260 0
80 3263 3357 1
12 3132 3152 3
18 1150 1176 1
1 3494 3503 3
12 361 383 4
16 1991 2023 3
10 1083 1099 0
10 592 616 0
7 2158 2167 0
5 751 776 4
10 282 294 1
15 2035 2054 4
60 651 717 4
12 2762 2784 4
11 2826 2843 1
33 2504 2537 2
2 2237 2251 2
8 753 773 3
5 745 764 0
3 1978 1983 4
5 2566 2575 2
16 1892 1924 0
8 2129 2145 4
5 2784 2793 1
4 61 83 3
12 1699 1727 4
50 556 614 4
26 123 149 3
11 1604 1627 2
30 618 660 0
8 896 906 3
8 2840 2848 1
13 755 780 0
5 2171 2196 4
3 3081 3098 3
15 791 822 2
20 127 159 3
5 220 227 1
2 892 896 3
6 2560 2574 2
10 90 112 2
8 3461 3487 3
3 3143 3154 3
30 3180 3216 2
20 26 54 1
5 1954 1977 3
7 3315 3322 2
20 29 61 2
11 3318 3337 0
23 500 543 0
15 1627 1650 2
16 1985 2001 2
6 2590 2604 1
2 2510 2516 2
25 1112 1151 1
5 2706 2717 1
2 2706 2712 2
100 472 586 4
7 852 871 2
10 1468 1486 3
12 2044 2064 4
50 2455 2523 0
23 2950 2979 4
13 1755 1786 2
50 82 152 0
6 1409 1431 1
6 1704 1714 1
40 238 288 1
15 685 720 2
20 928 948 3
11 878 895 0
5 3227 3252 2
20 967 991 2
60 2249 2321 2
20 708 744 2
8 3137 3149 0
50 2398 2448 1
1 2703 2718 0
2 388 394 4
9 3079 3102 4
2 109 117 3
10 1746 1758 2
22 638 680 2
10 3091 3103 0
3 3317 3328 4
5 1488 1497 0
5 3408 3417 1
7 399 410 0
4 1237 1249 4
10 1055 1073 1
6 3403 3425 0
15 2215 2244 0
5 119 130 4
5 1279 1294 2
9 2770 2795 3
7 3298 3311 1
15 3343 3374 4
12 2434 2462 0
11 1776 1787 0
2 1282 1294 2
3 1149 1162 3
12 566 596 0
10 1740 1764 3
7 2794 2817 4
6 164 178 3
14 2221 2251 1
8 454 476 3
30 2856 2890 0
3 3027 3044 4
2 2477 2497 4
5 2929 2936 1
45 3386 3447 1
13 2564 2579 2
16 3484 3516 0
10 886 904 2
1 315 322 2
14 617 635 0
1 2927 2928 3
6 1400 1406 4
6 787 795 4
5 707 712 3
10 2446 2468 4
30 1555 1587 2
2 2616 2618 4
20 1966 2006 3
4 870 894 2
10 2215 2233 3
4 618 624 1
8 2297 2313 3
5 1210 1225 4
90 1682 1780 4
10 3349 3375 1
11 629 652 4
35 2470 2515 2
2 737 755 3
40 52 94 0
90 216 314 2
18 2421 2457 3
50 1253 1305 3
12 207 223 2
10 2676 2706 4
7 766 775 0
18 2213 2233 3
16 2592 2610 0
5 1023 1032 3
5 238 243 2
50 845 903 0
8 158 182 2
6 882 896 2
23 1599 1636 2
1 212 225 0
40 1735 1777 0
1 1510 1527 1
