



















137.2
354.4
534.7
676.2
848.0
1044.4
1183.3
1213.2
1402.7
1531.3
121.7
182.6
200.4
207.5
311.1
422.2
527.5
469.6
460.3
583.7
17.5
55.5
100.1
337.5
258.5
663.4
983.0
625.1
949.6
810.3
104.8
179.1
262.3
337.3
336.9
439.6
753.9
501.9
687.4
845.9
6635.5
26259.0
58395.1
101198.9
157173.2
232278.7
309869.5
417865.1
503261.7
643500.5
279.3
511.4
673.1
990.6
1267.7
1403.9
1452.3
1802.1
1974.9
1975.8
9642.8
20378.1
31659.4
39911.7
49365.5
60190.6
67878.0
79108.5
89910.3
96860.3










111.1
209.4
298.3
403.0
501.2
587.5
677.9
832.4
913.3
1016.1









