23.1
61.1
35.0
69.5
76.5
74.6
117.6
124.6
179.0
121.9
9.2
11.3
12.1
17.5
21.4
22.1
24.8
28.2
30.9
33.7
11.9
44.5
95.5
182.4
285.7
431.6
575.9
753.4
948.7
1168.7
131.2
690.6
138.3
1131.5
1664.4
1387.6
2452.9
2570.8
2497.5
3198.4
656.6
1705.4
1508.0
1387.9
3222.9
2823.3
2979.2
5767.3
3594.9
4201.9
260.6
502.2
692.5
672.1
1028.8
1260.9
1906.3
1850.9
1966.7
2016.6
26494.5
99038.0
234271.8
495505.9
821215.3
898279.2
1286292.2
1461061.4
2031161.1
2766988.7
31.3
46.9
64.7
57.7
149.2
458.4
543.8
658.0
669.3
564.2
160.6
636.8
1270.4
2216.8
3313.3
5037.5
7123.0
8699.8
10852.0
13977.8
32.3
51.9
82.5
65.3
82.5
91.0
201.4
75.6
113.3
247.2
419.5
620.2
955.8
1288.3
1287.2
1514.0
1857.6
2330.8
2715.3
2421.5
180.4
753.8
2193.9
3027.4
6545.4
8934.5
11021.2
10773.1
12959.5
20134.2