62.7
167.7
140.6
228.3
374.6
331.9
488.1
542.8
618.5
535.8
44.8
168.3
273.2
372.2
592.3
657.9
725.8
795.0
803.0
877.6
33.7
123.7
255.6
465.4
706.4
1027.6
1373.6
1809.4
2297.7
2801.7
231.9
1528.2
502.4
2414.4
3446.5
3249.3
4998.4
5242.6
4820.1
6907.4
6798.5
23354.1
24569.5
30396.5
60486.9
66248.4
66527.6
104776.0
93930.9
96750.3
351.9
735.3
1086.0
1157.5
1647.5
2069.4
2884.3
3053.2
3247.7
3375.4
44868.5
173833.1
443524.4
905629.9
1348512.2
1468430.7
1828321.5
2030515.9
3059004.7
5615366.7
60.9
155.1
254.6
362.4
531.9
987.5
1327.5
1448.7
1500.7
1776.2
382.6
1478.7
3156.2
5533.8
8422.1
12558.7
16994.5
21748.4
27262.8
34625.3
66.0
97.8
234.0
242.6
257.8
255.6
473.1
357.5
354.6
628.9
658.6
883.6
1625.5
1949.3
2071.2
2381.0
2877.9
3830.9
4365.6
3870.3
549.8
2253.1
4259.0
7540.6
11006.4
20187.2
21430.1
20048.3
24368.4
36736.9