



















115.1
320.8
484.5
624.0
768.9
951.1
1087.1
1117.8
1288.5
1430.0
118.7
191.2
220.6
279.6
419.8
494.3
613.4
636.2
635.4
736.8
4.6
32.4
49.7
225.3
145.3
476.0
797.6
540.1
709.3
678.3
66.1
140.0
231.6
350.9
385.1
471.2
637.5
593.3
743.8
826.6
3756.4
15835.6
38311.4
62680.0
102166.8
139409.8
198128.1
251519.5
320439.4
402271.0
254.3
434.7
642.1
846.1
1164.8
1232.7
1250.9
1506.2
1765.5
1761.7
9793.1
20526.4
31094.9
41096.7
48670.4
58399.8
68768.3
79898.0
88397.5
96151.3










98.5
199.2
282.0
376.2
470.6
557.7
642.5
762.0
866.3
936.9









