23.0
64.0
39.1
74.8
86.8
91.3
137.6
144.3
204.0
140.3
9.7
12.7
13.9
28.0
32.7
30.3
34.4
39.7
44.5
49.1
13.0
50.3
102.0
193.6
297.2
444.3
588.0
773.5
972.5
1196.0
132.4
675.9
143.8
1145.3
1695.8
1420.8
2472.4
2615.4
2537.3
3252.9
497.5
2024.0
1686.6
1506.8
3809.7
3352.0
3618.2
6661.1
4124.5
4766.3
249.6
488.2
666.7
647.0
1036.1
1241.8
1902.3
1855.8
1974.7
2033.0
25684.2
96941.5
231643.5
493708.0
817788.5
887988.3
1281235.8
1442727.2
2021271.9
2760196.7
32.9
50.8
70.2
72.7
157.0
489.0
561.9
694.3
704.9
623.3
161.3
647.0
1259.4
2221.3
3283.7
5029.3
7122.9
8666.0
10772.0
13891.9
32.9
54.9
89.2
73.6
94.8
108.4
222.3
97.7
139.6
268.1
413.9
613.7
952.5
1278.6
1299.0
1530.3
1892.4
2373.7
2747.6
2475.5
200.9
837.4
2336.2
3227.7
6734.1
9203.5
11519.4
11150.2
13424.8
20798.5