400
10 22 20 761 18
4 29 16 1775 29
5 20 16 3201 28
33 17 6 860 1
22 15 18 3258 21
3 10 8 3494 9
7 21 17 3715 14
25 10 9 805 38
8 14 1 1133 14
9 7 14 2190 12
2 4 3 883 20
5 6 3 767 40
39 12 9 3199 39
30 14 16 2071 28
8 12 2 1651 9
9 16 16 2199 29
8 28 13 3197 13
25 6 14 2697 33
26 10 3 2190 40
29 6 13 149 17
2 23 18 403 24
6 30 13 2483 26
31 16 14 2367 21
3 4 9 3638 8
8 21 19 1470 14
4 10 16 341 29
5 5 5 1489 39
6 24 12 3736 13
7 9 6 228 4
1 17 14 606 34
25 15 17 3459 23
20 10 1 2356 5
2 22 11 2586 34
9 14 14 3080 7
9 14 9 981 24
5 17 17 667 31
3 24 5 1118 36
29 20 19 1125 20
22 13 5 1046 35
10 6 2 1953 12
24 20 17 395 35
40 3 11 358 29
4 23 3 721 39
35 15 4 2215 35
33 11 20 2944 25
40 11 6 3279 28
4 5 1 2243 39
4 4 1 153 2
4 22 20 2187 31
6 18 10 1930 39
8 10 5 1283 12
25 8 7 3367 24
3 4 12 2794 25
32 15 10 2351 27
37 16 18 3485 26
8 10 12 767 11
31 3 15 1350 37
9 27 11 3395 27
9 7 19 208 40
39 8 14 1956 30
31 10 1 3867 24
33 10 16 1940 27
9 8 15 2992 1
23 2 3 3157 7
5 3 6 3233 13
8 24 16 2335 16
8 10 7 2302 7
1 27 4 3311 7
38 4 17 3364 20
36 11 18 3882 30
3 29 11 815 25
9 27 1 1081 25
21 4 1 2726 16
1 30 13 3827 36
10 5 1 1134 31
1 28 20 2427 21
36 17 20 2176 35
8 9 20 3183 40
5 25 14 1092 13
20 20 8 1312 21
22 3 1 3275 15
1 18 17 667 34
6 20 18 2759 30
5 25 5 3906 1
10 18 11 195 14
4 17 16 2921 25
9 15 10 1169 40
28 18 16 2622 40
5 30 12 894 22
5 27 20 1925 29
26 10 5 867 8
6 9 8 1591 40
4 28 20 576 20
26 4 2 1709 11
7 30 8 3720 23
1 19 8 406 17
32 15 5 1678 30
38 10 9 3811 2
27 10 2 1422 26
26 12 5 3760 9
1 25 8 1383 21
34 16 11 2219 26
5 3 18 352 17
5 27 9 453 4
8 17 4 242 39
9 30 14 3180 3
2 6 5 367 33
25 7 2 2294 13
6 15 11 1834 27
9 21 15 1683 39
5 25 9 3987 38
36 18 2 3436 16
3 13 1 2863 20
28 17 11 3038 29
9 23 18 2241 25
5 2 7 72 38
8 8 4 2808 19
2 10 8 753 38
9 28 20 1956 38
1 12 10 3210 19
5 25 10 3760 6
4 15 15 2010 4
9 13 8 3015 40
27 20 8 3591 35
21 17 17 2040 26
32 15 13 959 37
2 5 12 2978 3
6 6 1 1523 17
2 20 18 1193 25
34 18 1 2177 11
26 15 13 3996 10
4 9 14 3925 31
4 1 11 1146 8
9 24 10 1018 13
9 15 5 1839 9
9 8 3 3875 28
35 4 6 3105 3
37 16 14 514 34
1 25 19 743 8
4 21 13 3455 38
20 11 3 703 3
25 17 15 2949 32
4 30 19 2233 37
5 5 5 3722 11
40 15 5 2250 26
1 6 14 2759 24
4 10 1 3507 10
34 10 14 3107 29
4 5 8 74 18
21 16 17 3811 28
1 7 3 2796 27
5 22 19 64 10
2 28 20 343 26
9 30 14 3226 10
10 4 15 589 11
21 4 1 3054 23
24 19 17 771 37
6 27 11 3881 12
38 14 10 2395 36
36 10 10 782 23
36 12 5 456 23
7 29 2 1986 39
2 30 13 2045 21
1 6 10 500 15
8 13 9 336 37
1 30 15 2749 36
37 9 14 2932 13
6 24 19 3073 17
2 5 4 3311 1
4 3 4 3215 25
3 24 13 2588 23
6 3 19 1326 17
2 7 14 952 37
8 9 11 2843 22
4 15 9 1510 7
9 27 3 3320 40
7 24 9 984 7
28 19 13 2335 25
7 22 2 2339 25
7 23 2 3692 16
2 23 13 2321 31
31 19 5 945 12
1 11 4 1593 1
8 4 6 2106 24
5 18 18 456 40
35 13 20 2423 27
4 28 6 1288 17
24 11 9 3371 20
21 14 20 1014 13
5 22 18 1920 38
21 20 12 1616 24
9 23 16 1614 32
3 1 20 3308 15
6 15 7 567 11
32 3 11 3605 24
7 27 18 288 25
24 20 1 3597 36
33 6 12 2902 24
39 19 20 3952 21
1 26 19 605 8
2 21 13 30 33
5 24 16 3507 35
4 30 1 3696 9
1 6 1 1468 6
9 11 2 1199 29
5 29 20 1573 32
9 28 20 1127 34
6 18 9 2557 9
3 19 10 3691 23
4 9 8 3848 25
5 21 8 3403 3
10 7 18 1775 32
5 2 7 3515 38
7 9 4 3224 17
23 15 2 2545 5
3 14 14 2236 14
4 26 20 1652 21
9 4 14 524 3
2 27 20 3329 5
2 6 14 559 36
7 6 11 1670 32
5 19 10 2037 27
4 5 15 1894 27
9 28 3 84 40
1 4 4 2677 9
8 20 16 1230 23
10 26 2 556 37
10 27 9 925 39
9 26 11 3438 26
22 10 5 410 6
34 2 10 3329 31
1 10 5 1911 15
37 16 1 1428 33
33 14 9 1154 38
31 18 10 2711 10
1 10 3 922 19
4 13 1 758 15
10 15 13 3904 6
26 8 5 3714 29
10 28 15 1417 27
7 25 1 1427 13
5 15 11 308 20
3 10 2 1888 12
29 6 2 1620 28
21 14 15 3285 26
5 21 20 3204 18
2 9 2 1116 26
37 9 1 551 21
38 15 2 1484 24
5 18 16 2022 14
7 7 18 453 7
5 28 18 1274 10
23 17 4 2078 25
33 7 2 2780 34
28 18 7 638 26
5 14 3 470 2
5 24 17 2855 35
40 20 3 153 22
6 23 15 150 23
23 11 5 1720 14
4 19 14 1387 6
5 19 15 3173 21
9 10 6 2950 28
9 28 9 966 20
26 19 2 3565 12
5 15 7 3630 20
7 28 13 894 26
9 27 18 3848 40
31 16 7 1750 39
3 28 9 3145 25
10 9 1 1881 39
10 4 20 2712 12
34 18 20 3183 38
20 6 9 2413 9
24 9 10 559 24
24 13 19 1412 31
21 12 13 3283 1
5 3 17 756 13
5 9 9 1337 26
35 12 3 3360 22
5 11 4 1304 27
8 19 2 238 19
37 13 18 3515 28
30 11 11 56 27
21 18 13 3325 37
5 27 15 2654 7
5 9 2 265 9
27 9 8 2922 30
7 30 10 1886 9
6 26 4 2423 37
24 13 19 1946 24
6 3 17 2470 13
9 5 8 634 31
3 18 14 2853 31
5 1 11 1451 17
25 10 1 2993 18
35 18 14 24 18
2 10 8 3008 37
6 21 19 2860 35
29 3 5 937 20
4 27 14 378 28
10 23 8 1160 34
40 13 11 3961 22
1 17 4 2228 40
7 15 10 1692 7
2 5 6 3295 1
9 18 6 1768 4
1 12 4 1759 3
8 17 8 2763 34
40 10 13 1596 37
35 7 18 3408 29
26 8 11 2442 30
1 26 10 755 25
6 24 20 1121 13
1 28 20 3695 24
5 19 19 3033 33
26 5 17 2984 24
29 17 5 729 19
28 10 12 82 27
5 7 7 3323 18
6 18 18 1025 30
7 1 1 1245 26
7 25 19 929 37
10 2 12 314 36
9 28 1 411 1
22 20 17 900 39
9 23 20 3630 7
2 12 9 2223 20
33 9 7 1231 16
1 29 3 303 18
31 19 6 2944 23
2 27 17 355 7
1 10 9 1764 37
27 16 3 2646 27
9 8 14 2140 30
30 15 1 435 24
3 9 8 849 38
1 16 13 2310 33
7 12 2 2589 29
8 21 19 3460 36
4 5 5 1714 1
4 7 1 2672 19
5 6 11 2241 26
8 13 5 3704 29
8 20 7 1728 13
40 20 5 3048 39
8 21 7 3319 4
10 28 12 3412 3
23 14 6 2081 35
10 30 1 2536 14
10 15 2 158 39
1 29 15 1052 27
5 9 20 3273 17
10 20 3 2800 23
35 19 14 3409 33
26 19 13 1612 20
20 10 3 2570 29
3 9 9 1861 27
26 16 7 789 13
29 10 14 3979 28
2 9 14 2937 13
8 22 20 1309 34
38 11 3 1198 32
34 12 11 3799 29
31 12 9 540 39
1 3 2 1272 32
31 1 14 530 9
20 8 7 3804 18
38 6 7 794 2
6 9 9 465 10
10 9 3 2336 1
35 13 11 2890 25
3 30 2 2755 5
5 20 18 3657 11
10 25 9 737 31
10 26 2 988 22
35 15 1 2220 31
40 11 19 1249 24
4 23 17 3036 20
8 29 18 33 39
30 13 5 3255 36
10 11 10 1659 2
10 10 5 1065 19
5 21 13 2942 26
9 23 8 2141 16
26 20 11 3962 20
6 30 19 1855 7
25 9 3 258 31
7 2 16 3730 34
7 14 5 3435 23
27 15 1 3865 3
31 14 17 80 25
1 23 16 2463 37
1 18 13 1803 14
2 27 14 3442 24
8 12 7 2246 17
6 22 7 926 29
10 7 10 903 24
1 2 5 1469 34
2 7 18 2853 26
