350
37 18 17 882 8
23 14 19 1267 39
5 22 5 2900 15
38 3 19 1968 37
30 10 6 1152 22
4 17 9 748 8
6 10 19 2351 1
3 10 8 3277 4
40 7 10 3277 33
4 17 16 1521 18
5 29 1 3362 24
8 23 13 1776 24
32 19 16 1310 32
37 11 8 1047 28
21 13 1 2739 2
24 1 8 2492 20
4 19 7 846 19
33 13 16 1094 37
9 13 2 1068 38
9 7 5 998 9
31 19 17 1760 34
23 20 15 2712 32
7 29 20 407 24
9 17 14 1187 25
5 10 9 2262 15
6 6 4 1359 15
3 26 9 1490 38
3 18 3 2148 32
2 10 8 3471 38
8 10 10 254 6
3 20 20 1369 34
6 23 4 746 5
8 30 3 332 26
34 14 4 171 23
32 1 9 1408 1
9 6 18 3075 33
7 10 8 227 12
8 10 17 1829 11
37 17 9 1435 22
6 8 16 3209 37
20 19 7 650 21
29 4 4 2493 26
40 13 19 475 34
1 13 9 2224 37
6 2 17 1458 34
8 9 17 77 40
37 11 15 182 31
36 13 14 1826 20
24 14 9 1418 32
27 9 15 2843 32
2 2 12 637 19
6 14 13 916 18
39 14 4 2246 31
40 20 4 801 30
1 21 17 821 34
7 14 14 239 20
10 30 3 2014 38
6 29 10 1280 33
23 8 7 3334 17
21 19 18 512 23
24 13 6 1920 12
6 17 14 1492 23
1 24 9 1762 8
21 10 6 682 23
29 13 10 1001 20
36 11 11 3348 10
29 12 14 788 6
3 4 17 3421 19
1 29 9 2883 40
28 14 14 2231 39
5 21 3 1482 24
3 5 2 423 35
30 9 9 3063 35
1 9 6 3229 15
5 1 15 2737 31
2 8 5 1525 28
27 16 11 145 25
33 15 5 817 1
4 17 9 829 17
26 16 11 2227 30
3 18 9 251 12
4 28 16 2474 26
28 8 4 309 25
24 15 15 1389 26
1 25 20 1596 30
5 10 8 1202 24
7 13 9 2733 19
5 16 3 1228 24
6 8 16 2438 31
4 30 18 464 22
37 12 7 1003 28
22 10 19 775 1
8 8 5 2050 35
35 15 9 386 21
6 3 3 1557 31
3 4 17 1729 9
22 20 3 3350 22
8 1 17 2972 5
34 20 4 565 22
37 17 3 1691 37
8 12 11 551 28
9 22 20 3365 15
5 5 8 1385 17
3 2 3 278 12
35 15 14 1718 22
5 8 9 2165 14
7 26 15 2933 29
40 20 16 3445 23
4 27 17 1398 25
3 17 11 2160 3
9 26 6 3388 19
22 13 4 2767 16
30 11 11 2652 1
5 18 7 694 22
26 15 15 1803 40
3 27 11 2350 3
23 19 7 3071 16
24 20 6 270 36
10 29 7 1956 4
6 20 4 529 35
27 11 16 1774 30
20 10 5 1054 29
33 20 17 457 28
36 17 6 1103 21
1 21 13 2516 15
3 17 5 2403 36
9 2 11 1955 24
22 4 1 3092 3
20 10 19 3400 14
4 27 10 1012 21
33 17 1 446 32
34 6 4 2497 2
9 6 15 1462 22
9 8 10 69 34
1 28 6 273 13
7 7 7 2981 39
2 25 20 2088 39
30 2 4 1036 39
40 16 5 1172 17
4 11 3 2528 38
8 7 9 2932 27
36 14 6 581 35
10 23 18 2237 10
7 8 15 284 20
39 7 16 1461 13
5 20 4 1590 11
1 12 6 1663 29
4 5 3 2756 8
28 13 2 3334 23
34 7 10 1853 35
2 6 20 2350 23
1 20 16 2739 32
5 20 19 889 39
9 8 18 1847 20
8 6 9 1380 3
25 20 2 3408 23
5 23 10 1447 9
5 14 1 1245 24
9 1 15 1763 2
27 8 17 2820 25
3 3 19 2366 20
1 23 18 2763 20
1 5 2 1622 21
4 21 12 2713 31
26 19 19 201 32
8 27 8 2350 28
3 10 3 233 3
3 11 8 3450 3
23 4 20 2686 11
39 3 9 1437 29
3 27 18 1733 11
31 7 4 1594 18
3 29 16 950 22
38 14 17 2535 16
8 28 17 651 10
9 11 7 2398 28
5 12 5 299 35
39 6 3 3147 22
39 2 20 2411 21
8 18 12 395 19
32 17 19 2754 39
1 5 2 3014 11
10 17 16 1371 31
8 18 14 1178 25
22 14 18 1825 15
5 16 9 1982 14
3 21 4 2356 29
6 25 19 3470 40
10 27 1 1926 4
39 11 2 810 16
9 10 10 1976 18
32 13 2 2823 20
4 10 10 1217 10
23 16 3 1947 21
27 5 15 429 22
34 9 17 369 1
7 18 4 2719 26
4 9 7 1015 16
28 8 7 1868 32
24 14 7 516 20
3 10 15 739 38
25 17 18 1886 31
33 18 4 1346 20
23 10 2 1110 37
4 18 15 525 2
5 17 3 2969 17
6 22 7 3265 9
38 19 15 3399 32
1 3 5 2644 18
39 15 10 1962 25
37 15 20 2256 33
9 2 10 639 1
34 12 17 2319 34
33 14 4 1925 12
2 26 13 1439 38
10 29 16 115 20
30 13 20 2891 18
37 16 5 552 38
5 3 16 676 39
3 30 18 757 33
3 16 12 21 23
27 18 8 3263 5
39 13 19 569 28
10 15 12 1831 32
39 16 15 2338 31
39 17 16 1638 25
23 9 4 1194 8
36 2 9 2129 20
7 10 18 2442 33
32 2 20 2475 28
8 30 9 2310 37
38 18 14 361 25
22 15 1 882 14
40 1 8 22 14
8 3 2 3266 19
27 20 1 612 32
24 2 5 2212 33
6 22 7 1600 9
5 20 16 2584 32
38 4 19 2894 39
5 24 11 885 32
8 9 12 3046 38
7 19 9 2516 17
9 5 12 750 19
23 5 11 3338 8
10 21 2 397 36
27 19 15 2053 31
35 12 4 951 32
27 13 6 1306 10
3 6 2 871 19
28 17 19 1045 26
3 26 7 1883 12
1 9 2 2935 3
6 26 10 2457 40
34 16 7 2953 39
2 20 13 2897 22
33 17 18 1685 21
6 12 11 2851 24
2 22 14 118 10
38 4 11 116 24
10 21 19 3224 36
3 22 20 832 20
4 29 7 311 8
2 12 2 2193 17
7 16 12 580 21
22 13 3 3354 40
31 12 1 175 31
3 26 20 1202 29
1 19 14 1475 9
26 14 17 2995 30
20 10 18 1114 29
20 15 11 2129 9
38 12 12 449 36
3 29 16 905 17
10 28 16 3317 37
26 4 7 1783 23
5 9 6 1976 27
1 15 12 1047 6
6 9 8 223 39
31 18 20 738 22
5 7 1 219 1
3 15 10 1386 20
2 21 7 33 9
4 26 6 3262 18
3 8 18 1099 11
1 6 5 2811 32
4 24 7 2798 7
26 3 3 3432 33
1 9 13 748 4
25 15 14 460 34
27 14 4 265 24
4 25 10 2905 21
28 18 10 3038 17
22 2 14 2922 3
34 17 15 1303 35
8 7 11 242 19
9 6 10 891 17
2 13 6 1675 6
8 10 6 2296 31
3 23 19 2771 39
1 29 9 2170 25
38 17 9 2131 21
26 13 7 3059 14
8 1 3 1610 4
7 10 7 415 3
8 26 18 1409 12
5 27 13 1806 37
30 16 11 2438 36
3 27 3 3412 26
9 6 13 1756 27
2 23 19 1682 34
10 28 17 1278 20
4 28 3 2907 36
1 27 15 3453 20
10 19 9 703 22
38 14 11 1027 23
25 7 13 3026 21
7 16 13 2978 25
2 3 16 1246 10
3 23 5 2287 27
4 26 3 3362 24
1 27 20 177 7
6 15 10 1493 17
9 7 20 879 30
10 16 15 111 23
32 13 12 2139 37
26 3 15 683 31
38 19 19 756 38
5 21 12 360 17
23 19 20 3325 32
33 7 19 1348 27
36 17 20 2950 38
30 2 4 3066 12
26 20 20 1161 38
10 15 9 2922 40
25 15 3 2931 30
8 18 7 2787 23
6 28 15 955 20
2 23 8 2485 24
6 1 2 3424 12
37 9 16 337 1
4 18 12 443 14
4 24 20 3406 20
32 4 8 2763 28
7 24 17 1163 36
33 12 4 2946 21
5 6 3 1754 13
6 9 6 2809 6
29 10 3 1161 9
10 18 11 3340 24
