50
4 8 15 496 9
34 15 17 101 40
4 18 10 76 22
3 19 10 435 30
34 8 7 267 21
2 8 6 169 17
7 27 10 331 35
1 2 2 492 9
2 4 3 282 28
40 14 15 85 22
39 14 5 445 35
7 8 13 295 26
5 13 10 339 22
29 20 1 267 34
5 23 1 130 1
26 5 8 188 15
3 7 18 468 4
40 1 20 422 36
6 1 12 252 18
5 27 20 492 23
31 18 15 76 5
10 13 7 426 19
40 15 10 17 19
2 25 6 297 35
28 10 8 384 32
6 29 13 482 34
1 3 4 181 8
8 15 3 134 34
10 15 14 310 5
1 9 3 125 10
1 23 8 486 25
2 4 15 248 14
26 6 8 324 23
7 5 4 294 39
24 13 16 171 17
10 11 8 165 5
6 1 16 200 24
9 26 19 21 37
31 18 1 450 21
33 7 13 349 21
1 15 14 122 24
28 12 6 36 7
8 25 8 482 39
4 25 13 441 38
3 23 17 497 32
4 14 13 418 14
10 29 13 16 39
36 4 20 351 31
8 13 9 354 24
3 15 15 320 33
