300
9 18 14 2907 20
10 22 6 2775 11
8 1 2 1695 11
24 11 9 2298 12
36 14 15 2425 30
4 22 18 2010 31
26 11 11 1895 23
8 25 16 2139 29
8 17 17 2210 6
10 3 19 1073 9
25 4 19 409 40
9 6 14 2966 11
33 12 4 556 14
8 25 10 2312 15
4 18 1 1644 35
5 4 9 179 30
3 3 12 335 35
4 21 19 576 29
3 14 3 1104 30
8 25 14 1120 20
9 19 13 430 26
3 18 7 1549 4
8 21 11 2803 34
3 28 19 141 11
22 19 5 1524 18
6 11 4 2296 14
25 10 18 1302 32
2 12 6 1765 15
3 7 2 1985 25
4 27 6 2169 37
3 27 13 2686 26
21 6 6 2487 20
2 4 12 1524 37
34 12 1 956 37
28 1 11 654 22
36 18 20 1008 23
21 19 2 806 12
25 7 4 1606 34
1 10 18 2910 31
28 15 7 2959 23
6 8 13 1420 5
30 8 5 1379 8
20 19 11 2141 13
38 12 13 1522 33
9 20 12 180 35
9 10 8 442 4
4 5 14 2110 28
24 11 9 99 7
23 1 17 762 26
24 18 9 796 7
6 29 19 1066 17
9 11 10 1878 18
8 19 17 1478 9
2 26 20 2692 35
5 18 15 119 34
7 20 8 1012 21
9 22 14 129 33
28 2 1 2094 38
8 9 2 1670 25
4 6 14 265 21
24 14 14 1444 8
20 19 11 1469 27
8 29 12 2217 40
9 22 3 2289 4
40 6 14 2683 30
3 20 12 460 33
33 13 8 2213 30
30 18 10 2878 39
21 12 15 93 20
6 24 10 1132 7
2 21 16 2361 20
1 4 6 2517 17
27 12 15 2508 10
7 1 14 2626 14
21 16 15 927 23
3 14 14 1772 2
9 2 16 1872 3
10 20 4 1017 7
36 17 19 2656 4
5 10 18 959 17
33 11 14 1318 9
1 27 8 2425 33
3 25 20 15 36
8 28 16 158 7
9 22 9 2630 23
10 5 17 2922 29
40 14 8 2133 40
22 14 12 1426 23
27 12 7 2972 28
29 20 10 860 38
4 12 7 1196 7
23 10 1 2022 16
31 2 18 2025 22
6 8 15 1629 26
7 7 5 2630 32
2 5 13 1460 3
6 14 11 66 26
4 6 1 2876 19
33 19 1 821 30
37 19 19 2109 39
1 14 6 1346 36
3 23 7 1176 26
3 15 4 1989 34
38 14 4 1231 33
4 20 1 2455 25
31 12 13 1955 17
37 20 18 109 35
33 10 20 275 40
9 29 15 1986 38
6 19 15 1569 20
32 17 4 2531 33
7 26 20 123 20
5 17 2 2887 19
28 18 13 1220 26
21 7 12 2786 28
32 8 5 503 14
3 9 4 912 5
23 11 17 219 21
3 15 14 87 17
38 18 19 101 26
5 28 19 1935 15
6 6 8 232 29
21 10 18 1639 13
22 16 7 1958 38
23 10 15 75 23
28 10 15 2863 33
31 13 19 257 39
3 13 10 1048 24
8 24 16 1661 24
40 20 4 794 25
24 17 9 693 30
4 28 11 1225 10
31 13 12 2572 35
9 23 5 1195 23
33 17 8 840 11
34 18 16 434 31
9 21 15 583 17
32 18 3 392 38
8 21 5 2898 13
5 20 16 2169 40
7 1 5 772 36
39 19 11 1224 32
3 4 6 931 25
8 25 11 980 24
22 20 11 222 35
9 6 3 2524 39
21 2 10 991 33
9 17 16 1800 10
7 22 16 15 23
3 8 5 559 38
10 27 19 1327 22
31 11 13 2086 35
8 23 4 100 9
32 3 15 1190 39
36 10 10 1445 32
7 26 16 1524 2
33 1 19 1648 12
35 20 14 976 36
8 15 11 94 14
2 28 13 1846 38
1 27 17 1275 33
29 4 16 2462 38
35 4 11 1916 29
21 7 1 662 7
1 25 16 2389 24
20 3 17 2851 20
25 15 18 229 26
34 12 2 449 1
4 2 16 1528 8
7 30 20 1676 15
36 16 18 225 23
8 8 1 112 9
7 17 12 795 34
1 21 10 2929 20
6 7 16 1346 30
7 13 4 2039 23
27 5 7 1017 9
24 5 4 2138 28
40 14 1 2634 23
10 5 2 2590 34
2 15 14 2842 24
7 13 11 1464 33
4 7 1 1864 15
6 3 2 1089 22
3 2 4 51 31
7 22 18 2516 3
36 12 19 1375 36
23 10 15 2825 20
4 23 16 2594 34
2 3 12 103 20
7 9 11 398 1
8 23 4 430 25
3 28 16 2939 20
9 25 14 2082 40
23 8 14 2783 11
31 2 20 1966 39
7 29 7 918 24
31 2 13 2208 30
4 8 5 2313 28
10 25 5 1470 18
8 22 19 2420 8
30 4 3 2013 21
32 4 9 1592 38
1 9 9 1621 19
10 24 14 1504 24
32 16 8 1058 6
3 7 5 1860 15
4 24 13 881 28
5 7 16 2018 20
33 19 3 2651 29
10 22 6 1542 13
8 15 6 277 26
9 17 17 2448 24
5 27 14 2520 2
10 20 20 1804 30
21 3 1 1817 23
8 17 7 1957 29
10 1 17 902 5
10 8 6 2854 28
9 23 18 1896 35
7 1 14 123 12
25 12 3 510 35
6 6 18 1183 20
7 11 1 2917 35
10 19 8 2557 20
26 19 6 2514 4
9 13 9 1371 4
2 29 16 485 23
24 16 6 1052 23
7 26 1 2882 38
37 4 19 1335 9
5 12 7 2492 11
7 15 14 2435 36
10 30 8 2735 28
4 4 8 732 20
34 11 6 1156 14
25 18 16 762 26
33 11 18 1097 31
6 22 11 1813 37
2 23 19 1342 39
37 2 9 2567 30
8 10 19 1913 37
5 16 15 1668 28
33 20 15 1160 19
32 19 4 2128 23
10 26 13 2836 32
10 13 11 98 33
3 15 12 720 5
2 25 20 856 7
10 26 20 1480 20
10 10 9 1249 24
23 10 17 2437 28
7 30 18 736 29
10 30 11 287 9
28 20 1 862 30
40 4 20 1608 29
1 20 16 1131 18
3 19 10 1314 7
4 22 12 1207 14
3 7 12 2181 31
1 22 19 790 20
6 24 16 2554 36
4 24 14 228 5
4 16 2 1257 33
3 12 5 599 25
3 29 10 1437 36
20 9 16 2415 33
35 1 4 1071 9
4 3 2 2364 16
34 3 14 52 8
2 27 20 1083 7
33 1 13 1409 25
26 11 11 2025 12
23 17 20 279 28
10 24 19 931 39
8 21 17 782 20
38 2 18 1028 34
22 10 10 2222 1
1 3 9 1965 19
20 15 1 2043 2
10 29 19 1058 23
29 11 13 2721 26
5 3 20 2065 15
10 19 18 1787 37
25 18 14 96 36
22 14 5 1096 23
10 2 1 538 24
9 23 14 176 36
2 19 17 2485 39
6 18 14 2985 30
1 22 3 391 34
20 10 11 2975 26
9 9 19 235 21
29 10 19 1205 40
9 8 19 2685 25
2 17 14 454 24
9 20 11 1512 26
7 26 2 1328 35
8 17 11 2575 30
2 26 13 1700 35
