450
25 20 18 1700 26
9 1 16 3006 9
23 16 7 3561 9
26 17 15 4007 20
7 26 1 2701 6
9 21 15 629 28
6 25 17 890 39
25 15 13 3178 6
6 25 20 1402 27
2 9 4 1589 15
8 18 10 56 26
6 6 10 1519 26
2 21 19 4459 38
22 10 8 4204 2
24 4 7 2872 28
33 19 12 2622 23
31 4 7 3834 38
8 6 8 1016 4
4 3 11 2153 36
34 18 14 491 21
8 6 14 474 39
4 19 14 2993 31
8 10 18 804 37
2 5 8 63 2
10 27 17 2835 3
8 14 1 1187 15
35 10 18 2283 28
7 3 11 1450 35
2 10 4 3499 8
22 12 11 1244 22
8 23 9 710 29
4 2 16 3243 11
1 30 15 2689 22
2 2 8 4101 8
10 23 15 2737 34
4 3 14 3809 2
8 28 11 4444 38
9 5 16 3839 5
25 2 6 2821 35
3 25 1 3620 14
1 29 12 3298 21
35 16 9 3827 40
10 16 10 3578 9
1 3 1 1725 20
39 6 20 4442 20
8 17 4 823 31
1 21 16 335 3
37 12 8 1179 37
5 22 20 2356 13
10 29 9 1886 39
5 18 11 339 29
37 17 3 2057 20
5 24 16 3796 38
7 5 12 2959 14
37 4 4 3932 3
4 11 10 1709 31
9 29 5 2083 39
7 19 15 756 37
23 2 5 1633 33
34 12 4 2877 36
4 21 18 406 21
10 3 1 3565 8
31 15 9 4135 11
8 24 17 3791 35
7 16 14 2228 15
5 10 14 4390 4
3 27 4 2357 18
6 28 14 178 5
1 24 10 1071 32
6 12 2 4440 37
29 14 15 4106 35
37 11 13 2062 38
6 29 5 4097 29
4 29 20 3374 7
6 9 1 2726 10
3 8 2 1699 39
7 30 16 2478 34
1 9 4 3838 8
31 11 1 1283 8
5 10 5 3848 29
4 27 13 1830 20
39 9 9 639 33
1 8 5 1691 6
2 11 3 1079 19
4 3 9 2784 8
35 1 6 572 24
3 27 18 1418 7
3 26 4 2235 2
34 19 12 4252 28
8 10 10 4031 26
2 22 18 4439 25
5 10 13 622 17
10 12 12 494 10
35 6 9 4187 17
4 24 16 4278 36
2 28 17 4238 34
32 9 4 3933 23
10 20 8 3630 31
10 21 10 1623 7
3 9 17 1909 18
3 26 19 2336 25
2 27 18 4428 26
6 5 10 1748 20
7 2 6 3186 17
10 20 16 1698 18
21 20 18 224 35
7 13 12 1252 22
1 15 15 4377 5
40 18 14 1080 35
38 7 3 2674 35
26 19 7 855 39
8 19 1 1801 16
8 27 17 2094 36
27 10 4 4171 30
8 17 16 3189 25
5 3 15 979 3
6 22 17 2518 35
4 18 17 2905 7
2 28 14 1681 21
5 5 19 4269 7
25 20 20 3437 34
4 22 5 1766 34
10 19 11 644 23
21 1 2 1982 40
10 9 18 1799 37
1 30 15 2783 29
24 2 17 3422 21
7 29 13 2098 27
8 2 12 2790 12
1 13 9 1211 23
26 9 10 3842 12
37 4 17 2586 35
4 11 1 2686 15
8 27 16 1120 26
34 6 4 3478 24
25 20 4 131 35
22 2 2 1076 15
6 29 16 1400 37
9 27 14 1244 25
8 23 20 1352 32
4 9 2 3584 34
7 6 8 1704 32
2 4 20 454 5
6 3 15 4371 40
6 28 15 2631 25
24 7 20 303 9
6 28 5 2261 28
1 7 8 3161 11
30 5 13 4141 11
4 25 6 2881 11
6 14 13 1659 17
6 18 5 4448 11
29 20 20 1732 40
9 26 20 3461 28
6 8 9 1759 34
32 2 12 1107 14
20 13 5 4419 15
1 17 3 811 39
4 6 2 1666 19
32 11 12 918 35
6 20 15 2457 28
2 17 13 4439 9
1 17 15 1616 3
4 10 8 250 20
38 13 19 3105 28
25 20 19 2351 22
32 18 9 998 13
9 8 9 3282 5
28 19 1 4404 1
8 5 14 3263 36
1 16 14 1511 28
10 22 5 1690 3
25 13 17 1940 40
3 17 17 1255 24
3 21 7 135 34
10 21 1 2271 12
23 9 6 3545 1
6 17 14 2930 23
8 23 16 2609 29
20 17 7 584 12
1 4 14 576 19
4 23 15 4157 2
1 2 18 3763 20
9 22 17 1568 32
5 20 13 2624 3
28 11 13 3146 15
1 30 18 877 32
2 24 14 2604 9
20 5 7 3273 31
4 12 5 3626 23
6 21 15 817 26
9 2 13 3733 5
1 29 19 675 29
40 15 18 535 36
5 23 3 2395 7
9 1 3 623 2
32 3 20 3728 23
26 18 12 109 13
35 11 15 1039 20
5 2 7 4025 5
29 19 10 3904 39
38 9 4 1343 34
1 21 13 2321 35
32 15 14 3441 36
21 20 9 3446 23
4 23 5 1569 19
7 8 16 518 36
5 7 11 453 37
34 11 6 1659 18
4 25 6 4317 27
5 9 12 3453 15
33 11 10 1176 32
39 10 11 264 23
39 5 18 214 32
8 3 2 1710 6
32 19 13 152 33
2 8 15 4227 12
9 1 4 1991 31
24 17 10 2156 20
36 18 5 1515 30
3 15 11 4349 33
29 20 5 2670 33
8 24 10 2964 21
33 11 5 1158 37
1 22 3 2210 26
1 1 8 2028 2
34 18 15 714 24
23 19 6 3790 37
36 18 14 3884 30
8 19 2 1758 39
8 10 1 3987 40
8 30 20 2869 18
5 10 1 1659 2
23 11 20 4444 11
6 23 7 568 36
28 17 1 3068 35
31 13 12 1017 23
9 26 12 2496 21
4 18 16 2610 36
23 18 2 2776 15
39 10 8 687 16
36 13 1 3774 30
23 10 14 19 24
23 3 9 4111 19
2 22 3 2453 13
35 3 10 3272 30
10 2 3 3121 28
7 2 4 4279 26
20 15 13 3163 39
6 14 6 129 23
8 22 9 258 37
1 12 12 1085 18
33 14 4 3979 27
10 21 10 772 15
7 11 1 2827 20
40 6 3 3252 24
8 27 14 2230 33
9 27 20 2193 28
1 28 13 3982 31
8 24 20 2059 16
9 4 18 34 5
30 3 3 1661 12
31 14 20 3667 2
8 15 14 1055 25
10 21 14 2744 37
3 26 3 4176 4
27 12 16 1322 32
29 17 9 658 11
8 30 7 4001 14
24 10 1 1293 17
6 3 18 2170 13
3 19 3 2687 36
1 26 7 196 22
10 14 10 1642 1
32 6 1 4405 20
7 10 3 2001 30
5 9 9 3661 20
33 9 19 2007 27
5 9 7 363 13
21 13 12 4378 37
10 6 9 1092 13
34 11 18 3915 24
7 30 19 3966 8
4 26 20 3710 2
31 2 3 2703 38
40 19 14 2584 23
24 12 11 125 40
2 17 12 3781 13
25 15 18 1872 28
4 19 19 2019 35
6 28 3 3231 1
31 18 15 2403 22
10 20 20 1467 11
3 1 12 2999 3
33 16 20 3893 30
6 19 1 1135 39
3 8 10 3910 24
38 14 18 2151 33
5 27 12 1962 22
30 7 1 3055 36
7 20 20 3409 34
2 17 12 1572 33
2 8 19 2736 34
24 18 2 999 8
26 7 20 3912 20
22 17 2 3029 26
2 19 10 357 26
4 15 15 881 2
2 23 6 3429 19
5 2 14 1520 4
6 2 3 1188 12
21 2 20 2620 38
21 17 5 3367 33
21 4 3 941 13
7 15 14 775 3
21 10 7 449 38
6 27 11 4239 25
9 9 12 4277 33
10 19 17 663 9
34 14 3 868 25
4 29 2 1038 38
2 15 12 2740 31
34 10 10 91 40
6 1 19 2222 32
6 9 2 3069 11
23 3 16 2568 34
4 18 2 996 13
9 28 20 3030 7
9 21 19 675 39
8 26 9 2795 9
21 18 20 3417 28
8 23 15 926 23
26 16 3 1735 35
5 29 16 947 30
6 19 19 3995 31
1 21 2 1429 7
2 19 16 2404 12
30 15 4 3195 14
9 15 8 3462 21
4 4 4 215 37
23 20 20 3459 35
35 19 7 1970 20
21 11 9 1711 34
4 21 18 1607 25
3 17 11 3902 27
32 9 18 940 27
9 20 3 3644 31
6 13 7 2792 34
8 6 16 1788 17
30 16 10 657 5
24 8 9 2250 32
2 7 5 172 12
3 1 7 1299 9
25 8 11 2507 14
21 10 1 4483 40
6 12 5 828 27
9 26 2 3876 22
4 29 12 2118 18
9 2 19 699 37
1 24 7 1907 17
36 18 3 3960 34
6 30 1 753 38
3 27 13 1321 9
6 3 16 336 17
30 20 10 81 33
9 21 1 2780 35
40 2 18 1387 25
3 27 7 1458 31
29 16 18 2855 33
2 5 16 4126 32
28 4 12 3074 1
10 5 3 2247 1
32 13 15 785 29
10 10 9 3051 36
7 28 16 1769 37
38 10 8 4064 5
4 12 6 3582 16
40 15 8 2325 32
2 23 19 2831 4
38 6 1 1550 22
10 24 13 4166 32
20 12 1 1409 36
3 21 9 1663 20
25 10 7 980 37
4 20 18 1086 40
8 15 9 409 30
22 2 4 474 12
1 6 16 2573 14
22 10 2 376 35
28 3 18 1234 18
39 18 1 4470 36
9 26 6 2308 7
26 16 17 1773 22
37 16 11 1084 36
39 18 9 3112 30
40 13 3 4397 37
36 16 3 4227 35
2 20 14 3041 15
9 10 8 2024 40
8 14 3 68 4
35 15 4 296 20
40 20 11 4120 38
10 29 19 2468 17
31 19 12 1966 32
39 15 16 2762 29
2 29 18 2303 23
6 29 18 149 11
23 20 11 64 33
9 9 14 964 36
34 14 11 1082 20
4 7 3 413 1
6 22 16 998 24
9 13 4 493 13
25 2 5 842 4
4 6 6 3089 18
6 30 7 3626 11
2 14 12 2455 9
38 10 18 4180 10
30 20 7 350 36
5 22 4 2771 22
29 18 8 1417 25
10 10 4 653 22
6 6 1 4065 26
24 14 3 1128 10
3 4 4 4473 8
1 19 19 4192 39
22 16 13 1948 33
38 19 18 635 29
7 7 7 1804 21
32 8 11 782 34
2 29 16 1375 19
24 17 4 3189 13
23 20 5 3958 38
5 23 6 691 35
34 16 3 1475 22
1 7 8 281 34
3 6 1 4314 32
10 1 20 2674 5
2 15 13 2403 24
39 19 19 4051 36
33 11 8 2031 6
7 14 9 1715 2
39 10 11 4119 40
3 4 11 1887 19
8 6 16 4168 12
10 29 12 1663 20
3 29 1 3310 7
32 6 2 2194 22
5 16 10 1043 32
36 10 3 1945 34
