250
31 10 14 969 38
1 25 10 2322 22
3 21 13 362 35
9 8 20 811 17
1 5 19 1619 37
10 15 10 2026 33
38 13 6 2348 10
6 25 13 1602 24
30 15 2 59 1
3 24 18 2258 39
4 15 2 272 14
2 6 2 1620 5
6 20 5 1960 21
4 6 11 28 12
26 13 7 718 11
25 20 20 877 12
38 19 19 1529 29
31 19 2 525 23
26 13 11 740 13
37 17 14 2379 25
39 7 3 514 23
5 5 6 2200 1
3 22 4 1059 2
8 18 5 2441 6
1 10 16 349 20
25 13 14 1471 10
31 18 13 1066 12
10 14 1 2462 40
27 12 4 1663 40
23 1 11 1386 3
5 26 18 1620 7
7 30 19 1969 23
5 1 2 992 17
5 29 16 358 37
3 23 14 660 39
25 10 19 42 32
31 17 20 1557 25
34 11 16 1607 26
8 12 12 1680 36
23 1 8 1380 20
38 15 14 2136 20
3 8 2 414 3
2 18 1 1000 3
9 8 16 734 16
8 1 16 1208 39
2 22 3 278 9
4 7 13 1310 6
9 3 17 1103 19
36 18 6 2314 28
32 20 18 898 39
34 11 16 573 35
5 26 12 2423 16
9 8 2 410 21
9 7 10 1418 22
29 10 14 1177 29
10 8 3 92 25
24 3 2 2132 15
3 17 11 570 11
5 27 16 1747 23
5 12 6 278 25
25 15 16 1364 21
4 5 9 685 10
5 28 1 2065 31
27 16 1 1078 38
1 15 15 2127 35
2 29 12 1934 14
38 6 16 2063 23
32 14 19 134 30
1 24 4 1604 10
5 15 15 137 7
8 10 18 1250 18
4 9 10 2096 29
8 4 7 1849 17
7 13 12 2068 10
7 8 8 1252 11
5 29 18 2495 35
27 20 13 599 35
34 19 14 1567 27
5 17 9 993 31
9 1 3 1298 37
37 14 18 1527 20
9 24 19 612 39
7 30 20 430 27
7 15 15 2204 27
24 9 6 1530 33
4 9 7 436 20
34 20 3 2104 33
20 5 17 1250 5
1 4 1 1172 16
34 4 15 2056 11
36 19 5 689 35
8 16 4 720 33
10 4 15 348 23
9 27 5 2174 39
9 2 9 458 1
7 29 17 2405 3
1 21 13 1757 23
2 23 14 2380 40
3 26 19 2291 24
25 10 15 2425 20
8 5 8 1403 38
3 20 3 555 18
8 30 19 450 35
20 14 1 2031 35
23 15 12 2414 6
38 11 20 1145 40
2 18 13 541 39
30 11 20 1369 38
30 12 2 2001 15
2 23 15 741 39
21 15 11 94 16
9 17 12 576 29
30 13 5 2059 9
27 12 11 2104 31
4 28 20 380 32
8 24 9 1097 13
2 27 14 624 28
5 1 18 1323 20
20 19 8 166 36
8 22 17 1313 11
9 22 15 2104 18
31 12 20 1735 39
5 2 4 1794 22
21 12 10 1597 20
3 16 16 235 11
7 13 11 2061 7
29 14 13 78 12
10 23 13 389 20
20 9 11 1998 27
39 10 14 908 4
25 11 2 2426 14
5 9 14 1778 37
29 10 8 1504 27
3 26 2 122 1
35 4 13 2226 22
3 2 2 2167 6
40 15 11 587 40
7 7 6 1788 3
2 25 18 193 31
9 9 18 250 11
2 5 16 2286 19
29 18 10 1519 11
2 27 16 19 17
36 19 14 34 26
1 28 12 732 32
20 13 10 2000 31
5 16 6 2184 22
35 19 20 1955 37
26 4 1 189 36
10 26 6 2360 21
5 26 18 411 8
34 19 6 2459 7
31 11 19 577 4
3 9 15 770 4
28 12 13 1977 23
8 9 6 57 15
1 11 10 2352 36
1 21 8 890 38
33 3 20 1668 10
10 30 20 871 28
8 24 18 1869 19
2 22 19 275 20
35 16 4 136 33
32 18 4 319 9
28 11 19 2168 22
27 11 10 2002 38
20 19 14 1037 37
4 10 5 2091 28
2 8 3 1006 21
5 12 8 351 6
28 14 6 1409 26
34 19 2 1308 16
7 7 6 2283 27
40 20 3 1052 13
6 22 9 1087 23
2 27 6 47 7
1 9 17 943 31
3 3 17 934 2
20 11 4 1783 34
2 28 12 2455 17
2 19 7 1405 21
8 9 2 961 33
9 14 5 376 8
38 11 12 1922 14
23 19 8 1168 37
3 26 16 1711 6
22 19 4 207 25
28 13 17 2081 29
38 11 15 1683 39
37 16 18 308 36
1 10 7 1332 7
27 11 5 2428 23
3 26 14 228 40
9 24 9 377 3
1 30 8 1034 28
4 27 19 2247 17
5 6 7 1698 7
10 9 10 887 24
30 20 7 2461 38
35 4 14 500 28
3 9 10 289 33
7 13 5 1580 39
4 8 9 654 10
7 8 3 693 40
33 16 19 912 32
29 3 7 2044 33
31 11 15 551 20
2 8 9 1876 17
27 17 5 2205 15
5 30 20 2382 36
2 9 2 416 39
5 23 15 570 34
5 27 3 926 40
22 6 9 2426 36
6 16 11 969 14
20 12 11 1108 24
7 9 2 1681 35
9 8 20 1537 7
6 17 8 2459 13
4 30 9 2129 21
1 12 8 2285 20
28 7 11 1058 31
4 1 9 785 18
23 10 18 2248 27
9 26 20 1189 32
27 18 20 2258 27
5 24 16 2045 25
5 16 15 1862 31
3 27 19 1912 37
38 12 14 2194 26
6 27 6 43 36
35 13 16 1407 34
3 20 11 213 1
1 6 14 1077 14
32 8 2 2479 1
7 20 13 995 9
6 14 8 1041 3
26 16 10 222 16
20 10 13 133 24
28 18 6 1720 1
25 20 2 2299 28
37 9 14 854 18
3 17 9 169 30
20 9 7 2319 25
3 21 13 756 10
9 30 6 568 17
28 9 18 946 33
34 16 14 2012 22
7 27 3 877 40
10 21 15 280 39
