150
3 16 7 53 25
20 20 9 625 25
5 24 12 1048 2
28 13 10 511 7
2 9 13 609 20
1 22 7 1383 25
37 13 19 1452 13
25 10 6 949 31
23 15 7 711 21
22 18 8 820 16
29 13 1 489 11
31 17 10 613 35
9 3 10 1457 20
8 8 1 545 23
26 15 11 131 25
22 20 20 1026 30
8 3 8 1039 40
1 28 2 475 13
22 11 16 1028 35
29 20 6 969 28
9 10 15 1154 29
30 14 7 835 40
32 13 18 1078 25
4 27 9 681 13
2 20 7 252 8
4 20 12 1427 26
26 14 4 895 10
6 24 11 720 23
2 23 1 316 19
10 19 3 1447 25
5 6 2 1405 29
3 25 10 454 11
10 19 11 529 34
29 3 20 1319 10
1 22 12 1178 34
5 6 13 1433 25
9 27 15 164 37
26 18 13 251 34
5 5 15 1432 25
1 24 14 1482 11
28 11 7 1367 8
4 5 14 379 16
26 18 15 1124 36
2 17 12 283 40
31 1 18 1052 39
7 1 3 569 8
1 16 14 500 27
30 17 8 1481 35
9 15 11 1463 31
7 28 20 1414 21
9 2 8 361 37
2 23 16 501 9
23 20 2 1347 16
7 9 3 255 5
29 3 4 912 18
27 13 5 1385 37
9 3 8 1232 14
4 9 12 438 9
9 22 15 619 21
28 10 5 1405 22
32 20 20 84 31
38 5 19 807 38
1 19 16 1086 11
20 4 6 1318 30
3 2 11 1334 7
34 6 18 1431 20
9 29 18 516 26
1 8 11 533 16
34 9 3 162 40
28 11 6 687 7
36 20 19 313 20
3 27 12 1480 32
10 5 11 686 39
10 24 19 455 35
38 15 17 905 27
8 3 10 817 26
7 8 10 1029 10
21 15 20 995 32
5 27 6 350 32
28 10 5 754 32
23 20 1 4 24
5 17 7 1324 19
35 12 5 230 26
30 12 17 824 30
1 2 9 966 20
24 8 11 1308 36
4 19 6 260 10
24 15 16 456 28
8 20 7 813 29
3 20 11 685 2
26 16 1 853 39
6 12 7 732 19
3 7 6 505 31
28 2 15 867 39
3 23 18 1488 28
5 13 12 147 32
23 10 20 1203 26
4 22 19 462 31
33 11 14 1045 39
36 19 8 487 30
10 1 7 1493 14
9 2 16 272 14
5 7 4 630 24
10 6 15 156 37
5 28 20 693 32
2 20 10 1296 9
2 20 2 1386 3
3 26 1 721 28
4 30 1 36 14
2 4 1 92 20
32 13 15 1451 33
9 27 14 147 16
3 7 19 597 4
32 11 6 1187 38
2 25 18 571 28
31 2 17 66 3
9 23 10 1118 7
9 21 4 1371 11
9 23 9 776 33
8 6 5 302 30
31 17 11 251 23
3 2 18 531 36
31 11 16 394 18
9 28 8 1186 13
4 20 19 1272 8
4 9 19 829 24
9 26 2 461 38
1 14 8 604 15
5 26 7 103 3
31 12 5 1380 36
1 22 20 808 5
24 13 3 66 33
30 12 5 606 26
4 11 7 830 3
9 9 2 345 18
8 26 11 1406 6
35 1 7 287 28
33 10 13 1198 22
6 15 2 1340 37
10 13 11 521 31
34 2 4 1397 35
10 16 4 990 11
30 13 12 715 28
21 7 19 586 14
8 27 8 559 32
6 26 6 1242 15
1 2 3 1304 2
25 17 6 519 24
37 11 1 665 13
5 8 14 841 2
