100
39 9 10 293 30
4 18 2 266 5
36 16 7 879 34
5 23 20 660 5
9 24 16 179 25
9 17 6 961 34
6 5 11 106 25
25 18 1 432 14
4 11 8 244 5
37 16 6 485 28
26 11 2 167 37
25 12 18 978 20
26 18 12 109 34
29 19 19 936 28
8 3 5 545 23
9 22 10 841 35
5 18 1 320 27
39 18 1 590 23
26 8 8 855 20
9 23 19 644 28
3 16 13 723 2
8 6 19 127 18
22 20 3 893 26
26 11 15 399 33
36 17 20 386 27
37 12 7 330 37
5 20 4 33 2
9 17 11 342 31
8 24 11 966 32
10 3 4 405 4
33 13 4 27 38
6 6 8 592 36
10 3 14 366 28
6 8 3 297 19
8 29 20 589 20
3 25 15 802 39
2 8 19 421 4
31 11 20 549 21
2 20 4 147 13
27 17 14 807 25
23 7 15 804 40
4 8 5 185 12
27 7 16 355 18
10 7 14 307 33
8 28 13 631 8
9 5 13 350 17
10 30 4 743 40
9 12 12 755 2
8 14 3 677 29
39 16 9 469 8
7 27 10 173 39
8 27 10 992 36
28 4 10 5 2
9 12 11 475 22
29 7 1 376 35
5 23 14 21 39
4 9 5 457 17
10 25 19 679 9
3 14 11 792 20
36 18 14 148 33
6 8 11 117 33
40 11 1 535 9
6 27 13 534 1
9 16 8 772 1
2 18 14 8 12
5 24 18 127 35
35 8 4 303 27
38 2 13 772 19
10 25 17 527 5
22 9 20 270 31
2 24 19 294 40
2 8 10 63 29
2 7 7 861 25
2 20 12 720 5
4 17 10 708 33
35 6 13 489 2
9 4 14 47 28
10 9 9 837 12
8 11 10 581 37
1 9 5 641 1
36 11 17 153 33
10 21 17 85 31
4 8 2 566 25
1 23 14 127 26
3 3 1 407 15
4 23 14 999 23
8 23 15 848 4
9 15 13 851 19
23 16 20 684 40
5 1 9 358 9
35 11 18 577 12
9 23 4 855 1
40 2 16 471 4
9 23 9 880 31
5 4 2 558 18
10 25 1 476 3
10 19 18 608 14
35 12 11 515 38
35 18 6 710 36
4 16 15 28 26
