200
36 15 17 386 14
7 25 15 710 28
26 6 19 912 20
32 14 9 1846 18
7 27 13 769 32
30 3 14 469 7
2 24 4 1689 31
40 13 18 1140 19
3 23 17 1279 9
35 10 1 835 20
5 30 13 1170 20
10 27 18 1260 26
26 5 1 51 14
38 11 16 1269 10
7 2 19 1097 9
6 20 12 1994 20
6 10 18 225 33
5 12 8 1944 6
38 12 14 421 8
37 15 12 266 23
39 13 6 242 33
8 17 5 1956 18
1 1 10 1001 8
37 8 3 570 28
3 16 9 1948 32
4 6 1 1158 19
36 17 10 1453 36
36 18 7 871 38
2 7 2 1822 5
4 22 2 750 15
2 30 6 1969 26
20 10 11 1010 17
5 8 8 1725 2
38 20 12 1390 19
10 12 4 897 27
20 3 20 1211 33
9 19 11 911 32
4 29 7 1408 25
3 30 19 466 36
6 13 10 329 16
6 15 6 702 1
35 4 16 1007 39
38 18 16 111 26
9 14 14 1832 27
6 8 1 1162 17
10 27 14 1781 27
6 24 16 1719 27
22 10 6 1080 17
8 24 18 77 28
5 3 8 605 14
37 12 4 1183 40
10 6 13 381 2
6 17 3 687 14
33 19 5 1362 24
3 10 6 1638 37
1 6 5 1309 11
32 7 20 1852 10
36 14 8 1685 19
22 11 5 1353 10
22 3 3 150 25
24 18 7 1297 38
37 17 16 1951 31
6 10 1 596 9
3 18 11 1591 33
24 11 2 989 29
3 26 17 1224 19
21 14 1 1027 35
25 8 5 1928 28
2 7 1 677 34
2 3 18 442 9
10 21 12 817 12
8 21 16 1171 38
3 6 1 1905 24
9 10 4 689 35
8 9 8 1160 2
20 14 11 673 24
23 13 15 1128 6
8 10 14 692 24
2 10 1 20 24
21 10 10 1290 39
7 8 6 1375 30
1 14 14 457 38
40 15 10 1356 16
22 12 13 54 39
9 25 5 1078 17
3 4 16 1079 32
5 20 15 1552 15
10 30 17 1733 18
6 4 3 1144 32
8 24 4 25 22
2 9 4 1145 3
33 15 5 912 12
37 15 9 1354 20
30 13 7 401 31
40 10 19 477 34
3 24 7 259 39
7 22 6 505 11
2 18 7 1725 9
7 22 17 475 29
32 2 6 493 37
21 18 9 615 37
26 6 14 790 28
2 28 19 1046 8
35 10 18 1171 29
9 2 4 430 2
1 3 3 68 40
21 16 18 1829 32
8 11 10 793 7
9 29 15 116 39
9 7 3 1175 13
7 24 3 1472 34
28 2 10 843 3
38 10 12 484 16
2 10 12 397 40
35 18 20 1795 26
30 20 12 636 30
1 18 18 217 18
24 13 3 1863 20
30 2 4 542 11
32 10 13 1514 32
4 11 8 1740 6
22 10 14 1668 27
23 12 12 732 20
28 20 18 1297 28
1 18 8 805 19
4 17 14 721 32
3 12 2 1312 39
10 7 20 46 22
9 8 15 1652 9
9 18 4 1561 6
32 11 7 1387 40
10 21 1 1430 40
9 22 12 951 13
39 18 10 1786 32
9 25 16 1037 9
22 14 10 974 36
28 15 16 1841 27
31 14 20 1332 38
6 22 3 1153 22
6 20 13 1170 6
37 18 20 157 26
9 8 20 1087 7
1 17 12 939 20
9 27 15 694 30
8 14 14 1522 13
24 19 10 174 13
9 22 9 406 35
9 18 2 1497 3
10 15 8 1875 3
29 20 16 1057 37
6 22 17 810 39
4 29 8 1371 9
34 4 9 982 7
34 17 1 242 24
7 19 16 786 33
35 11 9 870 29
2 13 6 258 27
23 13 3 419 12
23 6 15 835 16
10 14 5 820 16
9 25 4 458 20
6 27 18 910 38
8 30 11 112 39
8 1 18 1447 24
30 12 3 1919 20
9 22 20 731 32
4 24 9 1647 8
37 18 20 1710 34
7 12 8 1485 10
6 26 18 1896 31
3 30 15 603 30
8 21 9 65 22
26 10 6 1421 39
4 18 17 639 19
27 20 5 83 15
21 7 5 515 18
5 26 9 1960 40
29 6 14 917 34
32 13 14 1556 28
38 9 8 659 39
5 29 3 670 24
7 9 1 840 17
5 9 11 136 3
4 23 7 660 1
20 18 10 1864 28
27 20 18 891 11
20 14 19 1696 30
7 30 19 766 13
4 20 19 1589 21
10 27 6 763 10
20 20 15 2 24
4 19 11 1655 38
25 19 10 852 3
7 10 13 358 23
1 5 12 256 3
6 22 20 645 40
25 1 12 1655 5
9 8 11 1189 35
6 27 12 1779 22
5 9 15 425 20
