500
21 11 1 1183 33
26 11 10 3101 19
34 4 20 2603 37
33 15 11 1487 32
22 10 2 4031 37
6 6 11 4543 1
3 15 9 2492 1
5 13 8 4353 19
3 8 13 4332 3
6 19 19 185 2
39 20 11 4631 28
26 19 14 1033 16
10 24 11 3841 20
9 17 11 193 23
9 27 15 3115 30
9 5 1 3171 19
25 10 2 3932 35
23 11 6 3378 38
1 28 9 1249 26
10 20 20 1003 25
8 4 3 4647 39
5 24 13 4296 28
1 20 7 1124 6
36 20 6 4690 26
2 16 16 3831 27
25 6 12 1674 24
23 14 16 4672 20
24 14 16 2227 2
32 17 1 2808 31
35 16 13 990 19
33 14 1 3328 35
38 17 20 1187 40
38 13 5 3548 35
2 20 5 489 23
21 15 2 2685 33
33 20 8 4737 35
3 16 3 1204 30
27 17 14 2801 39
4 29 10 3860 18
2 28 5 1780 9
4 25 9 3069 35
7 15 7 4970 35
7 26 6 1214 2
8 10 17 2807 17
38 15 11 515 23
5 22 7 2803 28
5 25 15 3647 15
37 9 9 720 26
21 4 6 2102 12
5 25 16 4266 12
39 14 8 2266 38
36 13 18 529 21
5 28 19 1389 23
9 15 13 4217 7
9 25 16 727 38
39 17 3 4393 20
2 24 17 1268 4
21 18 18 3535 25
30 2 4 1117 16
26 17 19 943 34
2 13 1 727 20
9 21 3 1231 13
2 11 10 3697 35
30 15 9 3430 36
7 2 14 4188 31
25 8 13 2197 4
7 16 15 2187 29
29 10 7 3973 7
32 15 5 3134 28
20 19 18 2056 22
1 29 11 165 16
29 19 9 4173 22
1 8 11 3129 1
30 11 16 2261 6
3 15 14 2102 23
25 2 14 1876 3
4 26 10 1447 24
30 15 4 1385 25
1 19 14 3658 3
4 8 2 4165 15
4 26 12 1803 25
6 14 14 1902 39
37 9 13 4985 37
39 5 20 4316 36
4 10 4 117 40
34 4 13 1722 34
39 9 10 198 16
4 10 10 2829 18
28 15 4 1783 26
4 20 6 4819 24
4 27 7 2281 40
6 24 12 3268 21
10 27 4 427 28
30 18 4 2813 27
29 11 11 648 34
26 11 9 682 2
37 19 19 1215 27
23 1 4 2077 38
26 16 14 3563 31
29 19 1 2457 37
1 27 19 3303 32
22 17 6 3426 37
24 11 18 1091 21
6 9 10 3704 32
32 19 13 2782 20
24 2 2 1885 7
2 2 1 4067 17
5 16 8 653 22
10 17 7 1501 38
9 2 16 4522 39
8 24 19 1372 27
4 30 4 2675 26
22 10 9 4215 30
34 6 4 3517 22
36 3 8 2549 33
4 18 1 3350 2
9 24 20 4095 38
29 11 4 1443 6
6 20 20 4777 21
20 14 2 1273 28
8 26 10 4094 3
34 3 14 611 3
35 6 3 3295 1
9 30 7 4929 39
5 10 13 1384 5
6 6 20 2392 40
1 28 9 1952 11
3 21 18 4193 31
2 9 10 4205 31
32 10 6 126 19
4 5 13 4747 21
4 3 9 1135 17
24 1 6 2304 10
9 23 9 3000 31
4 23 1 121 32
9 7 11 3363 14
40 20 6 3727 30
30 9 3 1364 26
21 13 16 485 35
6 16 13 2222 28
8 7 6 2345 5
5 4 10 2624 21
6 1 14 3913 21
10 10 3 1278 8
3 22 11 2447 14
8 2 2 1007 6
24 13 13 3304 5
3 18 17 3845 11
7 1 8 2546 14
5 18 17 3674 31
24 5 16 4749 7
5 5 10 3569 39
8 30 4 4337 5
10 20 8 4685 17
7 5 2 130 19
3 6 20 658 32
22 6 1 3442 12
2 13 6 213 5
1 7 1 1117 12
6 4 8 678 13
5 7 13 3580 10
4 25 9 2483 20
28 12 9 2937 30
9 17 3 3204 9
2 18 7 1967 29
2 18 3 2314 39
9 29 16 2693 6
8 17 7 4972 36
1 29 19 2869 34
10 19 13 2322 29
36 18 9 4945 26
6 24 6 1068 17
9 6 1 2593 20
8 8 16 3590 28
5 18 10 82 24
2 3 6 977 30
4 15 6 3365 10
9 5 3 2424 32
34 16 13 1739 23
7 21 12 4667 14
6 13 5 3084 37
34 2 17 2916 18
6 24 10 1428 18
5 29 18 2962 27
7 25 19 2260 21
25 19 7 193 37
4 7 11 110 38
10 15 2 738 19
27 17 13 844 36
22 11 6 1706 40
2 26 8 572 39
22 10 5 1336 38
3 20 20 958 15
26 1 12 2685 27
1 16 10 288 40
1 17 16 2348 26
6 17 2 2264 20
5 2 1 3580 28
8 23 9 4556 40
23 20 13 1986 21
21 16 20 4467 31
7 20 7 2224 3
40 19 18 3468 35
2 20 17 4152 15
8 4 11 1084 24
3 20 4 4411 11
33 5 17 2908 29
8 27 3 4396 21
3 27 15 952 20
8 9 2 474 19
3 26 20 1157 39
6 30 18 3610 30
1 25 4 3797 32
40 15 7 2276 38
28 20 6 1539 18
25 19 5 4067 6
8 27 6 4606 26
34 11 14 2728 13
30 18 14 4767 5
10 5 1 4380 25
5 16 12 1945 37
31 19 11 3672 8
32 10 5 2664 36
4 1 10 4550 10
7 20 6 1237 38
23 4 7 1132 29
32 13 15 3044 40
3 27 3 4677 20
28 3 2 307 4
9 16 5 1310 7
5 14 10 1423 21
31 18 20 4539 30
23 17 6 113 3
10 28 18 590 6
1 27 18 1040 2
8 9 6 87 20
39 5 3 2761 30
22 12 20 377 17
5 7 8 4233 38
8 2 2 1468 14
22 6 10 4398 2
2 9 8 3973 29
10 17 4 4957 34
7 5 13 3081 35
9 13 2 279 33
2 9 2 3657 5
36 12 10 3451 22
7 7 5 2131 35
20 1 5 1787 6
37 2 12 135 22
8 27 20 4641 18
1 2 17 3740 4
2 25 19 960 35
21 20 19 2794 36
6 4 7 884 7
2 2 13 4209 38
21 13 6 577 27
39 16 1 1161 23
26 20 11 4233 29
24 16 17 2129 33
26 11 10 337 19
3 24 17 1342 24
1 5 11 3503 40
27 7 16 1230 38
36 2 12 2893 36
7 18 7 3418 6
24 5 10 3711 29
39 11 15 2781 16
29 10 13 2376 5
7 21 14 3436 10
26 7 4 4788 24
1 27 2 1023 9
37 9 14 1415 36
1 30 16 4251 20
38 5 9 3503 26
7 29 17 2637 19
7 23 15 2222 5
30 16 4 1581 33
38 13 3 689 21
4 24 3 693 36
6 29 1 4943 30
4 20 10 4310 39
2 30 14 1312 11
39 17 12 1440 33
9 17 16 4038 14
33 11 10 325 32
23 12 3 3114 15
40 7 4 3971 21
8 20 9 1404 38
22 20 9 3540 2
1 28 5 3695 35
33 12 19 2278 25
5 25 9 445 34
27 12 15 2727 39
24 20 4 4657 18
10 16 3 2887 31
26 17 15 45 20
4 24 3 1787 36
8 27 5 363 36
3 10 5 4595 9
2 28 2 1581 36
7 5 3 3447 34
33 15 9 805 8
4 1 10 4683 31
27 12 11 1160 3
6 5 2 28 30
2 22 15 1639 21
7 14 7 2737 37
8 25 1 1215 31
5 9 3 605 8
28 13 5 2284 37
7 26 3 4356 1
10 18 10 819 13
20 11 14 4238 32
36 18 12 675 37
39 20 7 3672 37
1 13 6 732 4
3 18 4 831 38
9 28 12 4283 27
30 17 14 3996 34
29 17 12 2903 30
5 16 11 1989 19
23 16 4 1412 20
7 22 20 1574 20
10 5 8 156 33
1 17 16 3104 36
34 10 10 1402 31
9 9 9 662 3
7 25 17 1542 5
21 17 16 2929 31
9 26 8 2486 37
10 14 10 3165 38
2 26 17 4982 15
3 1 13 1247 18
7 25 11 83 25
37 19 18 3688 36
4 16 16 1181 13
36 1 18 3627 29
32 14 4 2991 16
8 15 4 840 2
4 7 2 2385 39
9 10 3 4405 15
8 30 20 3911 3
33 7 16 2199 13
36 10 19 4984 39
25 15 8 4468 26
10 17 3 4449 31
2 30 19 4814 15
28 18 4 2025 22
10 26 9 4927 4
9 19 1 3844 17
20 7 15 1408 5
9 19 6 2220 11
9 9 5 68 40
4 6 20 2999 20
6 16 3 2713 11
4 6 3 1848 4
8 17 10 3326 21
9 14 11 301 15
34 8 7 3981 31
8 2 1 4542 10
21 18 5 906 4
5 1 11 4888 13
4 3 3 2982 9
29 15 17 3700 36
10 29 2 4517 1
27 14 17 2357 38
1 25 18 4128 38
1 22 18 4159 34
38 19 9 2080 29
4 26 7 359 39
1 8 3 4620 9
25 7 8 149 10
1 28 9 3278 14
5 23 20 3738 39
2 8 11 1643 30
37 19 16 3335 32
36 10 4 1046 39
2 28 10 4198 14
21 16 11 1311 19
7 9 7 228 33
26 17 17 3128 33
2 16 5 134 11
1 10 5 367 11
7 27 16 4822 25
5 4 11 4222 33
37 14 18 2746 32
26 12 7 1305 33
21 13 7 591 39
4 21 4 662 23
24 14 8 1073 2
10 30 18 1560 12
5 18 15 4819 37
9 24 3 4815 19
30 16 7 4416 31
3 8 18 2323 15
3 27 10 3652 4
10 10 5 2276 35
28 15 6 2784 19
3 29 11 4054 29
9 29 19 1556 31
1 18 1 3885 37
10 19 2 2172 9
38 2 3 2868 34
3 4 2 2929 10
34 1 14 3918 27
6 29 14 2821 38
7 29 16 2338 14
10 15 12 4595 36
20 20 5 1731 10
8 5 13 4452 37
31 14 6 1391 34
26 8 17 2922 39
7 23 5 4977 22
1 19 13 1895 7
37 6 12 1259 21
4 16 12 1560 10
10 25 17 375 25
39 19 11 668 32
25 18 9 1574 23
28 14 13 429 21
6 2 14 4359 28
22 18 13 3309 30
8 6 11 2211 19
3 20 16 418 6
3 27 17 3541 23
10 20 11 756 13
30 6 5 2950 5
1 12 8 3145 1
25 7 18 4071 23
3 24 5 3448 20
25 13 12 2069 28
7 21 15 1490 21
4 9 7 3445 9
2 8 15 2099 5
26 3 17 669 4
8 10 1 2282 18
8 30 4 2525 23
1 17 16 2070 32
5 22 4 4307 23
2 28 11 2171 16
6 4 14 3454 27
6 26 6 158 23
26 12 5 1402 39
9 8 9 4302 10
7 7 2 1610 35
31 13 20 957 28
7 8 12 2801 20
9 25 9 3936 11
29 14 16 4947 33
10 6 17 866 22
6 1 7 555 5
6 12 3 819 40
4 15 13 697 26
23 18 17 2555 30
9 14 14 730 24
38 20 7 1042 35
4 8 2 946 31
4 21 16 2065 34
7 7 4 551 30
31 17 10 2942 34
29 2 6 1132 38
38 13 20 518 28
34 12 15 145 4
21 10 9 4333 28
31 7 4 3430 10
10 3 16 3298 20
9 7 14 1181 25
21 4 14 4066 26
20 15 18 4479 31
5 7 10 70 7
1 26 19 2494 5
5 24 5 4885 18
33 18 5 3164 20
5 19 11 3251 21
36 12 4 7 38
10 9 15 3345 27
32 17 18 4483 25
3 5 19 3903 10
21 15 20 1377 30
32 4 19 4991 38
32 15 4 1423 26
3 4 15 552 20
28 16 18 2425 32
33 10 11 2317 35
9 8 2 3495 29
2 24 18 3363 38
8 28 9 3195 36
38 3 15 2754 38
5 29 10 93 37
40 11 19 2787 38
22 16 9 4815 35
8 2 14 1427 7
24 17 8 1776 37
2 4 8 3114 6
8 6 8 2450 29
28 12 19 1427 35
7 9 8 3529 14
1 9 5 3869 11
4 28 13 3303 20
