200
3 2 3 1005 30
8 3 2 1417 22
4 1 3 1397 27
2 8 2 1187 32
6 7 4 151 13
6 3 2 74 24
3 5 7 1400 9
8 2 4 210 17
5 5 5 544 9
3 3 7 1187 17
3 2 1 1482 2
7 6 3 518 26
9 7 2 915 37
9 8 4 853 19
4 8 7 1311 8
1 2 8 979 6
7 9 9 108 14
9 4 3 234 1
6 2 1 30 7
4 1 3 1148 33
8 3 3 1248 5
3 3 1 1156 30
6 8 8 1250 34
5 1 3 100 37
1 8 3 384 14
5 5 3 1035 40
1 3 9 627 13
9 7 7 1319 16
5 3 1 1458 5
7 6 3 1298 33
3 5 6 152 21
5 2 9 1279 27
1 3 2 269 5
1 4 1 202 1
6 5 9 618 8
6 7 1 728 30
6 2 9 638 32
1 2 6 1439 14
3 2 3 911 25
9 8 5 221 38
4 8 2 578 7
1 7 9 195 25
5 8 4 561 39
7 2 3 303 22
2 5 7 535 12
6 9 5 1079 26
9 1 3 329 14
1 1 3 1211 20
6 7 8 186 27
2 8 9 470 12
4 5 1 83 29
1 6 3 305 3
1 2 9 328 3
7 1 9 767 13
7 1 5 401 21
4 3 4 776 31
4 9 2 164 3
8 8 1 536 38
2 3 9 1292 21
8 7 3 1042 9
2 5 5 790 15
6 5 1 639 30
3 9 7 865 14
1 8 8 1324 6
9 4 4 794 31
3 2 6 1107 26
6 7 2 586 26
8 2 7 902 39
6 1 3 951 3
2 4 6 1038 20
1 2 4 1181 28
1 2 4 473 32
2 2 6 753 20
4 3 2 603 35
3 2 5 218 32
3 4 6 1270 35
2 9 7 959 40
7 2 2 336 7
9 8 4 1292 13
4 8 1 588 19
3 1 4 1073 2
3 2 7 290 12
1 4 2 1197 29
3 7 4 665 19
6 1 7 1202 33
2 7 4 1134 32
7 9 3 1188 32
7 7 5 562 5
5 5 6 427 8
5 9 1 1203 22
5 8 1 94 32
4 4 8 1180 25
6 7 6 1427 1
5 1 8 489 40
6 4 2 590 8
1 4 9 1397 13
9 3 3 849 28
4 9 9 1018 3
7 3 9 221 11
7 9 3 792 32
9 3 3 1385 19
8 1 7 1413 15
3 7 5 502 3
7 2 6 925 6
4 5 3 1251 35
6 9 5 437 1
7 6 9 695 15
7 4 3 996 15
4 5 9 205 27
2 2 6 459 16
2 9 9 822 29
8 7 1 197 6
6 8 7 217 11
7 8 7 572 19
3 9 3 942 24
3 5 4 894 27
4 6 6 115 18
6 9 8 598 32
8 3 6 63 40
7 6 6 1010 30
4 8 6 1174 13
3 8 6 1394 33
1 4 9 607 14
2 8 1 637 32
6 2 8 826 9
2 6 7 1390 8
4 4 7 1121 5
3 6 4 1400 22
5 7 8 1426 9
1 7 5 791 14
4 4 1 900 38
5 5 3 1187 10
6 1 3 1325 35
5 9 8 317 2
1 2 7 1167 1
2 1 7 508 13
2 9 2 193 34
4 7 2 281 29
3 3 8 736 20
6 7 3 1380 33
9 9 1 409 24
7 5 4 461 8
7 4 7 447 23
2 8 7 460 8
2 5 5 672 37
7 1 7 842 6
4 5 5 1311 36
8 8 7 292 25
8 9 8 541 4
7 9 1 1285 1
9 9 6 963 36
6 4 3 868 8
8 9 7 605 21
9 8 8 1353 32
5 8 8 214 38
3 4 8 332 28
4 5 5 791 30
8 1 8 304 4
3 7 7 1023 15
4 9 9 430 25
6 6 3 1002 11
8 3 6 1385 23
4 7 7 1078 16
5 5 1 854 19
6 6 5 74 10
5 5 9 304 29
9 1 9 962 36
1 5 8 959 17
7 2 5 347 40
7 9 8 665 36
6 4 8 547 38
6 1 8 1467 17
6 1 6 1266 22
6 6 6 858 24
8 5 6 147 21
9 3 5 106 33
4 1 3 1228 27
1 6 7 1443 9
1 5 2 695 26
8 9 6 795 40
5 1 1 881 29
1 5 5 629 40
1 7 6 1237 2
5 4 8 1293 30
6 3 3 229 18
8 3 3 577 29
6 1 1 972 17
3 6 2 1207 33
8 6 1 280 31
5 1 8 444 2
9 1 1 333 34
1 6 1 1123 28
2 9 3 882 11
5 5 4 496 8
6 1 3 760 15
5 5 5 1029 17
7 6 6 1030 30
5 8 7 162 19
4 5 8 119 37
1 7 4 382 17