100
1 7 1 274 18
7 8 4 111 20
5 3 8 65 3
8 4 4 604 1
8 6 8 310 19
2 3 1 246 6
7 9 4 235 8
9 5 4 339 6
5 3 5 603 5
3 8 1 595 1
4 3 7 646 7
8 1 7 240 2
5 1 8 141 17
3 4 8 283 14
5 8 2 418 15
1 9 5 378 14
9 9 5 50 7
3 5 8 507 3
1 9 3 418 15
3 2 9 331 18
2 4 2 137 11
9 6 3 306 15
7 4 9 214 3
9 2 2 351 9
7 7 3 735 6
1 8 3 660 1
9 3 6 49 6
9 9 1 477 13
5 4 9 251 1
9 2 3 370 16
8 8 6 358 6
6 4 9 101 4
6 6 3 516 5
1 7 2 132 12
6 6 4 295 2
2 1 2 104 13
7 5 6 516 10
8 9 5 652 8
8 4 1 182 19
6 3 9 77 5
9 2 6 423 5
5 6 7 485 20
6 3 8 713 1
2 9 5 304 10
8 6 9 349 13
7 7 8 56 7
5 5 1 548 12
5 7 4 679 12
4 2 5 101 13
6 4 4 417 2
8 2 6 432 17
3 5 5 257 13
6 4 2 218 2
9 4 6 307 16
2 2 4 137 20
2 5 6 272 16
7 3 5 595 2
8 7 6 313 3
6 6 5 705 13
7 9 5 656 13
4 8 7 351 9
6 6 4 489 7
9 2 2 369 10
7 4 6 220 13
7 5 2 148 3
1 2 3 448 18
1 6 6 460 15
4 4 7 378 1
3 1 3 527 1
5 1 9 617 17
4 3 2 453 13
6 3 9 595 16
8 7 1 289 13
3 3 2 348 17
8 9 3 152 8
8 2 6 636 6
1 3 5 273 8
2 7 9 469 6
8 8 4 299 18
4 9 5 695 3
6 3 1 203 5
9 4 5 44 20
6 2 5 394 10
9 6 7 745 7
9 9 9 583 12
3 4 2 130 18
2 6 3 336 20
7 3 9 535 18
8 8 6 508 3
4 1 8 437 15
4 9 3 355 6
8 1 1 258 8
4 3 1 587 6
9 7 7 224 2
7 4 4 281 5
3 2 9 471 15
7 4 9 544 16
5 6 7 202 12
5 7 5 591 15
1 4 6 571 1