150
7 8 3 777 28
9 7 3 938 3
5 1 7 255 5
7 8 5 986 24
1 2 9 887 13
1 5 9 465 3
9 5 7 163 10
1 2 9 1068 4
7 8 9 346 26
8 5 5 859 29
1 9 1 576 30
4 5 1 1010 15
5 9 2 33 25
5 3 2 77 8
2 6 8 662 17
1 6 3 441 23
9 4 4 359 24
9 4 7 1059 3
9 3 4 1002 9
1 8 9 178 5
2 6 3 375 27
1 1 7 619 3
5 9 6 402 10
5 3 4 582 12
7 4 3 340 26
2 2 5 1051 10
9 4 6 175 17
1 7 9 404 21
7 6 7 760 16
9 8 3 221 4
4 9 3 970 12
1 8 2 898 28
6 1 6 949 25
4 6 8 781 10
8 3 2 1110 8
7 1 2 268 24
1 4 7 850 15
8 1 5 868 3
5 4 8 101 10
4 3 6 412 24
5 8 8 1093 12
7 6 9 492 18
3 9 8 693 28
7 5 9 833 19
7 7 4 652 5
2 4 2 893 18
1 5 4 672 7
5 6 5 1018 27
3 9 7 1087 19
7 2 7 627 6
6 5 7 851 8
3 3 5 74 2
4 1 7 120 17
2 5 4 58 1
6 8 1 545 2
1 6 9 574 2
7 7 8 178 28
8 3 7 867 12
9 4 5 188 25
6 4 6 175 10
5 7 5 296 20
1 4 1 948 13
9 6 6 707 19
2 6 2 645 26
6 6 2 204 2
9 7 1 903 23
7 9 7 255 7
4 6 7 56 5
8 6 8 320 30
8 7 1 724 21
1 3 4 845 16
9 9 1 551 10
5 4 6 311 23
5 3 6 473 13
2 6 3 447 14
7 8 3 488 5
2 5 2 327 30
6 7 3 769 28
6 7 3 307 21
6 8 2 871 1
1 2 6 418 17
8 6 3 659 28
4 2 6 56 13
8 2 6 902 13
7 8 1 95 20
6 9 2 87 8
9 7 8 609 10
3 1 1 901 13
8 8 7 203 10
2 1 8 114 29
4 3 5 1070 20
4 6 3 244 7
7 9 2 1108 3
3 3 2 137 4
9 3 6 406 21
9 7 9 372 18
9 2 4 855 19
2 7 6 852 1
6 7 1 765 18
8 8 5 674 21
8 9 9 605 14
5 3 8 482 27
4 9 1 1020 17
8 6 1 372 23
7 9 6 159 14
9 6 3 927 4
6 9 2 958 22
1 2 8 740 13
9 9 3 711 17
6 6 2 518 5
6 9 1 550 21
1 8 6 1010 11
7 3 1 381 8
4 7 5 577 9
4 3 9 563 4
6 1 2 363 14
3 2 8 462 11
3 4 6 1044 10
2 1 1 903 17
4 2 2 836 13
5 7 4 744 1
5 1 6 124 13
5 9 1 982 14
8 1 5 1036 27
7 4 5 550 15
6 5 1 849 17
5 1 3 899 9
9 9 9 785 2
1 3 8 949 27
8 2 8 900 13
9 3 2 186 14
7 9 1 391 13
5 6 3 215 16
1 3 7 352 9
1 4 6 447 11
6 8 4 555 24
9 8 8 713 17
1 8 9 59 30
6 3 3 1040 6
3 3 1 166 19
1 7 8 1090 16
1 8 8 1071 8
9 3 7 431 29
4 3 2 624 2
2 1 9 390 24
3 9 1 665 4
2 8 5 489 10
1 2 7 976 16
2 9 9 136 18
1 1 5 1120 21