500
5 9 9 3142 93
8 6 4 2584 99
3 2 6 3067 95
4 8 4 424 41
8 5 3 311 12
6 2 8 175 92
9 9 7 1149 21
2 7 3 1570 70
1 8 5 832 21
3 2 5 2488 5
8 4 5 2388 85
3 6 7 949 4
4 6 5 2301 11
4 1 5 1479 86
5 9 5 459 98
1 6 8 389 22
9 3 8 2083 24
7 5 8 3709 97
6 4 4 1571 72
2 1 7 3224 56
5 3 8 3010 74
4 7 5 3514 72
8 8 4 2202 14
9 2 1 1531 4
2 7 1 603 39
4 1 5 1460 69
1 9 8 3057 66
9 8 4 627 24
9 2 7 190 15
1 4 1 3469 66
7 5 5 2021 35
5 3 9 2611 62
6 7 5 1510 77
5 6 6 295 93
1 4 5 643 68
9 6 5 1310 29
5 7 1 1078 26
7 2 9 1019 50
3 3 5 684 74
9 6 8 3595 57
5 2 6 210 31
1 5 6 1892 32
5 5 3 1678 54
4 4 8 1079 6
5 4 7 568 83
3 3 7 1834 90
3 2 5 675 5
7 3 7 652 45
6 8 2 3699 46
4 5 5 3146 45
4 9 8 3236 53
3 4 1 2353 80
9 3 6 3037 39
9 4 9 1329 52
1 7 1 3520 79
3 8 7 3595 44
7 9 7 3518 100
7 8 6 1606 27
2 8 2 3206 38
4 8 6 1908 60
9 7 2 1881 22
8 2 3 1361 33
3 6 8 45 84
5 7 7 3433 44
5 2 7 2454 8
8 2 3 2427 2
7 5 8 1426 54
4 2 6 2903 67
9 5 1 3539 11
5 3 5 1366 16
2 9 9 2502 54
5 8 5 308 78
5 3 3 1331 60
2 5 2 464 100
6 1 5 3573 63
9 4 2 2999 66
5 6 7 3587 48
7 7 9 2712 30
8 3 5 2740 4
4 3 5 185 38
4 8 1 1740 65
4 4 1 1175 68
3 1 6 1645 90
6 2 8 2289 66
8 9 2 273 81
1 9 2 2476 88
1 6 7 2991 85
8 5 6 1618 10
6 8 1 2259 4
9 4 9 3219 22
7 2 8 2227 7
6 1 1 257 89
3 2 5 2311 2
9 6 7 798 19
7 4 1 2486 75
8 7 4 557 26
2 6 9 906 40
8 1 6 1941 47
3 2 8 1422 85
5 5 7 836 23
5 6 4 2801 67
8 7 6 2514 34
2 6 1 1700 60
8 6 9 183 48
7 6 7 1353 89
4 9 6 2633 77
3 2 7 1399 75
6 7 3 932 21
4 2 5 1281 49
6 6 7 3501 99
9 6 1 1966 16
4 8 4 90 9
2 6 6 3602 84
1 7 1 2115 10
8 7 2 3638 58
3 1 7 3189 78
2 8 8 3292 35
5 9 1 655 92
5 4 2 3496 4
4 8 3 3215 17
5 6 1 2662 97
9 9 4 1058 71
4 7 2 2517 51
7 6 1 429 92
7 5 8 3629 68
6 5 8 1481 85
1 7 8 850 93
3 1 4 3732 14
1 5 6 2044 23
3 3 9 3216 36
7 4 8 1918 83
2 1 5 1606 5
8 8 8 3114 18
1 7 4 2192 64
3 6 6 571 48
9 5 8 916 17
7 7 2 3640 47
8 5 4 1819 15
3 9 7 135 25
3 9 2 3248 76
4 4 1 1242 71
1 6 6 787 10
5 3 3 717 14
7 4 9 1507 7
8 4 5 2856 40
3 3 8 636 71
1 9 6 2997 90
9 1 5 2517 9
6 6 2 3196 24
5 6 8 2788 4
8 7 5 62 60
5 8 2 2278 15
5 8 4 2292 98
6 1 2 3371 42
7 9 1 2366 83
4 7 6 3428 70
3 2 1 3249 18
3 2 8 3186 12
9 6 8 1636 98
4 3 1 2836 34
4 7 2 3742 27
5 8 9 783 97
1 1 6 136 26
4 7 9 2542 78
3 3 7 2989 93
7 5 8 850 51
1 8 6 2336 4
3 7 1 3407 35
2 9 1 730 85
7 2 2 2289 18
4 9 9 1646 83
7 8 6 3538 94
4 5 8 3733 48
9 1 8 242 6
8 3 4 2542 48
1 7 6 2839 26
3 2 4 1221 95
2 6 7 969 99
8 3 8 2827 6
8 6 2 1600 23
8 3 9 942 84
7 6 9 2617 86
1 2 3 1577 39
5 7 6 584 39
1 1 9 240 21
2 1 1 438 2
1 8 3 3183 40
5 8 1 1688 23
9 3 2 2940 66
4 3 9 2605 68
5 4 7 829 55
2 6 7 3234 76
5 7 8 345 11
3 5 3 1882 45
1 7 6 2468 66
7 1 8 2958 4
4 4 6 687 97
7 7 4 2906 66
3 5 1 1827 16
4 6 6 2187 60
9 3 6 1418 83
5 1 6 902 99
9 1 1 2667 3
1 9 2 287 51
3 7 6 2608 80
8 6 2 3509 22
3 7 1 3568 23
4 3 1 2605 22
8 1 7 2319 73
1 4 1 3335 82
6 4 4 2378 45
1 8 5 3529 17
9 2 6 433 13
6 1 1 299 23
1 6 2 768 39
6 5 3 2996 84
1 9 1 980 61
3 5 6 2508 57
1 4 5 1898 38
4 3 5 643 77
4 6 6 2266 48
6 7 5 210 71
8 5 3 2093 11
7 7 2 1900 42
8 5 2 461 92
7 2 7 3502 51
4 8 9 590 31
1 8 8 1208 53
5 9 9 521 37
6 5 5 1825 22
5 6 2 1463 22
8 2 8 1191 22
8 8 3 2360 16
3 9 6 3180 23
3 1 4 1474 95
4 1 2 2285 16
7 7 1 2901 97
3 3 1 2844 35
3 2 6 1340 28
3 2 3 3540 26
8 2 2 3255 77
3 1 7 2769 75
4 4 4 2112 40
4 2 2 772 35
6 8 3 1223 63
5 1 7 1394 69
1 2 1 1131 47
7 5 6 1361 67
3 3 7 3598 68
2 4 6 1649 60
1 6 4 3433 85
4 5 8 307 23
3 6 3 643 50
7 7 6 385 67
3 1 4 2651 17
6 3 2 3291 62
1 4 5 2995 6
7 5 4 709 74
3 1 7 1913 35
8 9 4 2719 39
3 2 8 2637 33
4 1 4 2869 95
9 2 3 2086 10
8 2 1 871 4
5 9 1 559 81
1 5 6 2385 62
7 5 4 1007 35
1 4 7 172 70
2 2 2 2570 49
3 8 3 2686 71
1 7 2 404 2
2 3 1 3309 60
2 1 3 2613 74
3 2 7 2886 55
9 4 7 1153 41
9 9 7 2253 23
6 1 6 1960 35
2 1 6 2018 5
8 5 9 880 48
2 9 8 407 90
8 3 5 2454 82
1 8 2 2791 87
8 8 4 153 47
4 2 2 246 49
7 6 2 2495 68
8 8 7 1271 6
1 9 5 354 97
1 6 5 2432 69
1 1 7 2882 17
2 2 2 665 80
9 2 6 2712 74
1 6 5 2115 47
7 8 5 1281 13
9 8 5 1611 92
1 2 9 2964 83
7 5 6 2475 12
6 7 4 2678 79
6 7 7 3595 94
2 3 3 696 18
5 8 7 3168 63
6 3 7 468 25
1 8 4 2000 58
1 3 7 1306 56
2 6 1 375 53
7 7 3 2760 6
6 3 9 2709 55
1 7 7 2382 99
9 1 2 497 31
3 4 9 3179 13
6 8 9 1835 80
9 5 4 2554 49
5 8 7 370 19
5 6 2 2680 9
8 7 6 1892 17
2 8 7 1470 18
6 5 7 1927 57
2 9 1 756 27
7 9 1 404 17
1 3 7 3010 19
7 6 8 3040 72
8 2 6 3491 68
4 2 6 354 93
9 7 1 204 75
6 1 6 372 20
8 4 3 986 59
7 3 3 1761 100
9 4 5 1814 10
9 6 3 827 64
9 5 7 1818 49
8 4 5 2493 95
1 1 8 2792 15
6 2 6 726 11
3 7 1 462 87
2 2 5 1818 65
1 2 7 3102 61
9 9 4 1999 80
1 2 6 748 25
4 6 8 831 1
4 8 1 3457 46
5 1 1 2249 66
5 4 3 3133 79
3 8 8 1610 79
2 6 6 270 8
1 3 1 1007 90
4 7 4 2394 26
7 2 3 2230 67
8 3 7 946 73
1 6 8 3284 100
7 6 2 2675 47
1 5 3 705 9
1 3 7 3616 45
8 5 8 1992 96
6 5 9 2449 78
8 9 9 3652 17
5 7 7 2666 18
9 9 4 118 19
8 1 9 992 56
5 5 1 553 13
4 5 4 1946 5
6 3 6 1443 50
5 7 8 2161 21
9 8 3 2219 25
4 5 8 477 88
1 5 6 1136 1
9 4 9 1785 10
6 7 7 3677 59
6 6 7 251 7
2 2 7 967 9
7 2 9 826 6
5 2 3 1074 51
9 4 2 1673 71
6 8 9 3225 51
4 4 6 2807 70
9 2 7 2142 76
8 9 6 2294 90
9 6 3 675 98
7 2 9 3431 55
5 3 5 2386 62
4 1 8 2374 37
6 7 7 1836 23
7 3 5 2340 79
8 7 6 1614 100
4 8 2 3188 10
8 9 2 3322 95
4 2 2 2328 55
5 7 6 3319 62
5 8 6 3592 31
1 8 9 3110 56
6 1 7 1851 28
7 2 2 1689 3
1 5 6 256 31
9 1 3 172 85
3 5 9 2938 93
4 8 9 801 63
5 7 9 699 93
2 2 1 2968 95
9 4 8 2028 18
8 6 1 1946 19
9 7 6 1527 84
3 1 7 1572 89
7 4 2 817 1
5 6 1 313 90
7 9 1 2414 5
4 7 9 944 87
7 5 6 639 80
1 3 3 1857 13
7 3 2 1536 73
1 9 3 354 41
5 4 4 1102 30
1 9 3 2587 29
1 9 5 3090 52
4 7 2 489 17
8 4 4 1322 35
2 5 8 1860 3
2 1 5 2137 42
6 3 2 2571 87
1 9 9 3342 61
7 1 9 1509 32
8 1 4 1218 31
5 7 8 1232 21
3 9 9 2948 77
1 9 1 2568 93
3 9 1 42 64
3 2 5 563 14
8 3 2 2679 12
8 5 7 1548 34
6 3 6 1955 78
9 9 7 3741 41
1 6 1 2901 29
5 1 7 1454 80
3 8 4 309 60
3 5 1 216 14
6 6 4 1683 89
9 7 5 140 66
6 5 1 1762 29
6 7 3 1672 72
7 6 8 1445 1
3 4 6 995 19
5 5 3 2806 76
2 7 1 666 86
2 3 4 2362 83
2 6 6 3602 53
9 6 4 3372 57
2 3 4 2368 86
2 8 5 223 2
6 8 3 2630 87
9 9 8 1455 67
3 9 8 120 80
3 9 8 2619 1
8 4 2 1798 18
4 4 8 1572 90
5 6 4 812 9
2 2 2 520 40
7 8 4 54 7
4 6 8 2256 90
6 3 8 655 59
2 3 8 400 66
5 2 7 3354 55
7 1 2 846 62
5 7 6 1680 37
6 2 4 563 8
8 4 3 2215 54
9 1 3 844 26
4 4 8 2402 37
7 2 1 3155 31
3 5 2 901 6
5 2 6 2179 57
4 7 9 721 27
5 1 4 2076 57
4 2 7 3001 94
9 3 1 3130 3
1 1 7 2468 33
7 5 7 3283 4
8 8 3 2985 41
3 4 6 3611 18
3 5 5 389 19
4 3 6 1922 33
8 9 3 1016 90
9 1 4 1672 17
5 8 7 2013 98
8 4 9 2010 91
6 6 1 3565 52
3 1 2 1349 9
9 5 9 2169 3
5 8 8 2901 88
5 9 3 2599 87
7 5 9 2596 36
7 6 6 3338 14
9 4 7 791 86
2 1 4 2016 35
1 3 2 2424 34
6 6 5 2984 83
1 6 7 2378 16
9 1 5 661 85
2 6 5 2599 98
5 9 3 567 95
6 8 2 466 38
1 9 9 2462 43
8 9 5 1487 92
6 1 1 1454 47