250
3 8 1 1503 43
4 1 4 288 30
7 6 7 1292 3
5 9 6 185 13
9 9 8 1103 17
3 9 4 434 32
3 6 2 1289 36
5 1 7 634 29
1 7 4 332 32
7 8 4 952 48
1 7 5 1462 15
8 6 1 496 13
4 1 6 1828 46
8 8 8 346 47
2 9 4 81 49
8 8 3 98 25
5 1 8 631 13
9 8 5 995 45
7 3 8 1016 28
1 5 8 1662 40
5 1 9 1079 21
3 4 9 1355 1
2 8 5 1541 41
6 3 3 909 16
6 2 7 1038 19
2 7 4 1346 31
1 4 6 923 13
2 4 5 535 45
1 6 1 727 48
6 2 3 890 34
9 3 3 1604 20
8 1 2 967 13
8 6 2 848 50
7 6 3 1384 9
3 6 4 598 18
1 7 1 608 6
6 7 5 267 41
8 1 5 1062 25
7 7 8 1262 19
7 4 1 1605 34
1 9 5 156 23
8 2 1 1234 22
5 1 8 1050 23
1 2 6 1305 39
2 8 6 1502 42
4 7 8 1042 33
6 5 1 1617 44
2 9 7 1588 43
6 5 2 197 49
4 5 9 266 50
2 6 6 1578 49
8 9 7 1242 3
5 5 6 1745 39
1 6 1 31 15
9 3 9 51 31
9 4 9 993 20
8 3 6 1338 42
2 1 4 877 38
9 9 8 816 41
8 5 5 973 26
6 5 4 1247 15
4 4 3 1353 28
4 8 2 1499 47
4 9 8 342 1
6 6 4 520 36
8 8 1 351 42
5 6 5 128 13
5 4 4 631 41
3 3 1 1680 46
4 4 6 1266 30
3 7 5 997 16
4 4 4 905 19
4 6 2 1873 44
7 8 3 1749 27
4 9 2 1447 10
3 7 5 505 14
8 8 6 1804 14
4 3 2 500 48
8 7 9 62 31
1 6 9 350 14
6 1 6 375 3
3 7 8 1836 29
6 2 2 1608 7
7 5 7 54 45
4 5 2 568 41
8 6 2 1541 31
9 6 7 1859 50
5 6 8 1778 1
1 5 9 1245 34
6 4 6 464 27
4 2 8 1606 29
1 7 7 372 39
6 5 7 1526 4
5 4 5 1232 1
3 9 2 424 4
5 8 3 67 5
1 1 9 1776 26
1 2 7 736 19
8 6 8 680 5
4 8 7 399 17
5 4 8 1737 23
9 5 1 1729 6
6 8 9 1023 49
9 7 7 1144 22
7 5 2 281 44
9 5 4 1807 1
4 3 5 618 31
2 9 6 995 12
5 3 6 824 25
8 7 9 421 30
4 3 6 944 19
1 3 4 825 14
3 5 3 824 35
8 7 5 250 45
5 5 4 798 42
4 1 6 984 31
7 7 6 868 29
7 2 2 1619 1
1 2 7 1397 19
9 7 8 783 20
3 8 1 643 12
2 2 4 1227 38
3 4 2 1722 21
4 6 5 586 2
4 7 9 109 40
3 8 8 501 40
6 3 1 532 26
4 6 9 898 22
6 7 3 1720 14
3 8 3 988 16
3 1 4 265 50
6 4 4 1822 17
1 4 9 560 50
9 1 6 1513 12
8 5 7 99 13
9 4 3 746 7
8 7 7 905 42
8 1 3 1493 10
6 6 2 1107 44
4 1 9 1401 42
6 5 7 1556 19
4 2 3 604 41
8 3 7 370 28
6 4 1 65 46
1 6 1 681 36
2 8 6 756 9
6 8 4 1541 49
7 1 6 1137 38
1 1 5 1704 45
7 8 5 809 30
3 3 6 1262 5
6 8 4 1026 27
7 9 5 472 46
6 5 6 1521 48
2 2 7 1127 38
6 2 9 853 22
5 2 7 1205 14
5 7 4 163 47
1 5 9 1136 1
2 4 2 551 13
8 9 3 1410 31
6 5 5 425 49
7 4 2 1738 37
1 9 2 1716 39
9 8 3 1079 7
2 1 6 1398 25
1 2 3 1619 39
9 1 3 337 13
8 3 7 1666 1
8 7 8 262 1
4 1 2 1419 20
7 8 1 1562 32
8 1 6 1306 34
5 9 8 425 39
8 8 4 458 30
5 5 4 393 4
2 8 6 210 29
4 1 9 489 21
9 5 5 497 42
7 5 8 1072 3
7 3 7 528 25
4 9 8 1445 46
7 1 5 154 13
3 5 9 680 14
7 3 5 364 34
5 1 6 507 48
4 6 8 585 17
6 9 9 1599 45
7 3 3 276 10
5 9 7 1482 17
8 3 6 1792 47
2 6 2 108 48
8 8 8 1515 28
3 6 7 415 46
2 8 4 1049 5
4 6 6 123 24
3 9 4 1669 7
9 8 1 1457 18
9 5 5 991 31
2 9 9 359 29
2 2 7 371 27
1 7 9 389 43
2 3 1 1606 40
2 2 5 1151 48
9 9 1 1325 8
6 3 4 1514 8
6 9 2 1630 45
6 8 6 1667 50
3 9 5 585 13
9 3 1 1395 18
2 5 6 1430 19
1 5 8 448 10
9 5 5 1862 3
2 1 3 194 44
5 3 6 1434 21
9 2 4 706 44
5 8 1 1023 11
4 7 9 698 31
9 7 7 47 24
7 5 3 1069 25
4 7 9 343 22
8 2 1 1835 32
9 2 3 1656 40
2 6 6 696 17
7 3 1 1682 6
9 1 7 911 48
2 9 2 723 46
2 4 5 1378 27
4 9 4 845 22
6 5 1 1287 8
6 2 9 1138 34
4 3 8 1737 46
8 9 4 176 26
6 8 9 827 30
6 8 1 1547 10
4 8 8 191 43
2 4 3 1036 8
3 9 2 595 20
2 8 9 1402 10
9 2 3 1207 33
9 1 5 1111 3
3 1 3 1728 34
1 8 3 1163 37
7 5 5 836 39
3 1 5 197 24
3 7 5 1121 13
5 7 6 1332 8
1 9 6 1025 46
5 8 3 752 30
9 8 6 543 46