300
3 3 7 1243 58
6 4 4 2168 35
2 8 3 530 44
6 7 8 870 1
4 7 1 37 55
7 7 5 1133 36
6 9 8 166 49
3 6 4 234 19
2 6 1 2041 30
8 6 1 2053 42
3 7 2 1423 34
9 2 5 1030 23
4 3 4 1112 32
9 8 3 1394 45
7 4 6 52 32
3 3 9 742 34
9 7 4 1375 9
7 6 7 666 12
2 9 3 1289 45
4 7 3 991 27
9 9 5 992 41
5 1 9 1810 31
2 5 8 1538 2
5 1 2 2112 43
9 4 4 123 48
5 8 1 1845 15
3 5 4 1594 8
8 4 6 1584 27
9 5 6 287 10
3 1 2 1242 21
8 9 3 1011 55
1 5 4 1316 35
8 5 4 1697 10
5 2 8 2182 7
2 3 8 1303 53
4 3 8 783 46
2 7 3 730 28
7 6 5 990 11
1 4 3 950 20
7 5 5 881 38
9 6 5 857 7
8 6 5 1870 35
6 6 6 1000 24
7 5 4 237 15
1 1 9 1246 21
9 2 2 1875 4
9 5 7 448 60
8 2 6 1954 11
1 5 3 2073 59
3 3 8 1102 56
7 4 8 274 2
2 6 8 2008 38
3 1 5 1219 36
5 7 2 1664 28
8 2 7 1736 26
4 3 8 1560 56
5 1 9 965 7
1 7 9 490 50
7 7 2 1524 14
6 3 8 1852 47
6 1 7 250 20
4 3 4 2163 33
8 8 1 894 15
2 4 6 154 27
1 8 3 2197 4
3 9 1 202 50
7 7 5 454 9
6 9 6 1954 43
5 2 8 1293 37
7 8 8 1557 32
7 2 4 210 28
9 8 2 1368 9
6 8 7 440 35
9 2 8 1946 49
9 1 8 1307 55
5 6 6 157 39
2 3 4 211 34
3 7 9 1855 55
2 8 2 1828 8
9 6 7 1998 29
4 5 9 1656 10
1 4 4 246 16
7 2 5 331 41
2 4 7 1151 39
3 1 2 852 24
9 4 5 2057 21
4 3 6 2248 20
4 9 3 826 28
2 9 1 574 14
4 3 7 733 59
1 4 3 1744 19
1 6 4 287 41
8 6 3 689 3
4 2 9 2249 26
8 8 9 1358 50
8 2 1 576 25
4 2 1 1267 2
4 2 6 1761 14
5 7 1 490 4
8 7 7 614 36
7 3 1 1098 60
2 4 7 1835 26
1 7 9 1924 52
6 4 5 1685 58
7 8 7 793 13
8 2 1 407 6
8 1 9 616 20
3 9 8 1248 47
4 2 8 2018 41
2 2 9 305 34
9 8 7 1191 2
8 1 3 406 14
7 1 6 1216 50
3 4 1 71 47
6 6 3 132 33
7 1 1 106 36
2 8 3 1031 10
3 1 4 1775 37
8 9 1 1437 3
9 1 7 1508 10
4 8 4 1854 48
4 6 6 170 45
2 9 3 2182 55
8 7 2 212 15
2 2 5 479 50
7 1 2 2004 49
5 3 2 1988 56
8 8 4 1936 15
5 5 3 94 57
8 8 6 179 40
7 2 1 778 22
2 8 3 403 29
3 8 9 833 60
8 3 2 1128 29
6 9 6 2243 60
6 7 2 459 55
2 8 4 1841 50
7 5 3 598 41
3 9 9 796 19
8 9 8 1280 50
4 2 8 457 47
7 6 4 715 54
8 3 1 1037 7
9 2 7 2248 6
6 1 1 687 4
9 5 8 279 35
1 4 2 1305 48
4 6 5 384 59
4 4 4 1153 12
6 5 4 872 10
3 4 4 1790 2
2 8 3 1158 15
7 9 4 1086 39
3 9 1 1680 34
7 5 3 839 47
9 1 7 299 27
9 9 8 2231 30
7 4 2 2087 53
1 9 6 2214 38
2 4 1 2002 25
2 7 5 1115 20
6 4 7 2100 24
5 1 9 694 42
7 8 6 1459 59
7 4 8 928 47
2 7 5 638 12
2 6 3 421 35
9 8 3 1256 29
5 3 8 666 21
2 2 8 80 21
2 5 8 1057 45
7 8 4 548 46
4 9 1 228 7
2 3 1 2084 54
2 5 3 1320 3
3 5 7 1208 8
3 9 7 298 40
9 5 2 515 2
6 2 2 549 5
9 3 3 171 48
8 9 8 659 10
5 7 5 1452 43
1 1 1 1185 42
8 6 8 337 57
9 1 6 201 1
1 7 9 1556 18
7 6 7 1006 44
2 1 6 252 50
7 1 6 773 1
6 1 6 1747 26
3 8 6 1059 5
9 3 9 444 53
3 2 9 2056 39
3 9 5 147 30
9 1 3 1557 40
7 2 2 1773 56
2 4 9 1777 57
5 3 5 484 34
2 8 7 456 53
6 2 5 1163 8
8 1 4 1559 50
5 7 2 53 18
1 8 3 1935 50
9 9 9 1590 42
2 1 9 788 4
4 4 3 1153 23
3 7 3 436 1
6 5 3 671 29
4 5 5 2036 36
7 8 2 2105 33
8 9 9 720 58
4 9 9 2218 16
2 6 2 1020 29
7 5 7 969 51
3 4 6 1693 36
9 4 9 147 49
5 5 4 1242 14
2 4 7 2164 22
5 7 6 856 14
2 8 7 369 18
3 4 7 624 44
1 5 9 764 42
3 6 9 300 32
1 2 3 692 23
2 1 9 1363 13
3 2 4 813 34
8 8 7 306 55
2 3 2 1047 5
4 7 6 510 22
2 2 7 896 52
3 4 7 1340 33
2 6 6 2215 45
1 4 8 374 30
8 3 9 2058 32
3 4 3 240 27
4 1 9 102 11
1 1 9 287 3
3 6 9 1606 49
6 3 6 1563 49
9 7 9 1597 41
3 6 6 1694 55
6 6 8 350 49
1 9 3 1568 2
2 9 9 1950 25
6 2 3 753 24
7 6 1 73 60
8 3 8 2205 35
2 4 6 526 34
6 2 9 1040 47
5 1 1 1154 43
1 1 8 1299 20
9 2 7 171 23
4 2 2 2201 20
4 7 6 1271 50
7 6 1 275 23
5 2 3 936 18
9 4 7 1480 49
2 5 6 2204 38
8 3 2 87 19
1 9 9 2108 36
8 3 9 598 42
3 1 6 792 18
5 2 4 2151 36
8 1 8 951 43
7 2 9 313 2
4 5 8 1077 48
2 3 4 2131 37
3 6 3 1130 42
1 9 7 328 57
4 9 9 2128 6
8 2 9 156 8
2 6 4 1783 29
4 4 5 1146 34
2 7 3 1530 43
3 2 7 2118 14
5 9 8 579 31
4 2 6 1447 8
7 7 6 590 33
1 6 2 562 17
7 3 8 2079 38
2 4 8 1799 1
7 4 4 1147 31
3 9 9 470 15
6 2 8 164 3
7 2 4 489 27
7 4 1 2174 38
4 6 1 1388 29
1 1 7 1889 50
5 2 7 1919 20
3 7 8 524 37
5 8 4 1886 22
1 5 9 957 28
8 3 7 100 16
4 4 6 622 25
6 7 2 226 37
3 3 6 140 6
6 8 1 889 7
7 2 4 1589 57
5 2 3 1293 35
8 1 8 1636 54