450
7 3 9 721 30
4 3 8 1940 7
6 1 4 3027 33
2 4 5 2107 43
9 3 9 3158 41
9 9 9 1643 32
2 1 4 462 57
8 7 4 2252 7
6 5 5 2677 19
5 9 4 3073 6
8 7 8 2218 57
6 5 5 2848 35
5 9 5 1873 23
5 9 8 284 14
8 5 6 3036 43
3 1 7 461 26
6 3 7 2872 33
8 8 2 2158 68
5 8 6 163 23
8 8 9 1573 66
9 9 9 519 8
9 8 8 997 66
8 8 5 117 17
6 5 8 669 15
8 8 5 898 58
6 7 5 3332 12
3 4 6 2063 15
2 6 8 1541 40
7 9 4 558 46
1 6 4 2385 36
3 9 3 566 64
6 1 2 1936 28
6 1 2 2323 24
1 3 8 1000 77
8 5 7 3109 32
9 3 8 2523 83
5 6 8 1094 30
3 8 8 2612 37
1 5 1 1864 11
8 5 1 2133 52
6 1 7 2734 71
6 1 1 2478 37
3 6 7 1474 49
5 9 9 661 84
1 2 3 1821 41
8 3 3 1472 64
7 6 7 404 41
2 3 7 691 3
1 6 8 2952 15
8 5 5 559 89
9 5 5 856 85
5 4 7 2062 34
4 8 1 1984 40
5 4 9 1510 26
7 4 4 409 53
4 5 5 3262 70
1 7 9 500 63
7 2 8 2054 38
2 6 4 1492 71
3 1 1 1952 86
2 1 1 1520 23
2 3 7 2270 37
4 2 9 3040 12
1 1 4 760 89
6 7 9 1316 5
3 2 8 1063 55
4 1 8 2830 21
6 6 1 1438 60
5 2 6 3262 5
6 4 1 2805 66
7 2 9 1064 11
6 9 2 2304 90
5 1 8 2444 80
5 6 6 2600 23
9 3 9 1600 31
7 3 6 2292 11
4 2 2 2257 48
5 1 6 331 65
4 5 7 2208 78
8 1 9 759 13
1 6 2 3141 41
8 9 8 1638 29
3 7 4 1199 48
1 5 4 3157 18
7 6 1 811 2
1 8 3 3328 36
4 5 1 3224 61
2 7 1 87 46
9 6 5 1385 8
3 3 2 2113 11
1 1 1 800 22
1 7 2 615 35
4 9 3 36 79
7 4 8 140 11
9 6 1 251 14
4 8 8 3102 79
8 7 3 2702 9
7 9 4 884 60
1 9 4 1021 88
4 8 1 1705 1
6 5 8 2521 88
8 9 6 3154 21
7 5 4 2840 76
8 8 7 285 56
9 4 3 3303 7
8 8 8 305 82
5 1 1 1879 55
6 6 4 1405 39
4 8 5 55 48
6 2 2 521 79
7 7 3 867 9
6 5 8 982 73
4 2 9 1616 14
1 6 9 1121 23
6 6 8 3313 36
3 9 3 466 28
1 3 4 84 89
1 1 8 2780 57
4 4 1 186 12
3 2 8 283 89
4 3 9 442 9
1 8 1 1814 72
6 6 7 2896 21
2 3 4 1628 80
3 2 9 2421 54
6 2 8 1488 89
3 4 2 1771 20
1 8 3 2776 84
2 1 3 579 29
7 5 2 1722 74
2 9 7 3010 9
1 5 8 1198 35
5 8 1 1417 25
4 6 2 2051 46
6 3 5 1509 28
2 4 2 1774 9
1 4 9 183 89
4 6 9 3239 30
1 3 1 2997 69
9 6 1 3009 13
2 1 2 299 46
2 7 5 2656 58
9 2 5 1845 22
7 5 9 2851 24
2 3 7 2404 2
3 3 7 1960 2
3 9 5 959 87
5 5 9 2762 16
2 8 7 733 78
7 5 3 2332 22
3 5 3 1578 15
5 9 6 2557 13
5 3 4 2837 83
3 9 2 2803 48
1 5 9 2648 64
9 7 6 1332 86
3 3 8 205 54
6 6 1 2266 83
2 8 5 1314 58
4 9 2 2560 35
1 4 1 1095 90
9 6 7 2917 11
4 7 4 1513 82
5 5 7 2277 46
7 4 8 537 64
3 2 3 590 31
6 2 5 66 8
1 3 8 2906 62
2 4 9 3339 2
5 7 7 749 42
4 7 9 2568 38
8 4 7 3270 59
3 1 3 1039 88
4 3 5 2106 40
3 4 5 1673 58
2 9 6 1668 82
4 7 2 901 20
2 3 2 1081 65
3 6 1 2383 74
4 1 7 273 3
6 6 7 1456 14
3 3 7 2243 37
1 2 2 765 11
7 9 5 660 43
6 5 2 725 84
1 6 1 2441 1
4 2 6 2524 14
7 5 2 2640 46
5 4 2 686 4
7 7 4 1341 26
5 2 3 1684 27
9 5 8 2854 20
9 9 3 99 38
5 3 5 37 12
8 7 5 193 56
2 7 2 3155 31
2 3 3 2393 7
4 4 2 1422 24
4 8 3 86 5
6 2 9 2975 21
2 5 3 449 4
7 9 2 1896 43
8 5 2 1995 12
8 5 4 60 32
1 4 3 2771 12
6 4 8 874 7
7 8 1 1772 4
3 7 5 1716 14
8 4 3 2186 78
3 1 6 2172 79
3 6 3 137 72
7 1 3 3361 11
3 5 2 2538 16
1 8 3 3180 27
2 3 8 1194 47
3 7 3 1195 52
9 6 8 63 80
5 5 7 274 24
3 9 2 2921 2
2 8 5 3231 71
5 4 7 2944 74
3 7 8 740 15
4 9 8 1479 56
6 7 9 2420 43
4 5 4 2209 86
8 6 6 2444 48
6 8 6 2152 61
2 3 6 2856 63
1 1 5 1142 29
5 9 9 278 89
5 7 7 846 88
9 2 2 3322 18
4 7 2 2494 11
6 6 2 2971 10
5 3 8 477 36
4 7 6 2958 62
2 5 2 3054 31
6 2 4 1269 38
1 3 8 2393 21
5 8 6 2578 78
3 3 2 2135 47
4 2 4 3015 76
5 4 3 3343 19
7 8 1 2056 9
3 4 6 332 33
5 7 7 3361 20
1 6 3 3293 48
3 7 2 1191 4
7 6 7 696 69
6 2 1 2689 89
4 1 3 2863 43
5 8 1 262 41
3 6 3 1699 29
9 6 8 379 17
9 9 8 1456 52
5 8 2 2449 72
5 1 2 792 71
3 5 9 2520 86
6 5 5 353 48
4 7 1 2914 81
6 8 1 1517 40
7 4 4 2267 11
5 8 9 1546 74
1 2 2 954 59
1 3 3 1449 47
5 3 6 2079 37
7 2 6 2809 49
4 5 2 2700 38
7 4 6 180 29
2 3 5 1047 81
5 3 1 3092 59
2 2 6 2613 30
6 5 1 3269 47
4 1 7 2519 2
8 7 2 2081 52
4 8 9 2352 52
2 3 1 1916 89
3 1 8 2186 82
7 3 2 1080 34
9 3 8 1146 72
2 1 3 3090 87
7 5 3 1565 79
4 6 1 1756 63
9 5 3 2713 16
2 2 2 705 20
1 4 5 1367 70
2 7 4 2869 19
9 3 4 1566 33
2 1 4 2546 18
5 5 1 2685 19
5 5 4 1960 75
8 4 5 432 53
7 4 4 1863 54
4 6 9 3213 8
5 2 8 2427 19
8 6 6 1937 49
8 4 7 2919 70
3 8 2 1387 55
4 1 3 420 2
6 5 1 616 40
3 8 1 1423 60
7 7 6 2339 66
8 3 1 969 54
3 9 7 844 64
5 6 3 345 65
3 8 5 1923 87
5 3 3 2892 23
6 9 6 2191 88
2 8 7 2709 58
2 7 9 1542 30
9 1 3 3011 23
3 4 9 2843 79
4 6 7 76 18
4 7 4 2203 55
5 7 6 830 33
1 5 7 3274 31
5 9 4 2147 76
3 4 4 639 33
9 5 1 216 83
4 1 8 2227 30
8 6 1 1349 86
8 7 5 863 48
4 8 1 817 66
4 1 6 208 76
5 2 4 2597 7
4 7 2 2781 20
8 1 4 1278 52
7 3 6 2050 69
3 7 2 2482 45
4 8 8 1170 59
5 8 5 161 9
8 2 7 3351 45
4 8 8 2809 11
9 1 1 3081 52
2 7 3 1565 19
4 3 4 192 50
6 6 8 3225 15
7 4 8 1846 83
3 2 4 1041 27
4 2 3 345 65
8 7 3 2078 51
8 4 3 2807 12
8 2 8 44 7
3 1 2 1874 81
7 9 3 3012 50
7 1 4 273 44
1 7 9 946 25
1 8 7 1304 71
6 8 3 925 76
3 3 2 2179 35
3 7 8 943 41
6 1 7 907 50
5 9 3 846 58
4 4 8 3142 73
1 8 5 1290 88
1 1 2 1821 40
3 7 8 1489 8
1 7 3 1737 27
7 2 4 2474 1
1 3 8 1189 49
8 3 1 2929 53
8 8 2 109 15
4 7 2 2988 86
7 9 5 2234 90
6 1 2 457 55
9 6 8 3037 79
9 8 6 2389 41
1 8 7 1108 54
3 9 7 1347 14
8 7 4 199 73
6 6 6 2992 27
3 1 5 2000 47
4 1 2 1018 53
3 6 3 2689 63
6 1 2 2097 45
7 2 7 2445 17
1 1 8 147 29
9 4 5 2146 6
7 3 6 1797 8
8 4 3 2006 10
9 9 3 2623 42
4 9 5 2648 56
2 8 7 1563 50
5 8 5 1974 42
3 9 9 1703 16
1 7 5 256 83
7 3 9 2980 21
3 5 3 2690 60
9 9 7 831 47
7 5 8 2629 24
1 6 8 3307 90
3 8 9 307 25
3 1 7 2659 12
6 8 6 2139 19
5 3 9 1850 60
7 7 9 2574 61
6 5 4 1022 72
2 6 6 2810 84
9 8 1 799 60
4 6 3 1333 89
9 8 7 1815 76
9 9 7 2444 38
7 2 8 566 90
4 8 1 308 3
7 5 2 3023 52
6 9 7 1898 55
1 9 4 690 86
3 6 7 2319 77
8 6 3 2929 57
3 1 8 1646 61
3 6 9 2749 16
1 9 7 640 47
1 5 1 328 28
9 5 3 1740 85
3 4 7 1104 43
9 2 3 933 60
8 4 4 1192 24
3 4 7 3027 74
2 6 3 126 90
2 1 8 1205 67
7 8 2 2278 65
2 9 1 3245 28
6 8 2 2016 84
2 2 5 1097 6
1 1 9 1755 9
4 8 7 2174 57
7 9 3 965 64
6 8 1 1093 51
4 8 4 283 66
4 8 8 583 89
1 1 1 2975 29
8 4 8 1212 53
1 7 4 2831 76
1 4 9 2435 32
2 2 5 409 38
7 2 9 948 57
6 8 1 1895 73
1 3 1 1740 56
5 7 9 1603 24
3 3 4 1494 22
6 2 5 1490 84
7 8 4 988 47
2 4 7 1700 69
1 4 9 1035 86
2 9 7 746 67
4 1 6 2650 30
3 2 2 3116 79
1 8 2 2527 5
4 5 4 576 67
9 1 2 1364 44