50
2 1 1 163 3
3 2 6 353 2
6 5 7 326 2
7 5 6 119 8
5 5 9 150 3
9 8 8 30 5
1 8 2 262 2
7 2 5 353 9
9 2 3 76 8
2 5 2 186 3
7 3 4 159 6
3 3 7 128 2
2 5 7 292 1
7 3 9 220 6
9 1 7 34 7
6 4 8 115 8
2 7 3 33 4
1 8 4 261 9
6 9 5 214 4
5 2 1 330 3
4 6 4 192 8
1 6 2 30 10
5 2 6 73 3
5 5 7 235 5
9 4 7 261 5
9 8 9 258 3
8 2 8 356 3
4 7 7 353 5
5 6 2 85 6
7 6 3 160 10
4 2 9 290 6
5 5 6 217 6
8 9 9 271 6
7 3 4 262 10
5 1 7 208 9
1 5 7 118 4
3 8 3 279 4
7 5 6 358 9
2 7 8 243 1
7 8 6 286 1
1 4 9 226 2
9 8 4 237 2
1 4 1 77 8
3 2 3 213 9
2 8 1 315 8
5 7 9 348 5
5 8 8 185 5
8 6 6 287 5
8 2 5 195 4
9 9 1 32 9