350
4 6 5 655 32
8 8 1 2466 22
2 1 9 1242 44
5 8 3 2180 6
3 4 8 741 68
6 9 9 908 66
3 9 8 1692 7
6 3 3 1918 51
4 3 5 2413 36
7 3 8 212 44
1 8 5 845 68
4 5 7 2250 43
5 8 4 292 1
6 2 7 280 32
4 7 2 2187 27
9 7 8 1784 22
7 6 4 853 54
6 8 3 1388 54
2 9 2 1239 30
5 4 8 803 1
8 5 3 1320 50
8 4 1 157 61
5 3 4 1200 61
9 7 6 1350 21
2 7 1 219 29
5 7 2 2450 27
9 1 9 2237 1
5 6 2 1319 13
5 5 5 1132 55
9 3 9 249 42
8 7 4 2329 12
6 8 6 602 2
1 4 5 2615 44
6 3 5 364 33
7 5 1 726 27
7 7 5 283 51
7 3 2 1971 39
3 9 6 932 16
8 3 1 56 6
8 7 4 178 27
4 3 3 1623 69
2 6 4 2353 68
9 7 8 706 67
5 7 6 1649 23
4 1 3 1626 62
8 1 3 2058 16
6 2 4 1628 63
7 6 3 741 34
3 4 1 428 6
5 4 4 1081 49
6 7 2 1779 12
1 5 4 2484 9
9 1 6 1650 54
3 6 7 2380 2
1 4 5 704 62
1 3 6 1819 11
4 8 4 797 39
4 5 1 449 5
5 8 6 339 35
4 8 5 290 43
6 9 7 1436 20
5 2 8 563 35
3 9 9 1139 30
4 8 8 2298 8
1 7 3 740 30
4 5 4 743 7
3 6 7 1065 11
9 3 4 1342 70
3 9 8 2136 63
5 7 3 1200 61
6 2 2 227 18
1 6 2 1004 17
3 4 8 2508 24
1 2 4 934 57
9 4 8 1508 67
7 8 5 59 51
4 6 4 521 21
8 3 1 70 70
8 2 5 2516 12
9 3 1 700 59
8 2 3 1662 40
8 2 3 2356 52
8 1 1 856 4
5 4 3 2099 47
4 7 9 102 41
6 2 1 2554 12
4 9 9 1001 41
8 1 3 36 60
4 1 1 385 58
7 7 6 1872 59
8 5 5 358 8
6 5 8 2163 49
4 8 7 2163 40
5 1 8 747 22
2 8 3 1809 68
4 5 3 519 44
7 4 7 1775 46
4 2 7 1776 50
8 1 3 1036 63
6 3 9 1389 70
2 9 1 1544 29
8 8 1 719 12
4 8 3 1673 11
4 2 2 1359 10
7 3 4 1177 33
3 8 2 2371 62
6 4 1 2339 9
7 9 3 1335 64
8 3 6 1275 58
1 7 3 1715 60
9 7 7 1625 30
7 6 4 2121 16
5 4 7 2421 59
2 1 6 1188 56
5 7 2 654 5
4 4 5 2320 4
7 6 3 1300 57
9 7 7 749 37
7 1 1 1429 59
9 7 3 1901 64
1 8 9 1914 64
8 3 1 916 47
2 8 2 2557 38
1 1 4 386 59
2 7 1 1810 15
6 7 8 1356 68
9 6 9 986 42
5 7 4 876 62
8 5 7 918 36
4 3 8 1901 67
5 9 2 2265 65
6 2 3 792 56
1 6 4 65 32
7 9 3 1750 32
8 7 7 1647 67
5 8 8 769 50
9 8 3 1158 49
2 3 8 278 39
2 2 8 2457 2
8 3 2 2005 1
3 5 2 1462 61
4 9 4 551 23
9 9 8 1465 47
5 8 8 1877 1
9 3 8 272 48
6 5 9 249 39
3 2 7 795 46
1 5 1 98 23
6 8 8 779 52
6 9 4 2081 3
9 8 6 704 65
3 3 3 1010 28
3 5 5 1410 40
8 2 9 1797 47
2 8 7 885 29
2 9 1 855 35
6 8 6 2494 65
3 9 5 615 18
3 7 8 2258 50
2 7 5 2218 10
4 6 1 2190 47
5 6 6 539 49
4 5 6 1817 68
9 6 5 2453 48
9 2 9 1514 4
8 5 4 1299 19
4 2 2 1510 15
9 2 4 1354 53
3 1 2 1622 49
8 9 9 1517 14
7 3 5 119 45
1 8 2 1480 41
5 5 5 1408 46
5 7 1 2568 66
9 7 7 264 2
4 2 8 395 56
8 1 1 2381 40
1 1 1 970 55
2 3 7 2238 55
4 1 1 143 5
9 1 4 2509 47
3 9 1 1473 5
1 6 5 473 25
4 3 6 1522 11
7 7 9 922 68
8 3 7 1918 44
6 1 6 830 49
7 5 7 2220 37
8 4 2 1650 12
5 3 4 1043 50
6 1 6 1902 65
4 2 9 1158 31
6 4 6 1544 62
8 4 4 1253 1
8 4 2 2172 46
8 7 1 1172 8
3 1 8 473 8
7 6 7 2514 9
2 4 8 1519 7
2 1 8 896 37
7 3 1 1732 22
1 9 7 259 13
3 8 6 2016 66
7 4 6 2483 1
3 3 8 1585 45
9 2 2 1536 70
3 3 3 1724 27
2 6 2 596 10
5 3 9 2104 36
1 9 5 1350 52
9 9 5 2018 20
5 4 8 727 50
5 3 2 1440 8
7 1 9 2156 64
6 4 5 2302 49
1 6 7 244 43
9 9 6 1475 50
3 8 3 699 48
9 9 1 1538 9
4 5 3 1194 19
6 1 2 482 70
8 1 6 2192 17
7 9 1 732 57
1 3 5 816 11
7 5 2 2490 61
1 8 6 1678 67
6 4 9 1342 32
6 5 2 544 52
6 1 5 140 7
1 1 9 351 19
3 2 3 1300 29
5 2 4 1266 23
4 7 4 795 12
9 8 2 285 3
9 5 9 1085 58
4 5 2 2342 4
6 5 5 2356 41
7 7 1 211 43
5 6 5 2331 20
8 1 8 1067 48
5 4 6 1684 43
2 2 8 554 66
6 3 9 1048 61
5 4 9 1564 34
6 5 7 722 38
8 3 4 2610 37
6 1 6 1555 9
2 7 9 2583 15
6 6 1 2373 15
4 4 6 616 46
8 8 9 2532 56
1 9 9 1890 58
9 7 1 1253 48
8 7 3 713 47
5 4 6 878 35
8 8 9 2283 8
6 6 1 1865 69
4 9 8 714 28
9 1 4 2233 43
4 4 3 2519 3
9 8 1 730 22
8 7 2 393 4
1 3 7 1338 29
1 9 2 500 40
2 1 3 962 39
5 8 6 415 1
6 5 9 657 67
9 7 4 1642 67
6 8 4 2133 67
5 5 3 719 22
3 7 1 1495 3
6 3 7 806 52
8 7 1 1847 1
5 2 5 648 40
2 4 7 603 38
6 3 1 1735 64
4 8 1 158 54
3 8 7 46 46
2 5 1 886 61
5 8 2 610 25
3 8 7 2518 47
2 2 4 2625 63
9 4 9 860 46
8 4 8 1107 28
1 9 9 1671 47
5 3 7 876 41
1 6 3 1563 1
6 5 6 2370 47
4 3 1 936 19
3 7 3 820 35
7 3 6 1257 29
8 7 2 1791 37
3 9 9 567 8
8 5 5 1487 66
1 4 5 892 62
5 4 4 2533 66
7 8 6 187 22
9 4 4 1434 19
2 1 1 1081 64
7 1 7 471 58
7 6 2 2205 8
5 8 6 1802 49
2 9 6 1336 68
6 6 8 839 40
1 5 8 1606 26
4 3 9 2504 44
3 8 2 2240 51
7 1 8 1798 2
5 4 3 337 44
3 2 9 1428 51
7 6 6 1253 2
1 5 9 402 4
3 9 8 197 32
8 6 8 758 9
1 5 5 347 6
6 1 9 130 6
1 6 2 1434 69
2 3 7 472 24
8 8 4 1170 50
5 8 8 626 35
8 2 4 1698 57
6 3 4 1967 67
9 6 9 2177 6
2 9 2 1265 52
2 6 3 2057 20
6 7 9 1255 41
2 1 9 1090 18
4 4 8 2252 2
9 4 1 2475 31
5 5 8 464 42
9 6 2 803 19
1 4 4 639 28
6 8 4 2245 60
3 2 2 2288 19
3 6 4 1722 64
6 3 9 279 36
1 7 3 938 30
9 7 6 2342 13
7 8 7 590 62
3 7 3 912 21
3 8 7 1218 27
8 8 5 1923 46
8 7 4 748 36
2 3 9 831 20
4 6 5 2297 22
7 8 4 1281 27
1 5 1 2199 47
1 9 9 1919 15
3 7 9 2503 44
8 1 4 512 48