400
9 8 2 2967 47
1 3 2 167 19
1 8 9 2219 35
1 2 6 300 33
5 5 7 1117 75
4 6 5 634 22
6 8 2 1699 29
5 2 8 780 6
1 3 8 1677 61
1 7 1 1412 7
6 4 2 2597 44
8 7 9 1305 69
8 5 5 2351 71
2 1 9 1066 63
3 5 4 1380 28
4 5 3 1669 26
1 9 2 2370 8
5 2 6 2321 8
8 2 7 1574 39
4 7 3 886 39
4 4 8 1147 8
5 4 3 1713 13
4 5 4 1752 67
2 5 1 903 16
5 4 3 523 54
6 9 3 2459 78
1 6 1 2002 77
1 9 3 1657 77
2 4 9 1355 18
6 3 7 612 3
7 3 9 1951 67
7 2 5 2232 8
6 6 5 1952 64
7 9 6 2230 80
3 7 3 1236 34
7 1 9 1478 40
4 5 3 619 53
3 7 6 252 40
4 6 8 1929 33
2 8 2 55 41
2 6 1 771 44
7 4 2 2487 56
6 3 2 2578 69
6 8 3 326 61
2 7 3 2548 61
7 5 3 1724 62
6 9 7 2414 73
2 7 6 1384 13
1 8 6 1079 33
1 7 5 738 28
1 4 1 1010 80
2 3 8 1945 26
4 3 2 2944 46
8 7 3 1262 14
8 5 8 1088 78
7 3 1 307 31
7 4 5 1202 18
5 9 8 1062 52
8 8 3 1559 70
8 7 6 69 21
8 5 8 2160 55
2 5 9 2388 22
4 4 8 1966 10
3 3 6 2214 19
8 3 4 654 10
7 8 5 2192 57
9 8 5 953 13
5 4 1 632 68
5 9 2 2575 50
9 4 3 1972 5
1 8 5 626 40
5 8 8 2736 36
5 3 1 2201 47
3 3 8 1476 78
8 6 3 2368 71
1 4 1 1815 38
4 8 7 2531 64
5 3 6 2923 21
8 1 2 314 76
5 5 6 866 58
9 5 5 2498 43
3 5 9 758 12
9 2 2 2477 74
2 5 9 2821 10
9 8 5 448 73
9 8 7 227 42
4 6 5 1870 8
7 9 3 1109 50
1 2 9 1478 19
8 4 8 1922 9
6 9 4 925 72
1 6 7 1501 71
6 6 9 2567 48
9 7 8 992 56
4 2 6 267 13
7 6 7 2688 4
7 4 4 2648 2
1 3 1 1906 17
7 6 3 2868 74
8 1 7 989 75
3 4 3 2196 31
1 2 6 2750 8
1 8 2 836 41
1 3 6 451 45
4 1 9 514 12
9 8 1 1507 7
3 1 3 136 19
3 8 4 116 22
1 5 1 1723 56
3 3 4 2123 61
9 7 5 2751 68
6 8 9 1524 15
1 6 2 1095 47
4 2 2 280 7
6 2 4 125 57
8 9 6 1284 8
1 8 7 1345 78
9 6 5 2920 20
7 5 4 2129 65
7 9 4 541 28
4 7 7 228 73
4 1 6 642 25
5 3 5 1989 24
3 5 4 2602 26
3 8 8 740 31
1 9 9 1388 67
4 7 8 1446 76
8 2 4 362 49
7 9 7 1904 73
1 9 4 2431 75
2 5 5 90 62
1 8 4 2625 16
3 9 6 623 6
8 5 6 992 2
6 9 6 1147 77
7 1 2 1236 57
9 2 3 961 63
2 6 7 972 33
9 9 3 2151 31
2 5 2 2659 73
5 3 1 2707 50
1 8 1 642 25
1 9 2 275 36
6 6 5 2212 69
5 5 7 418 31
6 5 1 2158 43
7 2 5 325 40
7 2 7 499 45
2 7 9 1122 54
9 6 1 2029 79
9 2 1 920 20
7 3 7 2476 54
9 5 6 1582 16
6 1 3 2655 30
9 3 7 2078 69
1 8 7 2399 44
7 2 5 2479 32
2 8 4 799 38
8 4 3 1168 37
3 6 7 1492 10
8 3 1 2407 32
5 4 5 496 67
7 9 1 1500 22
8 9 6 2856 41
3 6 2 1364 72
9 6 1 2860 8
5 6 1 762 80
9 6 8 1699 4
4 2 6 2459 3
9 4 2 828 11
2 8 3 1066 50
4 3 7 1532 64
3 5 3 369 54
9 3 9 2071 32
9 8 9 705 1
1 5 1 212 34
6 5 6 2355 57
2 3 3 2837 65
1 5 2 728 78
3 5 6 1930 10
5 3 9 2125 48
7 8 4 838 76
4 6 9 2745 2
7 2 5 1400 11
1 2 6 2315 67
1 8 8 2307 43
5 9 4 2259 70
4 1 9 412 13
1 6 7 2782 29
8 1 5 2303 48
2 7 7 828 18
7 9 9 2274 21
7 2 6 2322 78
4 6 2 2440 11
7 4 4 853 17
9 4 9 1977 27
6 7 3 2828 26
2 2 5 2725 72
6 8 2 1044 21
1 5 7 2120 66
1 3 7 1216 76
3 6 7 2160 44
9 3 7 1819 73
1 4 6 1574 45
9 6 4 2077 70
7 5 2 2048 1
5 3 2 1236 36
3 8 7 1663 13
5 2 8 1815 21
7 9 3 2724 27
2 4 8 2693 53
2 7 5 2357 19
3 3 3 1225 40
7 5 8 665 34
7 5 8 2838 73
1 5 1 1723 1
4 2 5 2334 32
9 6 2 2488 80
7 6 3 1893 10
1 7 6 1087 22
9 9 7 588 29
6 4 2 833 14
5 5 7 858 68
6 1 4 2988 26
8 9 1 1807 51
9 1 7 1232 9
2 9 8 2437 67
3 1 3 1853 32
5 8 2 1629 35
4 5 5 1047 57
5 7 9 919 31
2 1 6 2839 9
2 3 8 512 60
4 3 1 902 61
8 6 9 2664 55
3 7 1 2259 66
4 8 2 47 37
5 4 8 1386 78
9 9 2 1542 64
7 6 1 2100 74
6 1 8 2328 12
1 4 4 628 19
6 5 4 2787 11
6 1 8 1531 54
9 3 5 83 22
2 3 2 1401 6
4 2 1 207 43
5 9 2 89 32
6 7 2 2181 63
8 5 8 2608 24
2 6 6 863 76
3 9 2 2141 16
4 1 7 207 79
2 1 9 1630 42
5 6 5 1733 63
2 7 3 988 45
6 9 1 1480 18
2 4 7 2666 10
9 1 7 816 56
6 6 5 1488 14
1 6 8 2041 46
8 8 1 1430 62
6 7 7 2571 5
9 4 6 2605 74
8 4 5 1682 12
5 2 2 33 18
2 1 2 790 47
4 4 4 654 26
8 5 8 1448 40
5 7 3 2318 3
5 7 5 923 74
9 3 2 347 59
6 3 6 1847 48
5 4 7 2827 26
1 9 4 2318 42
7 9 1 1792 2
1 3 5 1678 40
1 3 2 1817 24
5 2 2 2379 17
3 1 7 827 22
4 3 8 1214 28
8 1 2 445 64
3 2 2 1830 50
6 2 8 2717 24
8 3 4 964 38
5 8 9 656 56
5 6 9 1391 15
3 4 3 60 80
4 3 7 961 31
9 8 8 2489 73
7 1 6 1682 13
3 3 7 2940 71
9 7 9 254 62
1 8 3 421 71
3 8 1 258 15
1 5 4 1237 69
2 5 2 516 56
3 6 1 235 39
7 6 2 1042 75
7 6 8 2421 10
6 2 3 2197 53
5 8 6 1292 51
5 6 8 1405 52
8 2 5 2261 65
1 4 7 2332 20
7 1 5 273 16
4 9 6 477 72
3 3 8 1397 51
3 8 3 1085 33
6 9 6 553 47
1 9 8 2363 44
6 9 5 1254 41
9 2 6 1200 53
4 2 6 990 68
6 3 1 1211 33
3 5 8 2815 49
5 4 6 2480 8
7 6 7 1338 40
5 9 6 1060 43
3 9 2 1497 54
3 1 5 2237 5
2 9 9 1645 27
9 8 2 1454 70
9 9 6 2312 57
8 2 5 225 44
2 4 7 177 24
2 7 9 2441 74
3 9 5 1428 72
8 5 9 91 41
1 7 6 1976 59
6 8 8 126 45
3 2 5 383 43
7 4 3 1810 40
4 1 3 1930 1
3 1 1 2637 7
7 3 5 1213 52
5 4 5 1415 60
3 6 9 418 70
1 1 6 976 15
3 8 1 2086 19
9 9 5 2965 66
2 7 5 1625 55
1 4 3 1435 34
4 9 6 580 13
3 5 6 1647 14
9 9 3 2444 43
2 1 8 65 23
5 6 2 1593 74
1 9 4 1991 70
9 3 8 711 14
7 8 1 1526 43
5 6 4 1951 78
5 2 8 536 12
6 9 6 2598 50
9 5 4 845 8
1 2 7 2455 44
1 8 1 1596 44
7 9 7 2748 47
1 5 4 853 12
3 7 1 159 66
9 1 1 696 53
5 3 2 2773 45
9 8 8 1562 61
8 6 2 1355 63
7 2 2 1030 62
5 4 9 656 79
9 2 7 373 74
7 3 8 103 75
1 4 2 2988 22
2 2 7 1908 79
7 2 6 2219 53
5 3 4 1408 79
4 2 5 2124 53
2 1 5 1435 77
2 3 2 1368 67
4 5 8 1996 38
9 6 1 123 56
9 2 7 680 50
2 4 8 627 25
6 7 2 1970 41
3 6 1 2430 51
2 8 4 2420 14
6 2 3 1358 14
5 3 3 2925 17
3 1 7 2656 32
4 1 3 2091 22
3 8 2 1688 32
2 3 6 1149 53
3 6 9 1471 15
9 1 6 341 78
2 3 2 1876 9
3 5 5 1304 59
7 4 2 574 5
3 3 1 529 39
6 2 9 547 3
5 9 3 385 24
1 1 1 587 42
6 5 1 1933 12
5 5 6 1707 59
6 6 3 2980 23