100
24 43 16 801 7
29 21 37 675 7
27 9 39 425 2
44 17 47 509 8
18 14 44 598 5
16 46 45 1026 9
33 50 31 1351 9
8 50 25 435 7
4 27 2 273 4
9 9 19 197 8
36 27 38 1088 8
25 34 18 808 5
28 41 14 683 6
46 22 36 803 8
39 37 19 451 8
19 36 18 479 6
33 26 13 323 6
37 28 20 795 3
29 40 29 628 8
45 31 33 763 2
40 43 19 680 8
2 21 28 505 5
44 7 7 667 9
20 46 17 389 3
13 19 14 206 4
47 42 47 1169 7
26 10 32 520 3
36 6 50 810 8
22 17 1 261 8
3 36 2 482 9
17 20 9 222 8
49 28 18 708 1
49 35 39 640 4
45 39 30 1115 2
38 38 32 1154 9
11 49 7 360 10
35 33 36 890 4
45 13 48 633 5
7 10 42 241 6
44 11 29 742 8
3 36 18 394 2
2 26 9 207 7
18 32 43 424 5
38 45 2 983 9
27 34 3 480 2
47 49 13 1251 5
48 28 25 1035 5
2 24 23 387 9
30 34 31 928 7
16 39 17 450 7
16 30 22 511 3
12 27 35 878 9
48 1 43 881 8
39 46 49 1394 7
46 25 43 806 9
15 49 34 1108 2
26 25 7 419 2
21 16 22 465 2
6 15 9 257 6
21 19 19 662 9
40 36 9 672 2
31 25 38 852 3
22 8 39 315 3
36 20 25 494 2
29 15 33 380 1
49 44 18 1319 2
8 6 15 321 1
23 24 4 505 4
10 28 13 579 4
6 17 41 306 4
16 35 43 650 5
19 20 34 742 8
42 17 34 388 4
28 24 14 715 5
48 26 40 950 4
12 25 42 897 1
49 45 31 857 2
45 45 9 1026 3
45 37 36 755 3
7 31 11 237 3
49 29 37 713 8
48 8 35 739 6
44 7 17 333 5
35 40 9 535 9
6 44 5 624 5
15 10 45 750 1
43 48 15 962 6
3 22 14 232 4
8 45 22 390 9
21 7 6 265 6
47 4 28 486 1
24 46 4 884 3
14 41 28 991 4
27 34 5 605 7
18 2 28 535 7
47 44 41 1406 6
22 39 23 692 8
15 15 38 528 1
35 19 34 779 8
21 48 21 405 2
