300
12 45 1 1537 5
24 49 30 3445 5
45 26 8 1944 6
2 13 44 837 7
42 27 9 2133 4
1 14 5 254 5
18 20 21 1678 4
40 48 50 3509 7
36 19 36 1791 6
36 30 19 2735 6
44 46 9 2687 6
39 12 3 1523 9
28 33 28 1605 1
39 23 8 1626 5
19 14 21 1052 2
28 10 47 1724 6
12 8 32 1866 2
17 36 13 2101 1
35 3 39 2382 3
14 33 30 1160 3
16 44 31 1132 4
31 23 27 2633 2
16 24 17 1114 2
38 33 16 1691 6
13 22 37 1724 5
22 45 47 2490 7
47 34 11 2569 8
40 15 6 1791 9
46 40 11 2988 4
37 27 43 1373 9
22 17 9 996 6
35 28 28 2331 4
20 49 49 2040 5
17 45 42 1928 3
34 27 30 1505 7
28 39 8 1513 3
8 33 9 985 5
16 34 46 1175 8
9 11 36 1760 1
18 20 15 810 6
40 4 47 1550 6
6 8 13 969 4
33 42 13 2078 4
17 32 18 1578 7
7 28 24 1275 4
42 32 35 2751 10
7 49 5 1473 9
5 33 19 789 6
6 31 35 2383 5
43 43 38 1654 9
44 27 35 1339 8
23 37 16 2100 6
10 47 2 1835 8
38 38 2 1889 2
2 26 39 2039 3
6 8 36 1377 4
20 45 3 1195 4
1 6 16 807 7
3 49 41 2742 5
44 42 43 2584 5
24 5 33 760 8
29 23 43 1961 7
31 6 20 772 8
10 19 29 1633 4
47 38 20 2138 5
37 35 1 2196 1
49 19 2 1148 6
10 18 13 1294 2
40 3 30 1282 2
10 33 19 1559 7
31 21 1 1176 6
39 40 14 3166 7
10 41 8 1132 6
48 13 6 1474 5
21 24 2 1664 8
42 34 47 3354 8
32 47 1 2212 4
32 34 32 3188 2
21 47 45 2317 8
25 19 20 1799 1
2 5 46 1672 6
45 7 17 1087 4
28 39 23 1848 8
23 45 32 1767 8
3 38 11 1178 2
48 45 20 1701 5
35 34 7 1381 5
25 49 9 1149 8
8 31 44 2745 9
46 1 14 1684 1
26 32 32 1657 6
46 17 17 2013 10
3 18 5 573 3
19 39 2 1149 2
29 18 39 2120 2
25 47 19 1321 5
20 39 5 2276 7
30 7 3 1011 7
14 28 1 540 3
46 6 44 1518 5
31 39 13 2277 6
21 20 45 1040 7
9 28 25 1171 8
45 28 20 1521 8
41 21 47 2631 5
15 41 6 1052 3
27 43 23 3216 1
10 42 23 1699 9
22 29 10 992 5
43 41 6 1743 6
34 4 33 1176 7
2 19 8 502 7
30 14 2 1289 6
40 45 26 3845 8
27 41 6 1192 4
40 5 34 2688 8
25 7 9 1448 3
43 19 7 987 8
39 4 2 1138 6
7 13 43 2186 8
37 43 49 2461 6
24 15 38 1303 2
48 45 41 4717 4
12 38 30 2175 6
45 2 13 1472 7
45 34 12 2810 2
29 17 1 830 1
22 3 13 1176 1
41 9 30 1021 1
17 28 9 833 6
9 30 10 950 8
26 29 9 1697 2
22 7 8 922 9
2 49 42 2974 9
48 50 16 1955 5
21 1 28 1394 9
42 3 30 1837 6
32 27 4 1804 6
48 21 19 2391 5
1 5 2 140 10
38 48 25 2309 4
7 41 19 1006 2
32 41 49 1617 9
28 23 37 1457 3
27 46 30 3246 5
5 33 34 897 2
34 39 11 1922 6
49 15 31 2020 7
13 26 30 2202 1
5 37 2 1476 6
24 35 3 1715 7
36 36 37 3907 2
45 48 26 2876 3
8 10 16 1007 3
30 29 7 2076 3
20 17 30 1594 7
40 9 5 749 9
10 4 7 448 4
12 27 22 1309 6
24 4 25 693 4
44 25 11 1422 5
38 29 47 2796 2
21 23 28 2148 3
9 6 21 501 6
5 46 22 981 2
22 49 24 1360 10
11 33 23 2407 2
6 34 33 2303 4
32 25 14 867 4
23 34 18 1831 2
46 20 32 2402 1
29 29 33 2793 2
23 18 11 1641 10
44 26 3 1350 7
18 7 7 395 3
34 16 31 1057 6
25 46 43 1515 7
7 30 4 576 2
4 4 48 1420 5
35 10 5 1572 7
10 49 21 1904 3
13 17 29 1227 5
42 16 48 2425 7
43 9 46 1855 10
23 6 13 884 3
31 15 41 1473 6
7 24 11 952 9
3 8 33 1466 1
11 48 35 1395 6
10 40 21 1406 4
36 12 30 2386 3
18 10 6 1219 5
10 2 30 784 5
40 16 49 2848 3
40 14 39 2602 1
46 29 49 3095 8
31 46 19 1394 7
26 4 44 2026 5
23 45 4 1606 8
4 5 28 824 5
3 18 46 971 9
37 19 16 2412 3
35 25 18 1432 8
2 49 41 1811 10
12 35 48 2023 2
33 20 39 1731 2
4 24 49 1220 7
2 24 4 749 5
4 15 37 1678 2
21 28 5 670 3
8 47 9 1504 8
2 6 26 826 3
48 28 29 3551 4
33 22 37 1747 3
19 7 28 774 3
8 23 36 1776 4
21 4 18 1048 3
26 22 28 1155 3
8 19 41 1836 2
43 13 22 2201 6
9 31 38 1855 7
11 23 43 1155 5
40 22 30 2265 4
39 10 20 1995 6
42 1 34 2768 9
10 19 43 2297 6
11 42 45 2112 4
7 10 29 1081 9
46 20 29 2419 9
44 21 29 1164 6
6 13 39 1210 4
26 10 12 862 5
5 6 23 607 1
40 9 43 2845 3
20 30 41 3115 6
32 4 38 1468 10
27 9 5 1123 9
7 50 35 2922 8
14 17 37 2393 4
23 12 12 1495 3
11 20 25 879 4
46 29 23 3024 5
44 34 33 2241 9
47 15 31 2499 5
40 45 49 4161 8
6 27 14 897 10
47 45 24 1540 8
17 21 17 1732 6
19 12 44 1595 8
27 42 21 3031 5
20 28 3 1089 2
1 27 49 2741 10
27 50 24 2297 8
14 14 25 1225 9
42 26 28 1918 7
29 13 6 1353 5
36 16 26 1359 4
39 2 22 1260 5
34 28 15 1518 9
33 43 35 3214 1
44 46 12 2749 3
28 26 30 1680 2
38 39 36 3359 4
5 19 12 766 6
15 17 22 993 8
35 16 31 2635 4
31 38 44 3371 10
26 23 3 1683 9
47 25 37 3338 3
38 40 47 3827 4
18 19 27 976 8
37 17 8 1690 2
30 19 37 1893 4
33 14 9 1772 6
49 23 21 3195 1
24 9 23 709 4
33 50 30 3427 10
32 6 13 917 10
3 33 31 2148 7
14 39 11 2011 9
17 47 49 2320 4
28 44 33 2179 8
49 43 14 2853 3
28 13 13 1507 2
39 3 17 1798 6
15 49 7 2295 9
33 33 25 2629 3
24 22 17 1109 3
12 5 50 2077 9
42 23 33 2770 3
30 22 42 1187 1
40 44 40 2614 7
31 36 41 1751 3
46 12 24 1185 7
5 17 7 395 9
46 13 50 3279 8
27 13 40 1570 8
15 2 12 921 5
32 2 3 540 7
43 21 2 1442 5
