50
41 19 14 376 5
48 2 20 279 3
10 36 3 220 6
38 15 27 244 7
38 41 38 364 9
10 37 40 212 4
6 5 2 49 1
42 25 14 416 3
34 8 27 372 3
43 32 6 350 2
12 37 7 317 2
38 46 49 633 2
20 50 14 368 9
32 18 7 168 10
46 29 46 482 1
36 36 10 259 3
7 44 31 191 2
32 47 11 321 8
19 48 28 239 7
6 47 37 278 5
44 11 42 311 5
29 21 26 162 8
47 4 6 308 2
38 10 48 248 5
10 31 19 198 6
4 28 29 307 8
33 19 45 407 5
40 10 5 315 2
49 39 46 773 4
46 18 24 374 2
44 4 50 214 2
43 1 22 217 3
37 6 45 382 4
24 36 41 482 2
20 35 4 208 4
7 3 18 93 5
26 25 18 246 1
30 21 46 483 1
45 33 7 419 7
44 2 18 369 7
3 45 9 236 5
47 20 22 395 3
10 30 46 176 4
46 18 26 344 2
9 7 23 149 5
33 5 32 418 3
7 15 11 71 5
9 10 37 162 6
4 39 9 107 6
13 30 34 392 7
