250
34 22 45 2123 1
33 23 25 1602 6
38 45 4 2368 3
33 37 40 1855 4
34 49 44 1279 10
21 44 30 2836 8
6 5 10 430 8
22 31 24 986 7
11 19 12 1102 8
5 13 23 620 4
7 12 6 305 5
11 21 49 1483 9
1 45 31 1570 6
13 39 13 1539 8
5 38 40 2055 2
17 5 16 416 6
31 4 49 1363 4
37 39 10 2478 4
7 18 23 1180 3
43 39 30 1712 4
25 4 38 1291 3
22 11 5 881 4
2 31 35 906 6
3 28 4 462 7
36 28 5 934 5
49 6 30 1790 8
17 37 15 1772 8
1 26 14 982 4
39 32 43 2274 8
42 9 22 1337 8
25 14 48 1188 1
8 31 20 1470 2
42 26 49 1793 4
25 18 44 1609 1
16 32 8 888 6
3 48 13 1095 6
36 39 24 2324 9
30 9 27 963 6
20 38 40 1191 2
30 14 25 1181 3
25 45 24 1556 5
50 38 27 1527 7
38 7 24 1397 4
32 26 44 2600 3
21 2 37 1737 9
2 32 45 846 8
27 43 15 1841 2
28 41 43 1214 10
11 46 21 1212 8
33 29 2 971 2
32 3 7 915 5
27 35 41 2158 4
12 5 20 1080 7
25 7 41 1295 9
40 50 36 2410 6
2 19 33 1077 6
36 37 22 1958 6
10 5 31 581 7
10 5 48 1609 2
13 14 7 625 9
18 7 48 831 4
35 3 43 2409 9
15 13 21 954 3
23 5 31 809 6
35 27 9 723 4
40 8 39 1701 9
30 5 27 1434 4
14 19 16 528 2
10 33 8 1186 6
24 16 44 962 7
32 34 3 1104 3
13 34 40 2429 2
24 19 35 1857 6
24 48 14 994 8
36 8 49 2137 3
32 5 29 1229 9
33 18 9 1779 7
4 4 41 1243 3
47 40 18 2391 3
3 39 46 1549 10
8 44 5 1009 1
5 46 20 1334 6
40 32 2 964 9
39 28 37 2847 1
14 20 30 1098 2
9 17 1 595 8
28 25 16 1454 2
2 29 1 621 2
10 47 34 1276 7
5 16 29 665 2
10 6 15 702 1
34 37 39 1928 2
43 49 25 1481 2
29 34 30 2295 7
32 37 5 1568 3
6 29 18 602 5
6 27 22 839 3
25 23 36 2019 2
35 22 43 1226 1
49 19 38 1086 10
15 32 7 720 3
47 9 37 1364 10
26 40 4 1422 5
6 32 7 727 5
36 4 48 1521 7
4 39 10 1447 4
16 14 19 1068 9
27 47 49 1674 2
47 10 5 890 7
8 35 29 1526 7
2 45 22 1920 7
33 49 45 1787 6
45 50 21 2145 4
35 18 37 1860 8
6 47 28 1760 3
44 47 13 2239 8
15 37 10 657 2
27 36 38 1640 5
49 40 17 1172 9
8 15 42 1077 9
21 16 37 1553 8
41 4 23 1412 4
19 34 7 1477 4
24 50 33 1529 6
35 31 43 1161 9
17 20 32 1635 5
19 37 23 1411 9
36 32 22 1231 9
28 49 6 2456 5
40 20 34 2322 7
16 19 9 1054 10
46 39 19 1761 4
25 36 44 1069 8
44 12 14 1410 8
48 19 23 2373 6
18 26 46 1799 5
14 36 8 1227 6
49 16 43 3164 4
29 12 5 1231 8
36 46 40 1576 6
21 33 29 1195 4
32 38 5 1520 7
9 43 39 2511 2
49 10 44 1241 4
23 46 9 1153 7
28 23 48 2818 6
2 2 9 133 1
44 11 24 2081 4
22 43 23 883 5
27 32 45 3044 5
36 3 11 1332 7
18 21 50 2456 8
28 37 20 1242 9
29 37 19 1127 2
34 4 7 828 5
4 28 41 2086 9
46 39 33 1949 2
41 17 37 1485 2
2 11 46 1462 5
4 6 20 760 6
19 20 22 906 2
7 2 7 465 10
9 20 5 399 7
30 11 16 1379 3
15 3 22 687 8
3 16 11 599 2
27 28 6 1309 5
15 47 27 1724 10
32 19 27 1665 6
38 21 6 1063 7
49 20 47 1741 4
15 37 10 1431 5
27 40 39 2123 3
21 33 46 1719 6
29 43 6 1292 8
50 11 37 1462 2
27 13 37 1767 5
26 38 43 2432 4
30 50 9 2457 8
40 48 34 1384 3
41 5 49 2247 8
35 46 3 2085 8
25 43 9 1878 7
29 29 6 1079 5
36 30 27 2497 7
22 37 44 1075 10
28 48 8 1377 9
44 30 50 1897 4
13 26 35 1934 1
39 44 1 1615 2
50 32 39 2980 5
27 46 15 1776 7
3 45 37 1637 4
31 49 7 908 4
26 44 36 1250 6
48 35 4 2389 9
9 31 3 448 7
13 18 29 1507 6
25 47 27 2702 3
21 21 5 1397 7
27 8 27 935 8
18 16 16 790 6
33 39 28 2897 1
39 10 9 953 8
37 23 47 1571 9
18 20 45 2477 4
33 31 43 1710 9
6 14 47 800 3
20 11 27 1142 9
29 35 3 1642 7
22 28 45 958 9
18 37 18 1936 5
41 15 31 2372 4
18 2 22 685 9
6 43 40 976 8
27 47 50 3587 9
12 48 27 1725 9
32 35 9 2099 8
25 14 9 558 8
4 41 16 1231 3
15 19 26 1328 8
31 31 18 1415 6
49 26 5 2235 7
42 23 30 1584 5
39 10 44 1135 5
39 9 3 1222 4
48 42 39 2817 9
19 41 7 1576 4
44 23 2 1094 10
42 29 33 1255 4
10 20 45 1429 10
26 5 19 1045 1
7 12 44 1479 10
1 36 23 941 6
11 11 50 1622 5
4 34 28 1907 6
28 6 30 1787 7
48 31 21 1359 5
29 16 18 1119 5
22 45 4 736 6
48 34 14 2663 6
22 45 27 2191 4
38 41 37 1826 5
17 42 34 2510 7
47 15 44 1543 3
47 35 46 2597 8
23 24 35 947 6
31 4 39 1031 7
2 45 47 1181 6
11 31 16 630 7
