200
18 28 45 1907 6
12 48 45 2189 8
48 47 19 2049 8
49 12 21 829 4
11 12 29 1089 10
32 2 3 809 7
32 25 9 620 5
12 12 14 558 7
35 5 35 626 9
5 14 22 617 6
44 40 36 1144 8
3 35 42 983 8
11 2 50 1335 5
25 7 7 548 5
46 6 40 872 8
19 20 16 1163 7
2 8 43 1166 9
26 18 8 1144 6
3 41 12 1235 4
30 16 23 1206 9
11 40 38 859 9
30 44 38 1895 5
36 15 3 648 5
37 2 6 971 9
2 33 21 1110 1
20 28 47 1576 4
27 25 49 2084 8
2 10 26 709 3
18 39 48 1942 5
45 11 37 1402 5
33 39 34 1246 6
45 43 28 1692 7
46 18 3 801 4
12 10 34 682 9
7 13 3 367 5
24 13 39 1044 4
24 35 19 1066 4
25 43 5 638 2
47 32 33 1472 6
23 29 42 2182 6
47 10 44 2274 5
7 20 1 643 4
37 3 22 1268 3
36 38 6 842 5
11 33 46 1314 2
19 23 26 1174 6
49 36 39 2289 10
14 11 42 1411 6
11 8 46 636 8
36 34 33 1790 7
7 42 43 768 9
5 50 40 876 6
44 43 49 2294 6
25 19 7 794 1
28 32 21 673 6
6 18 18 386 3
44 35 41 1526 8
28 49 29 864 9
30 12 4 564 5
26 8 28 702 4
7 4 9 422 8
27 32 22 1762 7
44 4 22 1604 5
41 19 12 1566 2
34 49 9 896 5
35 24 13 1404 2
9 19 26 1056 6
15 11 8 666 5
48 18 6 859 9
40 29 31 2162 7
18 8 49 906 3
29 43 34 1249 3
2 25 14 839 2
12 12 3 618 1
45 21 28 940 5
28 13 5 656 3
23 38 44 1277 7
39 24 22 1039 5
36 30 10 1331 2
29 3 43 928 2
49 23 8 1714 8
11 26 31 1252 5
17 38 27 1027 10
23 36 49 1642 5
44 18 43 1235 3
49 18 23 1266 2
40 47 27 1544 9
25 15 36 1787 8
27 2 7 394 5
10 49 39 2119 2
42 7 3 484 8
43 41 1 829 6
24 31 12 1033 6
50 2 31 1821 3
15 33 41 1989 3
39 42 47 3056 9
32 25 30 1854 7
18 43 41 1771 4
37 26 30 1873 7
47 16 4 612 6
7 38 4 1161 6
32 23 5 706 5
38 20 22 990 3
30 34 3 785 9
46 37 2 1538 6
36 33 13 1287 8
30 10 20 766 8
27 13 46 1603 1
15 27 8 1136 7
24 25 38 1979 7
37 11 48 1822 4
50 24 32 2190 8
22 11 50 765 5
27 10 3 377 9
42 18 28 2074 9
22 39 18 882 6
35 3 6 872 6
26 11 21 1059 8
31 42 17 1276 2
37 11 22 779 9
8 10 4 269 7
9 30 14 1218 3
3 37 23 1379 2
16 7 47 1249 5
35 4 7 842 10
42 21 3 774 7
19 16 14 535 5
22 24 6 1001 9
20 49 9 1449 6
43 30 32 2067 1
21 44 20 1951 6
46 25 50 2230 5
10 13 5 371 6
47 6 19 1638 9
27 46 20 2080 1
31 13 24 548 7
48 24 13 994 5
19 23 5 886 6
18 41 20 974 7
9 40 21 760 2
33 21 12 1153 5
11 16 49 1463 6
19 39 16 1722 7
36 33 13 1612 3
12 10 27 809 5
39 35 28 2043 9
47 28 4 1423 2
26 2 20 1114 6
8 13 26 569 4
17 37 16 894 5
1 10 10 495 6
26 23 33 1220 4
2 11 21 314 9
12 46 45 1542 2
8 29 43 873 5
45 6 26 988 7
21 37 46 1838 7
49 6 48 1782 5
26 23 3 686 3
31 45 29 2163 2
13 41 15 1078 7
18 5 36 1288 2
27 45 27 968 4
1 49 43 1255 3
14 35 47 1372 8
34 6 22 1385 2
47 41 10 1891 3
22 45 24 1064 9
39 24 29 967 4
1 49 27 1185 9
14 17 19 1058 9
36 5 11 647 6
40 38 10 1522 7
28 29 27 1587 1
5 7 48 694 5
33 41 48 2637 5
21 29 2 599 5
32 6 24 1105 5
40 26 8 1113 9
6 19 49 1413 1
22 7 25 531 9
18 48 36 2392 5
3 12 27 551 7
42 17 17 717 2
21 7 11 569 4
36 15 48 1446 3
37 4 48 1055 9
50 47 4 2158 4
9 25 47 1937 3
5 25 29 1220 5
33 15 33 1928 5
37 46 44 1274 5
29 14 24 1581 5
48 12 37 1746 6
18 9 22 805 7
20 5 46 1095 9
7 25 15 452 6
47 7 38 2160 6
48 43 10 2371 3
4 29 33 1200 2
