450
12 15 5 1280 2
37 49 50 3632 5
8 13 12 911 5
48 15 33 4084 4
26 6 33 1472 4
44 20 10 1494 9
19 5 14 1555 8
2 23 8 1137 8
23 14 37 3476 9
38 8 34 3282 4
3 29 20 1570 5
26 46 19 3954 3
26 31 12 2922 9
16 9 2 869 5
11 2 33 1330 3
19 15 18 1674 8
33 23 24 4283 8
2 31 50 2132 9
22 34 49 4900 3
31 28 37 2299 7
23 5 19 1203 9
44 25 23 4430 9
29 1 34 3376 2
9 39 37 4135 3
32 18 36 4200 5
5 12 36 1250 2
5 40 33 3956 8
44 12 39 1911 4
13 44 30 1610 6
14 14 35 1402 9
36 45 4 2709 4
13 21 4 1063 9
39 29 23 3719 8
3 4 41 1811 4
32 7 6 2415 1
8 30 31 3413 5
34 4 38 3457 7
19 31 40 4199 9
32 5 44 3479 5
41 28 35 3886 9
10 47 48 4546 5
43 17 3 3325 8
21 42 41 5411 8
23 50 11 1823 2
14 6 37 1120 7
33 21 39 1744 2
26 46 4 3862 5
42 16 50 4746 2
47 9 37 3121 1
30 34 20 2607 2
21 29 33 2375 9
41 36 31 2061 6
47 14 8 2147 2
32 40 25 4890 8
32 5 42 2635 4
19 42 2 2182 9
21 15 13 2531 6
15 48 28 2201 10
48 31 26 3363 10
28 10 17 1647 9
38 26 4 1600 1
27 31 49 2101 6
4 31 12 1925 3
33 7 30 2641 5
5 47 45 3261 4
18 31 48 5227 2
29 36 32 2318 4
35 28 46 2571 5
31 3 10 2289 4
38 12 43 3096 4
15 46 7 1674 1
14 9 48 1367 8
33 40 11 3782 7
9 17 31 1322 2
18 19 34 2283 7
41 6 5 1573 3
47 17 38 4573 3
49 18 46 5903 7
3 3 26 1357 9
31 24 18 3060 3
36 15 43 4712 6
36 16 6 1642 5
41 11 21 2862 4
29 19 2 2697 9
26 47 12 4206 2
20 49 11 3841 7
33 7 8 1861 9
25 38 32 3068 4
19 6 12 1527 2
8 31 11 1749 3
36 9 2 1182 6
40 38 18 4032 7
15 41 4 1696 2
12 7 38 2990 3
45 44 6 5070 5
13 41 34 3738 7
23 39 19 1786 7
39 17 26 2519 2
43 8 38 2190 3
15 5 25 1936 5
38 10 12 2587 5
28 47 5 1475 6
43 7 11 1288 8
7 4 15 558 4
44 10 24 1713 9
27 11 4 777 4
11 31 47 4281 3
39 48 8 4373 7
49 2 37 2427 6
36 30 12 1536 6
48 35 27 3388 3
39 33 50 5453 2
20 25 38 2695 5
27 16 12 2449 5
24 30 40 4583 5
13 7 34 1472 1
2 27 26 1921 2
41 17 5 1488 6
20 38 2 1167 9
40 11 41 4894 6
42 28 1 3765 8
4 42 23 3686 2
13 34 14 2846 8
50 18 7 3834 7
28 23 40 2738 5
30 7 49 3763 4
36 21 4 1668 8
48 45 41 5395 9
36 22 11 2768 10
44 42 1 2721 2
13 6 43 1976 1
17 22 40 2276 4
19 27 39 1642 2
27 20 31 2769 3
46 14 41 1838 5
21 14 30 3449 5
9 46 11 1616 8
27 39 35 4652 3
44 38 38 3052 8
27 2 7 1137 6
15 20 46 3929 6
4 47 38 3484 7
40 28 11 2229 4
17 37 35 4769 6
17 14 19 2494 9
35 21 27 4165 2
39 47 33 5987 4
37 44 42 3248 4
47 30 46 3076 8
43 49 8 3382 6
30 7 30 2513 5
11 34 48 2336 7
25 41 34 2838 2
2 26 19 1412 6
26 39 38 2372 2
17 18 47 3769 1
7 37 42 3945 7
19 19 48 2884 7
6 13 7 902 10
18 26 7 1678 5
16 43 5 2454 1
17 25 27 3365 3
30 25 7 2095 8
30 23 10 2830 5
26 20 3 2454 10
2 34 15 1374 1
32 26 43 1966 9
44 39 8 2854 6
26 46 8 1591 8
12 38 41 3009 4
4 26 30 2466 2
31 2 31 1699 2
23 36 14 3018 5
30 37 27 2914 1
3 39 35 2022 9
44 15 44 5139 3
23 49 35 4226 4
47 42 13 4011 5
3 18 48 2514 9
12 18 9 1844 9
33 41 8 2796 6
45 39 24 2489 9
42 5 43 2318 1
32 8 36 3752 10
20 2 32 2744 4
7 29 49 3979 2
29 28 41 4510 3
48 49 8 4301 4
26 44 13 3560 8
41 20 34 3105 3
34 39 7 3384 6
46 43 36 4327 6
4 4 31 772 8
31 24 17 3407 7
37 14 25 2355 8
24 17 16 2753 8
30 13 17 2162 7
5 20 36 2165 4
27 2 15 2190 2
15 24 1 1184 3
42 18 48 2597 2
47 5 40 3718 7
50 15 26 4502 3
14 17 33 3156 5
45 41 10 3366 6
7 25 36 1858 6
21 36 8 1729 6
9 44 2 1541 5
47 12 45 2966 6
44 4 42 3708 4
9 24 18 1779 5
30 30 15 1575 4
35 3 4 1672 9
7 17 2 944 2
50 50 10 1992 5
30 39 14 1677 2
23 18 34 3855 7
32 18 20 2444 1
25 6 4 730 3
11 20 22 1618 6
46 21 13 3170 9
44 49 45 6940 2
40 49 11 2285 4
50 35 4 2558 9
26 15 37 1533 5
25 11 40 3207 2
29 41 33 4543 4
22 6 40 1290 8
17 41 37 2846 7
38 24 22 2698 3
2 44 20 2818 2
36 48 14 4597 8
4 29 31 2443 6
25 10 18 1021 4
47 12 35 1748 5
40 2 22 3026 3
30 33 5 2869 1
47 7 46 3474 9
37 11 50 4203 1
5 44 19 1566 6
13 6 8 1098 4
44 2 5 1175 5
28 22 4 1663 6
42 14 1 2217 9
10 39 43 3276 5
20 29 25 2015 3
48 10 50 4726 4
17 3 17 1410 2
27 27 30 3711 1
16 43 49 3819 5
21 40 11 1405 6
20 29 19 2094 5
31 39 42 2615 8
46 18 5 3005 7
7 6 16 1353 5
10 2 25 1891 3
4 33 25 3011 6
26 21 2 1527 6
16 19 49 3472 6
31 48 41 4747 2
42 23 36 3974 7
19 31 15 1963 7
24 33 11 1830 6
19 43 37 4747 6
3 25 10 970 2
6 30 15 2676 9
1 15 46 3348 3
38 45 21 4044 5
6 17 14 1253 4
17 10 43 3362 9
8 14 48 3297 2
34 18 35 3285 6
46 38 34 2832 7
46 16 39 3088 1
14 46 48 2070 5
33 19 21 2415 6
42 9 19 2717 7
34 30 8 3124 6
9 26 44 2192 2
47 11 42 4533 1
39 9 48 3759 5
23 4 21 2050 8
9 48 31 4150 4
40 8 9 1168 2
26 13 4 2035 7
21 7 31 2177 9
49 18 19 3123 1
30 42 7 3921 1
11 9 1 400 9
21 13 34 3455 9
39 42 7 3756 7
14 44 36 2974 9
28 25 31 2083 3
13 26 38 1534 10
12 34 43 2956 9
6 26 18 2500 9
47 32 23 4794 6
19 47 10 2624 9
5 39 20 1799 9
12 29 32 3244 6
4 29 16 1151 4
48 3 48 2806 7
21 47 42 3145 3
30 6 20 2935 2
48 13 45 4165 7
21 44 4 2396 8
42 2 26 2705 4
38 10 7 1323 8
26 31 8 3132 3
40 5 22 1843 3
25 38 40 5092 6
25 34 48 4195 3
43 32 21 2439 5
43 7 29 3177 2
9 46 28 3488 3
4 40 49 2227 5
18 16 46 2961 10
19 25 21 3281 6
26 38 42 4555 4
13 14 31 2594 1
18 9 48 3357 10
44 33 4 2739 5
6 16 42 2107 5
32 40 2 3615 4
20 49 23 3007 7
11 4 20 1852 3
5 16 45 2717 7
42 8 8 2120 7
39 32 4 2719 4
50 12 4 2651 4
30 30 28 2058 2
12 38 34 3101 1
12 1 36 2618 9
18 13 41 2928 7
33 40 34 5554 9
46 28 28 3838 10
44 9 25 2273 4
50 11 44 2105 9
45 20 26 1672 6
34 30 24 4747 9
26 32 1 2157 8
3 6 9 829 7
22 21 21 2892 9
3 7 11 761 10
28 11 50 2750 7
27 13 34 1439 3
5 15 27 1349 3
3 24 39 3531 9
13 7 35 2155 10
32 32 25 4232 9
3 17 17 1008 8
11 31 49 2852 5
14 11 46 1372 6
26 37 29 2250 4
39 31 24 3206 10
41 23 23 2354 6
15 43 40 3443 4
10 13 17 1950 6
49 18 3 2664 4
5 45 38 3334 6
14 20 8 2091 8
42 50 34 3256 4
20 37 43 3799 7
37 6 29 1629 7
20 21 32 1337 2
2 47 15 2756 8
30 39 9 3432 6
23 24 37 2273 2
29 18 16 3272 1
29 33 11 1996 4
4 38 41 2901 8
11 26 28 1405 3
45 18 7 1457 4
22 38 39 2858 7
26 43 11 1875 6
2 38 17 2703 9
29 21 4 1870 9
32 46 48 6192 8
3 29 41 3554 4
5 41 24 3189 8
36 18 5 2017 2
42 35 25 4046 6
26 11 16 1058 7
35 45 20 5035 8
13 48 28 4452 2
23 5 35 2185 3
46 21 47 4639 5
32 24 26 2093 7
3 22 10 1227 10
20 26 39 4155 2
33 23 31 2302 1
32 45 18 2188 4
12 13 14 1491 2
40 47 3 3852 3
21 36 22 3575 9
38 25 30 2700 6
28 21 35 2141 5
29 5 2 1355 7
21 10 34 2397 5
38 37 41 5480 8
31 48 10 4467 5
36 4 34 1780 3
32 2 39 2299 8
16 30 11 1686 5
35 33 3 1321 3
42 40 43 2614 5
36 30 45 4544 7
27 33 26 2302 3
41 14 7 2664 8
24 9 15 1760 2
11 9 21 1250 6
18 13 3 1817 2
25 11 38 1460 9
3 3 9 382 4
41 42 18 1935 6
31 45 8 4489 5
37 41 15 4447 8
49 48 9 5257 7
45 33 41 3897 5
45 1 37 4141 10
44 34 35 2546 10
44 39 19 4010 10
30 19 42 3135 8
16 20 27 1812 8
34 25 1 2965 6
10 8 26 1635 9
1 10 28 1410 9
29 24 44 4189 6
38 17 9 2303 5
39 5 9 2591 2
13 16 32 1289 3
30 24 5 2059 10
31 49 47 4917 5
27 17 12 2738 4
28 22 7 2347 9
47 33 15 2406 9
2 48 47 3671 2
9 38 46 1919 9
37 30 17 2427 7
16 26 41 1884 5
38 5 18 3096 4
31 24 22 2694 5
31 25 27 3433 8
22 2 47 3256 8
46 27 23 4722 4
25 9 49 1847 1
21 14 14 1328 2
19 20 20 2519 10
30 1 16 2061 3
12 49 14 2429 8
