500
6 28 49 2173 6
16 40 46 3766 3
3 14 27 1420 5
34 35 10 4199 1
19 46 8 1775 5
27 43 17 4731 2
31 46 37 6155 3
35 35 23 1947 6
28 17 11 2374 8
8 29 13 1765 5
39 33 24 2230 3
6 37 35 4168 10
44 32 45 5273 9
40 15 45 4571 9
17 8 16 2272 4
43 10 46 4360 9
41 6 17 1989 6
40 42 45 6596 8
14 10 33 2170 3
11 15 16 2222 8
49 14 22 3904 6
43 41 23 6050 3
47 21 20 2727 9
14 7 40 2525 5
34 46 44 6312 9
8 25 32 3066 9
9 42 45 3074 8
40 16 46 5947 1
39 11 35 1970 5
36 45 12 3099 2
44 29 34 3965 6
19 43 35 5168 8
47 2 23 2039 6
40 40 48 7148 4
39 8 9 3240 8
20 27 35 2560 2
20 34 3 3200 5
27 16 24 3448 4
31 49 15 4693 6
36 37 19 4315 7
26 4 26 1226 2
15 46 21 4263 6
9 45 29 3573 4
25 2 47 2907 2
8 25 2 1508 8
37 38 18 5375 8
2 7 1 448 3
33 26 47 5613 2
28 14 40 1704 1
28 8 3 1499 8
1 34 45 1651 9
37 46 35 5959 10
38 13 5 1952 7
25 50 43 5757 9
17 13 6 2136 8
15 43 43 3361 3
39 44 26 2248 2
18 6 38 2830 4
21 14 3 2224 9
2 33 50 3134 5
42 33 17 2935 7
7 36 40 2442 3
12 14 10 1066 9
37 40 27 3644 4
47 8 13 2300 2
13 29 43 1741 9
33 10 5 2324 2
24 21 30 3529 5
21 28 18 2919 7
19 43 43 3475 8
5 14 29 1298 7
47 33 9 4107 2
17 15 13 2437 6
16 4 43 1974 2
42 34 36 2442 8
30 44 34 2462 5
40 38 48 3208 8
15 34 44 4707 6
44 24 36 5112 1
41 13 45 3850 7
13 10 37 2730 8
1 21 3 781 1
35 25 9 3527 6
9 39 11 2089 6
38 31 44 3438 10
46 32 49 3237 3
26 17 25 1672 9
20 7 16 1507 5
13 26 10 2350 4
5 11 37 1066 9
44 12 34 5105 7
47 15 49 3234 8
37 25 18 1774 9
22 49 37 6299 3
8 39 8 2487 8
6 16 21 1586 4
4 46 29 4191 4
43 27 31 3761 3
22 23 41 1840 7
32 5 17 1647 5
14 40 47 2883 2
44 47 35 5772 3
41 34 32 3552 9
39 16 17 1861 4
32 39 17 4728 3
16 30 21 3367 5
6 33 16 1381 4
29 32 30 4334 10
18 3 44 1351 8
1 48 11 1899 3
35 13 7 2608 10
8 42 26 2746 2
23 11 14 2203 8
34 20 13 1484 9
20 13 45 4118 8
50 41 9 3228 8
29 22 25 3073 9
11 18 8 1245 9
25 35 3 2005 2
48 46 18 3444 7
13 46 5 1924 2
10 10 3 989 8
19 6 50 4109 5
9 21 43 1530 4
18 40 7 2539 3
6 22 46 3401 2
14 48 22 4820 1
33 38 38 6362 5
7 46 49 3645 5
25 38 18 4718 9
34 2 24 3258 1
37 12 22 2307 8
12 14 15 1785 5
16 11 26 1286 3
10 19 29 1689 2
36 43 20 3983 7
16 8 4 883 3
49 29 35 6324 4
7 50 34 2730 3
32 2 35 4039 4
48 42 15 4026 7
34 28 11 2088 5
13 7 36 2368 10
40 28 15 2524 9
27 7 14 1289 3
6 3 15 1063 3
42 22 31 5509 4
45 8 8 3419 9
44 28 29 5262 8
12 13 27 3038 3
29 6 29 3068 1
8 25 24 1299 9
31 30 11 3495 9
41 16 36 2356 5
23 20 15 2935 8
32 8 9 1381 3
15 45 35 4372 2
26 49 20 2354 7
2 40 25 2248 4
35 17 32 3674 5
41 14 26 3977 8
25 40 19 2696 4
47 17 3 1589 5
34 16 12 3703 9
16 32 12 3509 10
9 21 45 1759 6
8 12 1 897 3
6 3 34 1278 2
49 2 9 3432 2
40 9 31 4128 6
41 27 8 1917 1
38 34 13 2488 9
30 13 45 5030 1
11 15 49 2936 4
20 33 41 2306 4
39 13 12 3127 4
26 45 2 1929 3
42 38 20 4722 3
43 23 48 4322 1
12 4 27 2503 1
34 10 30 2821 3
3 38 19 3353 3
42 29 9 3037 2
36 13 36 2091 3
17 16 28 3214 4
10 30 2 2037 2
37 19 5 2748 4
42 45 42 5885 4
11 9 38 2434 6
34 10 12 2677 5
10 20 22 3045 3
6 42 1 1534 8
16 9 38 3372 7
46 39 13 5245 6
15 22 32 3340 9
13 1 39 2611 4
47 3 28 3221 8
48 47 32 3029 5
26 24 20 1605 4
14 19 20 1210 1
30 15 13 1308 7
16 47 12 4018 2
16 26 31 2655 3
43 35 50 4266 6
1 42 2 1795 9
34 14 32 4086 3
30 48 30 5123 3
23 10 48 2944 3
15 21 13 1226 9
38 4 8 2465 2
9 2 31 2124 3
21 25 34 4432 8
26 44 9 1915 6
27 43 31 5361 8
44 7 15 2024 4
46 10 40 5728 10
12 16 7 1859 9
49 36 7 3526 8
15 16 4 1994 7
39 2 18 3365 4
48 33 33 4757 6
22 40 46 5830 6
25 40 47 6451 9
36 42 23 5731 7
17 35 35 3489 6
3 3 30 1579 2
24 29 42 3911 1
27 11 27 3622 10
34 33 30 4389 7
29 47 12 3733 1
24 16 12 1844 6
28 45 43 5721 9
6 7 11 1328 1
42 24 25 5365 3
7 45 16 3237 7
18 25 22 3752 1
29 6 24 1783 6
2 26 33 3270 8
8 20 10 1013 5
47 37 27 2649 3
17 26 15 1600 2
38 42 22 5194 8
1 25 39 3538 7
20 32 39 2173 6
17 35 5 1143 6
11 40 11 2161 8
26 18 4 1559 9
36 49 12 3012 10
38 39 8 2530 9
41 37 27 3404 10
16 35 16 1742 9
3 36 49 4679 8
46 37 44 4342 3
10 18 41 2626 5
3 12 7 1158 5
32 5 32 3971 1
33 12 5 1284 3
46 39 8 2501 3
48 49 45 7908 3
12 14 26 3119 5
40 33 48 5473 4
41 11 34 4278 2
7 47 17 4060 5
8 33 47 3763 4
45 38 44 3836 5
15 49 20 4784 6
36 38 33 2827 7
17 49 31 3819 2
6 35 39 4298 5
3 42 14 1534 7
37 37 48 6772 2
16 10 24 1187 5
35 9 7 1027 3
43 47 30 2788 5
25 33 8 3627 1
36 26 29 4504 9
24 45 34 2886 1
30 28 6 3426 9
39 30 19 3591 6
47 20 17 4514 3
19 7 18 2042 8
18 12 32 2914 1
8 42 48 2826 3
9 13 6 898 6
43 12 12 2407 4
39 9 33 2752 5
38 7 46 3284 2
46 42 46 7304 7
40 40 46 7252 4
40 13 11 2094 10
18 15 49 4740 4
47 17 4 3530 2
16 15 2 1948 5
10 14 14 761 1
47 29 28 4089 5
3 21 41 2327 9
19 36 44 5503 7
13 3 18 1162 8
43 35 9 5086 3
38 40 10 5087 6
10 23 41 3621 8
3 45 30 2597 5
30 25 37 1881 9
27 37 7 3094 6
5 30 27 2276 2
28 26 48 3921 2
47 33 31 4828 2
1 26 25 2820 7
12 50 11 2708 3
37 17 31 1836 7
36 35 44 4936 5
18 49 27 3337 3
14 4 47 3805 6
31 3 42 2044 3
43 29 26 4868 6
6 13 34 1546 7
6 15 22 2553 3
43 7 2 2694 3
17 39 10 3486 8
45 42 15 5647 4
39 12 9 3341 8
11 5 8 773 6
12 6 12 1600 4
29 23 44 3980 9
31 8 47 3329 9
12 27 23 1269 8
16 20 46 3930 8
36 27 6 1696 7
33 45 17 2146 5
10 15 23 2500 6
11 17 23 3028 3
2 19 28 1187 4
13 27 4 2221 9
26 29 30 4447 7
6 30 11 2151 9
23 44 7 4206 10
12 7 2 952 2
17 40 30 5046 7
18 4 39 2947 2
11 23 43 1561 4
13 48 31 3194 1
48 31 17 4370 1
40 35 4 3770 4
39 21 25 4703 2
26 7 18 1085 9
25 33 12 3666 7
17 32 2 1944 5
30 11 33 3106 9
9 16 6 1560 3
22 38 27 2320 9
44 10 9 2097 6
2 16 7 1077 2
29 37 20 4582 2
2 6 8 493 10
26 11 50 1952 9
11 39 48 5834 3
30 49 31 4152 4
16 28 33 2857 9
23 38 11 3808 1
8 49 24 3731 3
13 40 13 1718 6
20 37 39 4658 8
32 8 30 2663 5
29 8 35 2241 5
26 9 26 1509 4
18 28 12 3322 4
45 34 36 3742 6
24 30 10 1384 5
11 24 26 1586 6
34 15 13 1352 5
3 17 36 1208 9
17 20 25 3325 2
47 25 22 3975 8
7 13 13 1178 9
21 15 21 1603 9
23 44 40 3528 5
33 19 48 5988 7
49 34 24 4051 7
44 33 12 2287 9
49 10 39 4830 3
24 39 19 3960 8
13 39 21 1842 2
24 1 25 1944 4
48 29 14 2886 1
42 38 27 4337 3
32 16 1 1301 7
50 30 40 2857 1
29 30 26 4066 2
45 4 5 3046 6
23 34 21 1758 5
19 47 50 4661 10
43 39 11 4784 2
45 43 37 2549 9
16 5 44 3778 8
34 1 40 3903 6
19 22 10 1525 9
41 4 1 2158 2
7 19 15 1530 6
20 10 29 1604 10
11 38 26 4445 3
11 34 43 3229 10
16 30 44 3971 8
37 47 42 6561 2
47 37 4 3006 3
50 30 11 2519 2
38 47 10 3172 6
2 4 19 1284 8
33 13 15 2293 6
43 49 32 6470 4
16 8 22 2739 4
3 36 32 3017 6
24 25 44 4775 9
49 24 3 3418 7
16 41 13 1756 7
49 26 21 3833 9
48 3 42 3118 3
11 4 28 1718 5
14 12 13 1139 6
29 30 33 3298 4
23 16 48 3777 10
37 22 6 3271 7
6 47 32 2342 5
31 37 20 5242 8
2 8 27 2069 2
4 30 6 1104 5
14 37 17 4003 3
28 7 30 3082 7
8 19 39 2532 3
9 9 3 462 10
40 38 22 4044 8
6 13 11 918 10
32 38 44 2720 9
13 40 20 3632 10
25 22 1 1256 3
49 24 31 2174 6
25 28 28 3398 6
21 27 11 2042 3
12 47 49 2949 6
21 36 14 3541 7
34 32 13 2568 7
47 45 27 7072 9
44 48 40 4837 4
3 33 13 1445 3
41 47 6 3758 7
30 14 26 3485 2
21 35 26 2426 8
3 2 38 2320 7
8 16 36 1669 2
9 24 21 2310 3
23 2 31 2301 4
5 20 6 1218 4
2 26 16 1261 4
11 48 47 4215 5
15 38 47 5654 5
9 28 35 2859 5
20 21 16 2818 5
2 39 24 3810 7
23 3 30 2882 2
39 5 37 2519 10
43 17 40 2861 1
37 28 46 6119 9
18 1 16 801 3
27 10 23 1319 6
6 12 6 714 9
27 20 4 1838 4
3 15 10 1137 8
44 48 8 5043 6
22 50 49 6010 3
22 20 35 3991 3
6 27 44 2322 6
14 48 42 2632 7
23 30 7 3227 4
43 4 9 1696 4
50 44 41 3026 5
22 9 10 1658 9
11 46 17 4351 2
17 4 42 1736 4
6 21 4 997 5
18 40 35 4340 5
49 48 8 4571 2
34 26 38 3939 8
44 27 37 3703 4
25 44 48 6726 4
40 48 11 4185 3
6 45 26 3488 4
34 47 49 4318 1
39 12 35 2614 3
9 18 24 1784 9
12 37 39 3973 9
29 18 2 2521 8
31 14 43 5197 5
34 41 39 6323 10
24 12 5 1930 5
44 4 7 1557 1
48 16 18 2807 7
47 4 44 4093 4
34 49 13 2592 5
34 43 19 2521 2
1 48 12 1981 7
48 25 14 4354 5
