350
35 43 40 4351 1
36 21 26 3251 7
7 44 9 2441 9
49 4 32 3569 2
18 30 39 3169 5
30 27 36 3103 6
17 31 45 3612 1
34 14 12 1954 5
32 13 18 1062 9
7 7 19 698 10
32 20 45 2505 3
25 16 27 2146 8
49 12 41 1826 3
44 31 5 3193 7
49 45 6 4059 3
28 8 11 1664 1
1 27 18 1259 9
19 20 20 1552 8
38 21 5 909 3
4 39 3 1615 10
7 17 45 1942 7
23 29 24 1998 10
32 16 21 1315 4
1 26 34 2136 9
2 7 16 372 10
34 13 8 1948 4
37 18 34 3632 2
38 1 42 1735 9
18 46 26 1860 8
22 21 3 1356 8
47 47 45 2719 5
13 27 23 945 9
32 12 32 1626 8
13 5 3 374 8
6 5 44 1092 9
27 35 23 1295 5
38 38 48 4512 9
40 36 43 4967 9
24 8 28 1444 7
33 36 26 3845 2
29 21 3 1575 1
11 20 11 1343 7
33 23 9 1022 2
39 41 8 2776 7
23 41 42 2302 8
22 22 4 1309 7
49 48 11 3338 2
12 2 6 343 3
50 35 26 3376 4
29 37 40 1948 1
1 29 31 1155 6
41 40 45 5275 3
6 4 11 604 4
16 2 12 734 3
17 3 2 380 4
15 16 39 1766 4
50 29 22 3146 2
27 8 39 2200 2
30 44 5 2407 4
21 46 15 2729 7
49 7 2 2344 3
46 7 18 2669 9
14 22 6 1755 5
4 36 10 2047 2
50 36 50 4764 3
37 28 3 1746 8
47 18 12 2785 3
19 23 25 2153 10
22 31 4 1715 7
33 33 4 2103 9
35 23 30 2948 1
44 19 29 2580 5
33 39 11 3282 3
45 5 25 2012 7
31 29 36 3856 3
47 41 8 1466 4
26 5 32 1222 9
12 3 1 552 8
1 48 13 2505 8
15 48 9 2900 4
36 13 18 2212 1
45 38 21 1784 8
22 46 19 1803 3
24 41 2 1860 3
25 6 36 2186 3
40 43 19 3820 8
43 3 20 1290 4
38 30 8 1912 6
17 13 45 2885 2
37 25 8 1516 6
43 20 50 4112 5
39 39 8 2542 4
20 41 14 1954 8
17 44 34 3168 2
34 3 7 1132 5
45 7 18 2437 8
13 37 35 2923 1
21 6 7 1386 1
30 40 38 2418 2
23 43 14 1406 4
6 24 32 1243 6
43 32 4 1640 7
41 16 20 1236 8
10 5 14 660 4
19 34 17 1744 8
50 12 48 1645 9
49 6 25 1933 5
18 46 5 1635 6
41 42 37 4321 5
46 40 26 4433 8
42 18 14 2285 3
17 44 5 1312 5
35 14 3 1453 1
35 11 35 2367 9
19 13 49 1244 3
46 38 11 2599 5
43 31 30 2351 3
10 23 22 2049 7
13 47 44 3960 5
26 45 33 3893 2
31 20 26 1707 7
4 26 13 1589 10
15 24 39 1225 2
48 5 12 2282 8
19 2 45 1259 6
38 47 33 2498 7
7 39 49 1512 8
33 9 1 985 4
7 39 43 1603 6
17 36 29 2878 5
40 13 29 2240 6
35 3 4 1012 3
14 3 27 835 3
8 49 6 2341 4
29 11 36 1248 8
45 47 44 2503 7
9 38 38 1777 10
7 46 46 3832 9
21 33 34 2607 3
26 24 26 1108 2
25 29 4 2104 10
49 2 9 935 8
43 48 6 1828 5
39 11 14 1406 3
3 11 12 660 8
40 33 43 2540 2
30 22 21 2861 9
32 46 21 1748 8
25 38 16 2841 8
22 45 8 1834 2
27 45 45 1644 9
4 10 45 1098 5
29 8 5 1112 8
46 14 17 1857 7
33 9 41 1920 7
47 27 12 2405 8
12 18 12 1522 8
3 3 32 1483 4
44 50 39 5448 4
30 42 21 1356 9
12 26 39 2983 5
12 36 15 2109 6
14 6 41 2518 1
35 18 33 2103 4
24 2 23 1551 3
14 9 25 1538 4
32 2 11 1531 3
42 46 36 4246 7
9 40 22 1900 9
41 34 45 2614 1
9 45 46 3907 2
15 13 19 1700 7
31 12 49 2482 9
35 35 6 3017 9
45 14 4 1402 7
9 43 22 1457 9
40 23 13 3024 1
15 1 23 1053 8
9 28 22 2267 9
18 12 1 804 7
25 8 28 1692 7
49 30 40 3675 9
29 22 22 2573 7
32 26 32 1840 2
5 50 6 2235 6
47 23 43 2472 8
24 24 49 1908 8
2 16 19 942 9
17 9 49 1256 4
8 4 7 470 2
29 49 24 3417 8
44 46 12 4266 10
39 21 2 1117 2
18 35 3 1388 4
8 47 45 2327 1
21 27 2 752 4
45 7 41 1352 6
36 23 9 2106 9
3 40 20 2152 2
24 18 13 1981 2
19 16 43 1840 9
29 29 33 1470 3
41 39 4 1730 8
18 21 49 2170 10
15 28 21 1571 8
32 36 14 2869 5
34 6 21 2217 8
14 5 48 2294 6
28 2 27 839 3
34 44 47 5034 6
39 4 43 1928 1
11 3 7 819 6
32 23 14 1226 4
10 30 29 2856 9
47 24 2 2641 3
9 15 5 1076 8
12 38 10 1443 2
12 25 43 2588 10
41 32 5 2183 10
1 46 27 1219 9
42 48 8 1749 9
31 2 29 1169 2
37 47 26 1984 9
36 5 49 2725 7
49 12 45 1953 2
20 46 18 1673 1
31 35 35 2051 8
42 7 15 2064 6
40 27 40 3244 8
33 11 3 1110 6
26 29 13 2653 1
42 25 26 2181 4
2 7 39 870 4
40 13 43 2404 3
23 12 38 2851 10
13 5 10 971 8
7 47 35 3734 9
49 39 13 2898 2
50 7 50 3700 1
16 50 24 3306 3
42 49 48 5095 9
22 37 12 2718 7
32 24 9 2329 4
37 48 3 3470 2
26 45 31 3515 6
41 15 21 3193 3
24 21 3 1457 8
21 21 18 1056 2
8 4 31 1635 1
20 48 9 1182 3
4 32 30 2131 3
30 6 9 1726 1
22 31 41 1857 8
37 38 45 3032 6
45 27 43 1691 2
2 14 7 521 3
26 24 22 2265 5
27 19 41 2588 9
3 20 8 823 3
38 14 18 1253 1
41 23 5 1481 8
46 23 49 4189 2
24 47 6 2530 3
13 20 43 1421 3
15 24 44 1830 7
24 36 8 1568 9
18 27 31 2189 9
20 35 48 3206 2
16 46 30 3445 1
26 12 47 3065 9
43 44 16 3555 4
13 35 3 1166 3
47 15 46 2576 7
47 46 46 2418 2
28 34 48 4102 7
34 6 10 1780 4
6 32 1 1439 7
30 48 49 3848 5
18 22 41 1915 5
34 6 10 2071 1
5 49 46 2206 2
17 27 23 1175 7
15 39 13 1792 1
6 19 49 1324 2
40 19 4 2583 5
22 8 7 1230 5
8 30 47 2445 4
29 37 34 3241 10
15 2 42 1556 7
18 14 21 2211 3
36 44 41 3716 8
39 10 23 1692 3
20 40 4 986 6
18 23 38 1901 1
39 5 39 2977 2
3 19 9 1185 2
41 26 8 2605 7
35 40 15 1703 4
3 16 39 1701 6
19 46 27 1703 3
40 26 13 2567 9
26 5 19 1149 3
20 27 47 3242 3
1 37 3 1642 8
6 38 36 1181 6
3 2 20 1050 2
36 24 23 3088 8
12 14 45 1961 3
4 23 21 1685 6
33 8 19 1579 5
19 9 46 2592 4
2 8 15 587 4
44 32 39 1765 2
25 44 47 1959 3
1 4 16 513 10
34 36 45 4701 6
24 40 10 2158 5
25 22 44 1332 8
25 44 17 3050 4
6 34 27 2183 2
27 45 16 2101 8
22 11 1 1057 4
47 24 7 1139 10
2 10 5 265 7
49 22 22 3459 3
29 40 44 2544 4
26 49 24 1959 9
5 29 40 2956 4
33 23 35 2218 7
32 10 13 1314 6
10 39 1 1715 1
13 21 49 3446 9
8 4 41 1943 3
33 3 12 1002 4
5 7 4 344 3
45 26 50 3195 5
21 11 35 1517 7
26 34 39 2839 5
17 49 11 2282 2
5 27 34 2468 2
47 6 11 2687 4
32 32 34 3356 8
35 42 40 3348 2
27 39 3 1144 9
24 48 26 2210 10
4 11 14 766 7
36 19 18 1954 9
35 45 25 2222 7
45 37 7 1660 8
42 26 21 1976 3
