150
44 43 49 1282 1
41 43 49 1129 2
48 3 28 480 2
43 18 27 1239 5
15 33 33 809 6
11 37 41 844 5
8 17 42 743 9
4 34 32 1159 6
5 38 33 1355 8
23 26 8 1002 2
43 5 37 886 2
8 15 27 681 4
40 36 22 1560 6
11 45 6 845 6
24 32 5 634 3
16 22 9 717 7
5 40 48 862 8
32 9 9 455 6
17 48 21 707 7
3 8 30 684 2
42 25 41 1055 4
29 14 31 751 6
8 31 7 484 6
22 44 26 1574 1
26 40 37 1137 8
16 24 19 756 5
31 3 7 586 2
49 11 16 482 3
33 42 9 1362 9
2 24 28 652 1
28 30 14 1282 10
12 14 34 527 3
25 22 5 791 2
40 39 23 1075 7
2 46 5 877 5
40 29 22 1049 8
11 48 13 698 3
23 23 34 1430 4
7 9 2 275 6
19 37 7 1118 3
22 32 26 876 7
46 38 40 2138 5
12 7 2 342 7
46 48 34 1423 8
40 46 13 1746 5
45 19 45 1012 4
24 46 36 1283 3
20 6 31 394 8
27 41 14 1363 3
32 20 6 501 8
27 25 48 1383 10
21 47 8 1067 2
14 47 24 1068 4
27 26 3 585 7
10 27 18 475 2
27 38 5 428 7
19 48 28 1373 5
39 4 29 710 8
7 34 32 677 7
26 28 7 533 2
42 16 18 524 8
35 40 11 1287 6
13 38 20 934 8
47 19 5 494 2
34 34 39 745 4
44 26 21 1523 4
21 32 46 1301 8
3 21 8 221 9
21 46 34 1120 9
21 49 36 1666 7
22 47 2 631 1
7 8 17 304 3
34 18 45 767 6
35 15 10 415 10
16 25 40 741 8
25 12 28 836 9
18 27 11 686 8
25 12 12 667 2
35 2 14 477 1
17 2 44 753 4
34 1 27 844 6
29 28 8 868 7
8 3 41 860 3
12 14 6 234 5
2 31 2 353 9
10 11 40 807 10
4 20 12 395 3
37 21 3 902 6
17 32 26 1073 6
16 35 42 1656 9
12 21 26 740 5
10 25 49 1172 7
2 29 47 1219 10
9 46 37 823 9
37 22 37 1288 8
22 17 27 666 6
32 27 36 1545 9
25 34 38 805 6
33 8 49 913 8
25 39 49 1816 2
31 16 4 813 4
33 15 8 499 9
44 50 39 2085 7
25 35 44 1625 6
31 8 23 602 6
12 17 21 443 3
33 39 32 765 5
15 1 26 439 5
42 11 47 630 3
30 6 32 1078 6
50 5 36 1611 9
4 15 30 843 1
13 48 37 620 7
7 10 49 844 9
43 46 36 2090 5
12 48 25 1233 8
41 15 23 603 10
40 33 20 1542 1
13 38 26 1083 8
18 21 11 649 5
8 16 25 865 3
12 19 48 1322 3
20 32 44 1699 6
13 35 25 772 4
10 40 21 449 9
32 29 9 462 4
44 2 7 745 10
41 31 14 911 8
43 38 12 650 1
18 41 46 1292 3
33 2 48 1267 6
48 32 9 701 3
44 24 27 1539 2
3 41 44 1525 9
30 45 43 722 2
12 44 18 799 8
7 13 26 448 10
25 17 11 716 10
29 16 9 633 1
43 13 31 1271 3
39 5 18 674 1
24 35 43 1130 9
4 5 40 496 2
49 14 8 929 5
28 10 47 810 8
27 29 44 776 2
13 32 21 879 7
2 20 24 783 5
3 21 45 1197 5
34 11 25 990 3
