400
27 37 40 1744 9
24 39 35 1822 8
37 31 13 1431 8
3 5 15 385 8
32 41 35 2981 2
36 36 2 2325 2
38 10 22 2324 9
7 26 6 647 6
25 4 16 1040 1
24 6 22 1166 3
41 27 14 1357 3
5 25 13 1169 6
24 44 19 2675 6
47 6 10 1573 9
5 33 21 1857 5
43 39 11 3727 6
27 15 39 1374 3
33 7 8 2127 2
32 16 48 4444 9
22 18 12 1241 7
15 22 44 3120 9
49 13 25 3001 9
12 22 35 2881 5
26 22 21 1859 6
49 43 16 3444 6
11 41 6 2490 2
9 32 22 2040 10
46 4 7 1674 3
17 43 22 3602 2
32 23 49 2017 5
44 37 6 1504 3
42 24 27 2048 7
23 5 26 1905 7
19 36 18 2609 9
43 46 20 2873 4
28 15 43 3033 4
22 43 5 2561 9
17 11 14 1273 7
36 7 6 1572 5
14 45 18 1414 9
22 45 7 2638 8
16 30 21 1933 5
8 15 35 2063 9
49 2 35 2409 8
25 25 43 3025 2
49 43 9 4765 3
47 42 25 5462 2
20 13 14 1220 2
38 26 26 4208 8
19 13 6 1330 5
27 13 20 1565 5
13 11 5 1107 6
43 4 38 1927 8
1 36 13 1899 4
21 34 45 3309 4
24 7 13 1652 2
40 21 31 3753 1
41 44 17 4592 2
22 1 18 1928 6
43 49 38 3308 2
47 24 22 3549 7
28 2 7 1583 3
6 6 34 2168 5
13 37 20 2350 6
3 35 22 2027 7
13 6 25 1273 7
30 19 21 1176 5
9 5 8 577 4
7 2 18 1165 9
4 32 25 2836 10
32 2 20 2415 2
33 6 10 882 9
7 21 44 1160 3
31 25 32 3490 4
35 45 44 3739 4
8 8 31 2191 3
43 50 49 2541 2
31 24 25 2181 8
17 37 26 2522 6
19 1 42 1222 10
42 13 26 2086 4
24 12 16 1523 4
32 7 7 917 3
11 13 3 492 6
28 17 43 1775 5
27 39 18 1802 4
27 29 40 1794 4
15 11 25 2132 10
19 15 36 1531 8
45 9 6 2410 2
39 33 7 2966 6
33 11 7 1002 2
2 1 11 609 5
11 7 15 721 10
22 7 31 1531 7
45 24 45 3994 6
14 23 38 1723 1
29 11 25 2660 2
23 30 32 1495 4
23 48 16 3334 9
43 9 41 3037 9
31 18 17 1456 2
33 37 26 4315 6
10 42 50 4315 7
5 31 15 1904 6
33 12 13 1972 1
24 43 2 2333 8
29 48 20 4547 6
49 13 50 4603 8
45 24 3 2636 3
44 43 17 4797 4
28 1 28 2509 3
44 12 41 2760 2
46 9 5 1910 3
20 28 13 2024 2
10 20 14 1411 2
29 46 10 1544 5
28 38 46 4246 1
14 7 12 1544 9
25 31 16 2735 4
23 46 24 2252 10
18 9 8 1497 2
30 18 50 1634 4
16 22 44 2225 5
10 37 32 1863 4
47 12 3 2039 9
18 41 23 2835 2
37 4 13 1857 6
5 11 41 2066 7
28 13 8 1290 4
40 36 5 1580 5
23 48 28 2606 10
34 38 49 5540 7
21 3 45 1850 9
49 47 29 3439 1
10 12 11 811 6
30 20 29 3358 9
48 5 21 3293 9
15 31 5 2367 3
17 42 11 2502 5
9 49 10 1810 6
36 27 15 2321 5
48 41 11 4254 3
35 41 11 2873 4
48 35 41 4971 5
27 31 27 2696 9
41 22 15 2655 4
28 13 47 2855 5
25 16 22 2935 5
15 28 31 3000 4
2 18 36 1147 6
19 21 17 1762 5
13 29 9 1618 3
37 19 12 1208 3
49 9 14 1287 9
14 4 19 848 9
32 36 23 3743 10
11 21 10 1925 8
11 46 21 3486 1
21 11 17 1610 2
3 7 16 791 2
18 1 23 1053 3
35 31 18 3778 7
31 5 37 1774 6
36 9 18 1287 9
28 46 19 3622 9
28 19 16 1733 9
40 17 28 2677 3
20 41 9 1389 4
36 19 35 3113 7
47 22 12 3776 8
30 17 16 1067 6
29 40 20 2622 2
11 33 43 3922 8
23 30 6 1215 5
30 8 20 2027 6
13 8 10 757 9
18 6 4 1154 1
46 20 10 2805 1
40 32 5 3188 7
49 15 6 2447 2
18 38 49 4586 6
5 8 20 1426 4
9 50 48 3700 7
31 43 31 4651 3
27 18 22 1602 5
21 40 46 2191 10
44 29 5 1478 2
12 39 5 1085 6
36 21 8 1081 1
28 46 32 3731 7
22 21 11 2235 2
25 19 44 3767 2
13 44 8 1915 1
33 12 40 2270 7
19 48 44 3994 7
28 46 48 3732 5
16 28 32 2202 9
30 26 24 3007 5
14 37 49 2842 4
11 40 34 2165 1
45 44 24 5385 5
23 26 24 2701 10
38 46 29 2393 9
14 14 5 898 7
35 6 29 2414 2
24 35 24 2831 1
9 34 38 1303 8
28 46 44 4473 5
42 45 25 5204 4
19 46 2 1267 5
45 32 6 2178 9
46 6 1 2260 1
44 16 18 1474 8
40 24 15 2415 7
9 35 50 1816 6
26 17 46 2677 8
37 34 28 3515 4
5 2 36 1407 4
33 9 10 879 10
15 10 15 1770 3
25 48 50 4183 10
22 43 16 3761 5
15 41 16 3443 5
44 45 25 2633 5
5 49 9 1655 5
49 47 12 3157 9
32 35 26 1863 8
5 42 30 2216 5
43 19 8 1309 6
10 48 6 1845 10
12 32 20 2781 8
16 22 7 873 2
7 37 37 2761 9
5 9 22 774 6
14 42 34 1596 7
42 29 15 3190 3
48 28 28 2158 10
5 40 18 2129 7
11 9 23 899 7
20 26 41 1688 9
9 28 5 1133 3
37 30 49 3193 6
30 44 24 4154 8
17 21 45 3114 9
11 49 3 1286 1
25 40 29 2263 7
38 6 44 2185 9
4 2 49 1682 10
42 11 39 3089 1
50 9 48 2375 2
43 35 32 4303 9
41 8 5 2335 7
24 19 19 2074 9
29 42 5 2336 3
25 15 33 1786 3
5 47 21 3004 3
49 14 29 4293 10
10 3 42 2446 10
49 42 29 2097 4
47 39 23 1790 8
27 32 20 2648 1
36 30 27 2678 8
48 23 32 1767 5
7 10 35 2154 6
41 35 38 2829 4
16 13 44 2111 8
36 45 2 3305 7
16 17 5 1382 2
33 49 22 2733 4
35 10 37 2891 2
43 44 11 3258 2
34 4 3 1071 6
41 28 47 2166 9
9 2 14 1062 4
46 37 48 3397 2
7 19 17 796 2
23 35 50 3442 7
17 12 13 1830 8
29 47 20 3906 7
44 7 47 4110 9
27 32 19 2948 7
13 7 45 1700 3
22 43 38 4212 7
49 42 7 3251 6
16 28 48 1663 3
4 8 34 2134 10
23 4 38 2189 7
9 32 43 2179 3
7 3 12 504 2
17 33 38 1519 10
36 29 5 1214 8
46 3 14 1380 1
38 47 38 5117 3
35 46 13 2202 5
28 3 45 2383 8
28 32 44 4716 3
4 20 17 1052 6
14 13 26 1836 9
5 44 44 3809 5
15 50 28 3017 3
46 34 27 2369 3
22 7 32 1059 4
43 22 10 2545 2
5 44 8 1722 6
35 26 3 2047 6
46 6 46 3614 1
45 50 33 4176 5
16 11 14 1507 9
3 21 25 1027 2
21 18 36 2235 7
19 8 11 1671 6
25 6 28 2174 6
41 22 42 4798 2
8 4 46 2355 6
50 43 9 4432 4
19 28 18 1106 4
16 38 44 1936 10
5 25 4 615 9
37 19 21 3576 4
45 10 41 2405 6
5 2 15 645 1
14 45 32 1639 4
44 47 20 3011 8
6 2 11 734 1
17 29 49 2665 6
28 42 18 2153 8
21 5 3 892 4
25 32 40 3282 5
49 27 10 3022 3
32 48 15 3659 9
18 20 5 1933 2
26 48 40 2790 10
49 29 49 4082 3
17 12 8 1769 9
40 15 13 1251 8
13 25 36 2407 3
2 39 40 3271 4
36 13 38 2143 2
4 36 31 2640 1
3 24 33 2668 6
24 35 35 4472 8
36 20 31 3339 7
45 4 45 1851 3
23 19 21 2362 9
21 25 38 3955 5
13 34 26 1609 7
21 10 43 1869 3
6 22 32 1830 4
4 39 32 1585 5
45 45 27 4401 7
7 16 45 2060 6
38 33 47 3143 5
10 19 14 1146 6
30 14 31 1473 3
11 40 6 1569 1
23 34 9 2680 10
15 36 31 1660 5
35 29 5 1793 4
10 49 19 1663 7
31 30 7 1383 9
36 11 18 1529 4
24 27 20 1433 9
26 3 9 683 6
42 14 12 1641 9
36 49 31 1920 7
36 15 35 2201 3
31 18 39 2191 9
18 20 29 1622 3
4 40 14 2500 10
4 33 39 2239 5
16 13 3 1423 8
27 16 36 2221 4
1 20 42 1667 8
33 13 46 1873 8
31 5 23 1927 9
44 15 40 4005 3
28 21 11 1900 9
37 30 3 2575 7
34 31 9 2961 2
50 15 21 2762 8
40 7 34 1970 4
20 47 41 3188 8
31 12 8 994 8
49 15 3 2725 5
40 20 31 2621 7
23 15 37 1381 4
50 40 34 3146 8
45 19 8 2778 9
35 28 29 3201 3
1 44 29 2688 9
48 41 9 2564 7
28 7 42 2729 7
29 25 12 2601 5
32 5 34 2859 5
11 15 37 1977 3
7 23 37 2957 7
39 28 30 3842 3
22 12 1 795 3
11 29 42 3540 3
