100
1 0.625 0.375 0.75 0.75 
15 0
5 0
9 0
15 0
13 0
15 0
12 0
5 0
6 0
12 166
10 135
8 184
13 114
12 59
9 64
8 192
10 79
9 150
13 2
14 107
9 169
13 172
14 170
12 128
9 63
7 134
14 32
10 70
5 91
9 19
6 128
10 28
15 190
8 187
9 116
14 4
8 88
8 159
8 65
10 10
6 108
10 67
15 36
8 130
15 92
14 100
14 63
14 146
11 131
10 88
10 184
11 124
11 135
7 124
11 85
11 193
14 185
15 129
6 178
9 41
14 14
13 115
7 72
10 106
7 150
10 132
10 149
14 35
6 136
9 120
14 112
14 30
12 180
9 151
5 118
15 90
11 14
6 143
11 195
6 97
9 32
15 108
7 157
10 24
9 133
7 100
15 157
6 97
6 185
10 153
12 43
6 73
11 150
6 10
12 127
12 20
7 143
7 187
14 92
13 107
