100
1.0 0.33 0.27 0.75 0.9 
2 1
8 49
10 42
6 35
6 5
5 20
1 27
10 47
9 12
5 16
5 38
9 3
10 46
9 11
3 46
5 37
8 22
2 48
9 5
2 27
4 2
4 15
10 29
1 14
2 0
5 43
7 5
6 16
2 34
1 1
1 17
5 32
7 35
7 30
5 46
1 35
2 46
10 21
4 26
1 20
9 26
1 14
6 29
1 31
10 38
8 8
2 5
6 0
7 36
7 12
10 22
9 10
10 35
8 36
2 3
10 33
6 30
2 23
3 5
2 2
7 2
7 33
2 46
7 0
5 47
8 32
9 41
5 22
7 42
4 39
9 17
5 44
9 5
6 24
10 2
8 26
7 30
7 42
8 9
1 49
2 37
4 10
3 14
9 37
2 34
8 21
8 16
3 14
6 38
9 2
4 5
1 17
3 12
1 12
3 31
7 24
8 19
7 4
1 12
6 26
