500
1.0 0.33 0.27 0.75 0.9 
6 6
39 249
48 212
30 177
30 26
24 102
4 137
46 239
42 60
24 80
24 194
42 16
50 234
42 57
15 234
24 188
37 114
6 243
44 27
7 135
19 13
20 76
49 146
3 74
8 1
22 218
34 27
26 84
10 173
1 5
1 88
21 162
33 178
34 151
23 234
5 177
6 233
48 105
20 131
5 100
45 134
4 73
26 147
5 156
48 193
39 41
6 26
27 3
33 184
34 64
46 110
43 54
46 178
38 184
8 19
48 167
30 152
7 118
15 29
7 13
32 12
33 167
8 231
31 2
21 235
40 163
44 209
25 112
35 212
20 199
42 86
24 220
42 27
29 122
49 13
37 130
31 151
32 214
40 47
4 245
6 186
17 53
15 73
41 189
7 170
40 107
37 84
12 72
30 191
43 11
18 29
2 88
11 64
3 64
11 157
33 123
40 99
35 21
1 63
30 132
16 202
19 72
14 75
40 65
20 84
14 5
18 3
32 246
36 244
1 9
13 136
28 123
2 74
32 84
33 34
14 81
10 78
38 136
38 186
5 226
24 197
44 219
18 158
8 193
39 177
20 8
13 135
15 189
14 219
14 241
34 111
31 61
4 237
42 7
14 19
12 240
45 23
29 113
34 165
8 97
8 215
29 233
38 59
4 160
2 246
14 217
25 31
13 5
9 157
41 100
40 29
26 174
24 104
8 39
49 208
5 151
37 218
41 200
45 171
25 205
44 49
50 72
40 90
24 190
43 136
15 10
43 184
30 7
18 216
23 84
5 228
34 49
45 168
7 151
16 110
7 121
8 248
27 149
6 53
45 28
48 96
16 107
28 11
38 249
15 197
23 4
12 38
37 240
27 200
20 31
12 218
23 102
21 198
45 212
11 249
46 36
49 85
20 176
31 58
33 213
46 34
17 129
50 30
13 247
14 141
4 79
42 192
45 16
47 223
2 189
8 227
40 71
45 74
3 221
38 6
18 74
8 133
11 22
28 235
21 70
27 227
30 161
47 147
16 49
23 82
39 178
11 222
36 1
18 9
32 174
4 92
12 58
11 192
9 72
28 198
26 246
25 185
11 58
16 35
18 72
49 212
22 106
13 159
5 66
42 52
38 127
16 178
11 42
34 89
22 40
22 7
33 165
41 198
12 116
34 118
35 52
35 87
37 55
48 202
50 144
35 224
24 86
3 1
35 192
27 12
28 239
36 48
43 237
11 191
31 113
21 154
30 87
27 132
42 238
50 246
12 216
19 213
24 133
29 73
31 203
6 115
47 156
46 181
25 123
25 192
1 43
11 132
9 15
16 27
42 130
9 182
39 136
41 172
30 214
36 81
20 228
8 198
18 236
35 241
22 198
2 82
24 55
49 13
34 210
35 104
12 113
24 21
32 94
35 97
41 56
8 159
40 41
20 24
1 101
10 55
19 84
34 7
25 211
14 138
29 191
2 185
9 73
5 231
23 17
9 241
13 73
9 51
33 98
28 74
42 217
2 64
34 115
3 222
39 109
30 196
6 33
41 10
11 99
24 121
4 115
33 237
13 53
49 20
9 118
19 24
15 241
36 175
37 191
5 178
13 52
8 2
24 93
43 31
25 29
1 64
47 16
12 92
11 21
1 111
25 239
36 76
3 125
25 36
21 28
16 108
16 187
12 214
16 160
24 217
19 209
31 15
24 29
9 57
37 87
25 160
38 159
11 73
26 211
48 242
45 176
36 92
41 143
48 44
42 93
3 144
31 36
5 164
18 162
42 235
17 64
21 16
32 167
34 169
27 234
18 116
35 126
50 164
7 58
13 223
9 247
21 90
15 226
2 151
28 140
47 212
1 2
32 156
15 161
38 33
45 66
33 222
1 147
45 25
9 106
27 31
20 236
39 85
43 11
39 180
32 17
7 242
1 126
24 170
44 89
19 120
25 30
50 227
18 127
18 175
2 233
23 32
2 202
23 15
13 73
39 62
44 4
25 205
8 169
45 127
7 50
12 200
4 11
32 68
48 213
1 87
36 18
35 176
32 248
47 47
3 99
22 143
30 28
31 118
32 44
39 166
31 208
29 205
35 160
4 246
9 45
6 98
15 104
28 199
17 198
10 37
37 174
24 182
39 165
11 237
22 39
33 192
5 84
37 216
26 218
1 246
47 238
1 216
15 11
14 43
29 204
8 207
50 154
47 229
19 210
3 9
22 29
28 5
27 86
16 239
35 170
15 111
40 52
12 195
35 148
23 180
20 9
20 154
1 205
40 117
21 202
