200
1.0 0.33 0.27 0.75 0.9 
3 2
16 99
20 85
12 71
12 10
10 41
2 55
19 95
17 24
10 32
10 77
17 6
20 93
17 22
6 93
10 75
15 45
3 97
18 11
3 54
8 5
8 30
20 58
1 29
4 0
9 87
14 11
11 33
4 69
1 2
1 35
9 64
13 71
14 60
9 93
2 71
3 93
20 42
8 52
2 40
18 53
2 29
11 58
2 62
20 77
16 16
3 10
11 1
13 73
14 25
19 44
18 21
19 71
16 73
4 7
19 66
12 60
3 47
6 11
3 5
13 5
13 66
4 92
13 1
9 94
16 65
18 83
10 44
14 85
8 79
17 34
10 88
17 11
12 49
20 5
15 52
13 60
13 85
16 18
2 98
3 74
7 21
6 29
17 75
3 68
16 42
15 33
5 28
12 76
17 4
8 11
1 35
5 25
2 25
5 62
14 49
16 39
14 8
1 25
12 52
7 81
8 29
6 30
16 26
8 33
6 2
7 1
13 98
15 97
1 3
5 54
11 49
1 29
13 33
13 13
6 32
4 31
15 54
15 74
2 90
10 79
18 87
8 63
3 77
16 71
8 3
6 54
6 75
6 87
6 96
14 44
13 24
2 94
17 2
6 7
5 96
18 9
12 45
14 66
3 39
3 86
12 93
16 23
2 64
1 98
6 87
10 12
5 2
4 63
17 40
16 11
11 69
10 41
3 15
20 83
2 60
15 87
17 80
18 68
10 82
18 19
20 28
16 36
10 76
18 54
6 4
17 73
12 2
8 86
10 33
2 91
14 19
18 67
3 60
7 44
3 48
3 99
11 59
3 21
18 11
19 38
7 43
12 4
16 99
6 78
9 1
5 15
15 96
11 80
8 12
5 87
10 41
9 79
18 85
5 99
19 14
20 34
8 70
13 23
13 85
