450
1.0 0.33 0.27 0.75 0.9 
6 5
35 224
44 191
27 159
27 23
22 92
4 124
42 215
37 54
22 72
22 175
38 15
45 210
38 51
14 210
21 169
34 103
5 219
39 24
6 121
17 12
18 68
44 132
3 66
8 1
20 196
31 24
23 76
9 156
1 4
1 79
19 146
29 160
31 136
20 210
5 160
6 210
43 95
18 118
5 90
41 121
4 65
24 132
4 140
44 173
36 37
5 23
24 2
29 166
30 57
42 99
39 49
41 160
35 165
8 17
43 150
27 137
6 106
13 26
7 12
29 11
30 150
8 208
28 2
19 212
36 146
39 188
22 101
31 191
18 179
38 77
22 198
38 24
26 110
44 12
33 117
28 136
29 193
36 42
3 221
5 167
15 47
14 66
37 170
6 153
36 96
34 76
11 64
27 172
38 10
17 26
2 79
10 57
3 57
10 141
30 111
36 89
32 19
1 57
27 118
14 182
17 65
12 68
36 58
18 75
13 5
16 3
29 221
32 220
1 8
11 123
25 110
2 66
29 76
29 30
13 73
9 70
34 123
34 168
5 204
22 177
40 197
16 142
7 174
35 160
18 8
12 122
13 170
13 197
12 217
30 100
28 55
3 213
38 6
13 17
11 216
40 21
26 101
31 149
7 87
7 194
26 209
35 53
4 144
2 221
13 196
22 27
11 5
8 141
37 90
36 26
23 156
22 94
7 35
44 187
4 136
34 197
37 180
40 154
23 185
40 44
45 64
36 81
22 171
39 122
13 9
39 166
27 6
17 195
21 75
5 205
30 44
41 151
7 136
14 99
7 109
7 223
24 134
6 48
41 25
43 86
14 96
25 9
35 224
13 177
20 3
11 34
33 216
24 180
18 28
11 196
21 92
19 178
41 191
10 224
41 32
44 77
18 158
28 52
30 192
42 30
15 116
45 27
12 222
12 127
3 71
38 173
40 14
42 201
2 170
7 204
36 64
40 67
3 199
34 6
16 66
7 120
10 20
25 211
19 63
25 204
27 145
42 133
15 44
21 74
36 160
10 200
32 1
16 8
29 157
4 83
11 52
10 173
8 65
26 178
24 221
22 166
10 52
15 31
16 64
45 191
20 95
12 143
4 59
38 47
34 114
14 160
10 38
31 80
20 36
20 6
29 149
37 178
11 105
31 106
31 47
31 78
33 50
43 182
45 129
31 201
21 78
3 0
31 172
24 10
26 215
33 43
39 213
10 172
28 102
19 139
27 78
24 119
38 214
45 221
11 194
17 191
22 119
26 66
28 182
5 103
43 140
42 163
23 111
23 173
1 39
10 119
8 13
14 25
38 117
9 164
35 122
37 155
27 193
33 73
18 205
8 179
16 212
31 217
20 178
2 74
21 50
44 12
30 189
31 94
11 102
22 19
29 85
31 87
37 51
7 143
36 37
18 22
1 91
9 50
17 76
31 7
23 190
12 124
26 171
2 167
8 66
5 208
21 15
8 217
12 66
8 46
30 88
25 67
38 196
2 58
30 103
2 199
35 98
27 177
6 30
37 9
10 89
21 109
4 104
30 213
11 48
44 18
9 106
17 21
14 217
33 158
33 172
4 160
12 47
7 2
22 84
39 28
22 26
1 57
42 14
11 83
10 19
1 100
23 215
32 68
3 112
23 33
19 25
15 97
15 168
11 192
15 144
22 195
17 188
28 13
21 26
8 52
34 78
22 144
34 143
10 66
23 190
43 218
40 158
32 82
37 129
43 40
38 84
3 129
28 32
4 147
17 146
38 211
15 58
19 14
29 150
31 152
24 211
17 105
32 114
45 147
6 52
12 200
8 222
19 81
14 204
2 136
25 126
43 191
1 2
29 140
14 145
34 30
41 59
30 200
1 132
40 22
8 95
24 28
18 212
35 77
39 10
35 162
29 16
6 218
1 113
21 153
40 80
17 108
23 27
45 204
16 114
16 157
2 209
21 29
2 182
21 13
12 66
35 55
40 4
23 184
7 152
41 115
6 45
11 180
3 10
29 61
43 192
1 78
32 16
32 158
29 223
43 42
3 89
