400
1.0 0.33 0.27 0.75 0.9 
5 4
31 199
39 170
24 142
24 21
19 82
3 110
37 191
33 48
20 64
20 155
34 13
40 187
34 45
12 187
19 151
30 91
5 194
35 22
6 108
15 10
16 61
39 117
2 59
7 1
18 174
27 22
21 67
8 138
1 4
1 70
17 129
26 142
28 121
18 187
4 142
5 187
39 84
16 104
4 80
36 107
3 58
21 117
4 124
39 154
32 33
5 21
22 2
26 147
27 51
37 88
35 43
37 142
31 147
7 15
38 133
24 121
6 94
12 23
6 11
26 10
26 133
7 185
25 2
17 188
32 130
35 167
20 89
28 170
16 159
34 68
19 176
33 22
23 98
39 10
30 104
25 121
25 171
32 37
3 196
5 148
14 42
12 59
33 151
5 136
32 85
30 67
9 57
24 153
34 9
15 23
2 70
9 51
3 51
9 125
27 98
32 79
28 17
1 51
24 105
13 162
15 58
11 60
32 52
16 67
12 4
14 2
25 196
29 195
1 7
10 109
22 98
1 59
26 67
26 27
11 65
8 63
30 109
30 149
4 181
19 158
36 175
15 126
6 155
31 142
16 7
11 108
12 151
11 175
11 193
27 89
25 49
3 189
34 5
11 15
10 192
36 18
23 90
27 132
6 78
6 172
23 186
31 47
3 128
2 196
12 174
20 24
10 4
7 126
33 80
32 23
21 139
20 83
6 31
40 166
4 121
30 175
33 160
36 137
20 164
36 39
40 57
32 72
20 152
35 108
12 8
34 147
24 5
15 173
19 67
4 183
27 39
36 134
6 121
13 88
6 97
6 198
22 119
5 42
36 22
38 76
13 86
23 8
31 199
12 157
18 3
10 30
30 192
22 160
16 25
10 174
19 82
17 158
36 170
9 199
37 28
39 68
16 141
25 47
26 170
37 27
13 103
40 24
11 197
11 113
3 63
34 154
36 13
38 179
2 151
6 181
32 56
36 59
2 177
31 5
15 59
7 107
9 18
23 188
17 56
22 182
24 129
38 118
13 39
19 66
32 142
9 178
29 0
15 7
26 139
3 73
10 46
9 153
7 57
23 158
21 197
20 148
9 46
13 28
15 57
40 170
18 84
10 127
4 52
34 41
30 102
13 142
9 33
28 71
18 32
18 6
26 132
33 158
10 93
27 95
28 41
28 69
29 44
38 161
40 115
28 179
19 69
3 0
28 153
22 9
23 191
29 38
35 189
9 153
25 91
17 123
24 70
21 106
34 190
40 197
10 173
15 170
20 106
23 58
25 162
5 92
38 125
37 145
20 98
20 154
1 34
9 105
7 12
13 22
34 104
8 145
32 109
33 138
24 171
29 65
16 183
7 159
14 189
28 193
18 158
2 66
19 44
39 10
27 168
28 83
10 91
19 17
26 75
28 77
33 45
6 127
32 33
16 19
1 81
8 44
16 67
28 6
20 169
11 110
23 152
2 148
7 58
4 185
18 13
7 193
11 59
7 41
27 78
23 59
34 174
2 51
27 92
2 177
32 87
24 157
5 26
33 8
9 79
19 97
3 92
27 189
10 43
39 16
8 94
16 19
12 193
29 140
30 153
4 142
11 41
6 2
19 75
35 25
20 23
1 51
38 12
10 74
9 17
1 89
20 191
29 60
3 100
20 29
17 22
13 86
13 150
10 171
13 128
20 173
15 167
25 12
19 23
7 46
30 69
20 128
31 127
9 58
21 169
39 194
36 141
29 73
33 114
38 35
34 74
3 115
25 29
4 131
15 129
34 188
14 51
17 13
26 134
28 135
22 187
15 93
28 101
40 131
6 46
11 178
8 197
