300
1.0 0.33 0.27 0.75 0.9 
4 3
23 149
29 127
18 106
18 15
15 61
3 82
28 143
25 36
15 48
15 116
25 10
30 140
26 34
9 140
14 113
23 68
4 146
26 16
4 81
11 8
12 45
30 88
2 44
5 0
13 131
21 16
16 50
6 104
1 3
1 52
13 97
20 107
21 91
14 140
3 106
4 140
29 63
12 78
3 60
27 80
3 43
16 88
3 93
29 115
24 25
4 15
16 1
20 110
20 38
28 66
26 32
28 107
23 110
5 11
29 100
18 91
4 71
9 17
5 8
19 7
20 100
5 139
19 1
13 141
24 97
26 125
15 67
21 127
12 119
25 51
15 132
25 16
18 73
30 8
22 78
19 90
19 128
24 28
2 147
4 111
10 31
9 44
25 113
4 102
24 64
23 50
7 43
18 115
26 7
11 17
2 52
7 38
2 38
7 94
20 74
24 59
21 13
1 38
18 79
10 121
12 43
8 45
24 39
12 50
9 3
11 2
19 147
22 146
1 5
8 82
17 73
1 44
20 50
20 20
9 49
6 47
23 82
23 112
3 136
15 118
27 131
11 95
5 116
24 106
12 5
8 81
9 113
9 131
8 144
20 67
19 36
2 142
26 4
9 11
8 144
27 14
18 67
21 99
5 58
5 129
17 139
23 35
3 96
1 147
9 130
15 18
8 3
6 94
25 60
24 17
16 104
15 62
5 23
30 124
3 90
23 131
25 120
27 102
15 123
27 29
30 43
24 54
15 114
26 81
9 6
26 110
18 4
11 130
14 50
3 137
20 29
27 100
5 90
10 66
5 72
5 149
16 89
4 32
27 16
29 57
10 64
17 6
23 149
9 118
14 2
7 22
22 144
16 120
12 18
7 131
14 61
13 119
27 127
7 149
28 21
30 51
12 105
19 35
20 128
28 20
10 77
30 18
8 148
8 84
2 47
25 115
27 9
28 134
1 113
5 136
24 42
27 44
2 133
23 4
11 44
5 80
7 13
17 141
13 42
17 136
18 96
28 88
10 29
14 49
24 106
7 133
22 0
11 5
20 104
3 55
8 35
7 115
5 43
17 119
16 147
15 111
7 35
10 21
11 43
30 127
13 63
8 95
3 39
25 31
23 76
10 107
7 25
21 53
13 24
13 4
20 99
25 118
7 70
21 71
21 31
21 52
22 33
29 121
30 86
21 134
14 52
2 0
21 115
16 7
17 143
22 28
26 142
7 114
19 68
13 92
18 52
16 79
25 143
30 147
7 129
12 127
15 79
18 44
19 121
4 69
29 93
28 109
15 74
15 115
1 26
7 79
6 9
10 16
25 78
6 109
24 81
25 103
18 128
22 48
12 137
5 119
11 141
21 144
13 119
