150
1.0 0.33 0.27 0.75 0.9 
2 1
12 74
15 63
9 53
9 7
8 30
2 41
14 71
13 18
8 24
8 58
13 5
15 70
13 17
5 70
7 56
12 34
2 73
13 8
2 40
6 4
6 22
15 44
1 22
3 0
7 65
11 8
8 25
3 52
1 1
1 26
7 48
10 53
11 45
7 70
2 53
2 70
15 31
6 39
2 30
14 40
2 21
8 44
2 46
15 57
12 12
2 7
8 0
10 55
10 19
14 33
13 16
14 53
12 55
3 5
15 50
9 45
2 35
5 8
3 4
10 3
10 50
3 69
10 0
7 70
12 48
13 62
8 33
11 63
6 59
13 25
8 66
13 8
9 36
15 4
11 39
10 45
10 64
12 14
1 73
2 55
5 15
5 22
13 56
2 51
12 32
12 25
4 21
9 57
13 3
6 8
1 26
4 19
1 19
4 47
10 37
12 29
11 6
1 19
9 39
5 60
6 21
4 22
12 19
6 25
5 1
6 1
10 73
11 73
1 2
4 41
9 36
1 22
10 25
10 10
5 24
3 23
12 41
12 56
2 68
8 59
14 65
6 47
3 58
12 53
6 2
4 40
5 56
5 65
4 72
10 33
10 18
1 71
13 2
5 5
4 72
14 7
9 33
11 49
3 29
3 64
9 69
12 17
2 48
1 73
5 65
8 9
4 1
3 47
13 30
