250
1.0 0.33 0.27 0.75 0.9 
3 3
20 124
24 106
15 88
15 13
12 51
2 68
23 119
21 30
12 40
12 97
21 8
25 117
21 28
8 117
12 94
19 57
3 121
22 13
4 67
10 6
10 38
25 73
2 37
4 0
11 109
17 13
13 42
5 86
1 2
1 44
11 81
17 89
17 75
12 117
3 88
3 116
24 52
10 65
3 50
23 67
2 36
13 73
3 78
24 96
20 20
3 13
14 1
17 92
17 32
23 55
22 27
23 89
19 92
4 9
24 83
15 76
4 59
8 14
4 6
16 6
17 83
4 115
16 1
11 117
20 81
22 104
13 56
18 106
10 99
21 43
12 110
21 13
15 61
25 6
19 65
16 75
16 107
20 23
2 122
3 93
9 26
8 36
21 94
4 85
20 53
19 42
6 36
15 95
22 5
9 14
1 44
6 32
2 32
6 78
17 61
20 49
18 10
1 31
15 66
8 101
10 36
7 37
20 32
10 42
7 2
9 1
16 123
18 122
1 4
7 68
14 61
1 37
16 42
17 17
7 40
5 39
19 68
19 93
3 113
12 98
22 109
9 79
4 96
20 88
10 4
7 67
8 94
7 109
7 120
17 55
16 30
2 118
21 3
7 9
6 120
23 11
15 56
17 82
4 48
4 107
15 116
19 29
2 80
1 123
7 108
13 15
7 2
5 78
21 50
20 14
13 87
12 52
4 19
25 104
3 75
19 109
21 100
23 85
13 102
22 24
25 36
20 45
12 95
22 68
8 5
22 92
15 3
9 108
12 42
3 114
17 24
23 84
4 75
8 55
4 60
4 124
14 74
3 26
23 14
24 48
8 53
14 5
19 124
8 98
12 2
6 19
19 120
14 100
10 15
6 109
12 51
11 99
23 106
6 124
23 18
25 42
10 88
16 29
17 106
23 17
9 64
25 15
7 123
7 70
2 39
21 96
23 8
24 111
1 94
4 113
20 35
23 37
2 110
19 3
9 37
4 66
6 11
14 117
11 35
14 113
15 80
24 73
8 24
12 41
20 89
6 111
18 0
9 4
16 87
2 46
6 29
6 96
5 36
14 99
13 123
13 92
6 29
8 17
9 36
25 106
11 53
7 79
3 33
21 26
19 63
8 89
6 21
17 44
11 20
