350
1.0 0.33 0.27 0.75 0.9 
5 4
27 174
34 148
21 124
21 18
17 71
3 96
32 167
29 42
17 56
17 136
30 11
35 163
30 40
11 164
17 132
26 80
4 170
31 19
5 94
13 9
14 53
35 102
2 51
6 1
15 152
24 19
18 59
7 121
1 3
1 61
15 113
23 125
24 106
16 164
4 124
5 163
34 73
14 91
4 70
32 94
3 51
18 102
3 109
34 135
28 29
4 18
19 2
23 129
24 44
32 77
30 38
32 124
27 129
6 13
34 117
21 106
5 82
10 20
5 9
23 9
23 116
6 162
22 2
15 164
28 114
31 146
18 78
24 149
14 139
30 60
17 154
29 19
20 85
35 9
26 91
22 105
22 150
28 33
3 172
4 130
12 37
11 51
29 132
5 119
28 75
26 59
8 50
21 134
30 8
13 20
2 61
8 45
2 45
8 110
24 86
28 69
25 15
1 44
21 92
11 141
13 50
10 53
28 45
14 58
10 4
13 2
22 172
25 171
1 6
9 95
19 86
1 52
23 59
23 23
10 57
7 55
26 95
27 130
4 158
17 138
31 153
13 111
6 135
28 124
14 6
9 95
10 132
10 153
10 169
24 78
22 42
3 166
30 5
10 13
9 168
32 16
20 79
24 116
5 68
6 150
20 163
27 41
3 112
2 172
10 152
17 21
9 4
7 110
29 70
28 20
18 121
17 73
6 27
35 145
4 105
26 153
29 140
31 120
18 144
31 34
35 50
28 63
17 133
30 95
10 7
30 129
21 5
13 151
16 58
4 160
24 34
32 117
5 105
11 77
5 85
5 173
19 104
5 37
32 19
33 67
11 75
20 7
27 174
10 138
16 3
9 26
26 168
19 140
14 22
8 153
17 71
15 139
32 149
8 174
32 25
34 60
14 123
22 41
23 149
32 23
12 90
35 21
9 173
10 99
3 55
29 134
31 11
33 156
1 132
6 158
28 49
31 52
2 155
27 4
13 51
6 93
8 15
20 164
15 49
19 159
21 112
33 103
12 34
17 57
28 124
8 155
25 0
13 6
23 122
3 64
9 40
8 134
6 50
20 138
19 172
17 129
8 40
12 24
13 50
35 148
16 74
9 111
4 46
29 36
26 89
11 124
8 29
24 62
16 28
16 5
23 116
29 138
9 81
24 83
25 36
24 61
26 39
33 141
35 100
24 156
17 60
2 0
24 134
19 8
20 167
25 33
31 166
8 133
22 79
15 108
21 61
19 92
29 166
35 172
9 151
14 149
17 93
20 51
22 142
4 80
33 109
33 127
18 86
18 134
1 30
8 92
6 10
11 19
29 91
7 127
28 95
29 120
21 150
25 56
14 160
6 139
13 165
24 169
16 139
2 58
17 38
35 9
24 147
24 73
8 79
17 15
23 66
25 68
29 39
5 111
28 28
14 17
1 71
7 39
14 59
24 5
18 148
10 96
21 133
1 130
7 51
4 162
16 12
6 169
10 51
6 36
23 68
20 52
30 152
2 45
24 80
2 155
28 76
21 137
5 23
29 7
8 69
17 85
3 80
23 166
9 37
34 14
7 82
14 16
11 169
26 122
26 134
3 125
9 36
