450
9 253 270 9
2 118 135 3
4 309 329 3
1 446 461 1
1 453 470 2
5 359 368 6
1 114 124 5
4 191 196 3
5 166 182 14
6 463 486 7
3 180 183 3
5 11 25 5
6 310 316 2
4 312 316 1
1 136 150 1
7 138 148 7
1 278 279 1
4 451 477 4
7 319 349 19
4 162 174 8
4 252 259 3
3 137 141 1
7 17 25 9
1 437 450 1
10 348 360 14
4 113 144 4
3 128 131 3
9 263 292 14
4 352 360 4
1 188 194 1
4 261 265 1
7 111 138 9
2 27 37 1
5 405 424 4
8 477 495 11
7 183 196 8
1 259 264 1
2 151 161 1
11 450 465 12
4 455 459 6
10 351 363 15
6 10 18 8
10 357 372 19
1 427 434 2
5 373 390 7
8 182 191 5
2 41 56 3
4 195 204 2
4 376 392 6
3 396 404 4
7 368 376 12
3 329 333 1
9 390 426 16
36 179 238 49
1 337 345 1
1 20 21 1
4 391 429 7
12 382 398 18
12 60 83 18
7 374 381 9
1 404 407 6
1 222 224 1
4 246 250 2
1 12 17 1
5 360 368 9
4 118 122 2
11 16 42 14
3 254 258 7
7 354 362 3
6 130 147 12
17 178 195 17
8 385 401 15
1 282 290 1
2 61 63 1
2 237 256 1
5 85 98 12
1 217 224 9
3 261 276 6
1 331 345 1
6 71 82 15
11 379 391 5
4 244 278 12
3 265 283 10
2 143 145 3
2 51 63 10
1 358 378 1
1 7 27 1
7 465 475 5
4 167 171 1
2 296 298 1
2 440 457 4
2 16 22 9
15 449 469 19
4 235 240 6
5 437 443 6
16 157 178 15
4 145 155 3
1 200 208 4
4 418 427 1
7 131 143 10
6 192 198 7
6 39 57 2
6 363 381 15
3 419 425 11
6 11 36 8
8 32 51 20
3 125 150 7
7 63 84 15
15 117 134 20
6 304 313 14
15 307 323 15
2 260 265 7
4 367 381 12
1 400 412 1
3 122 134 7
7 344 355 8
1 322 329 1
1 15 18 2
3 365 368 8
12 263 291 14
2 369 372 2
4 163 170 12
7 322 332 5
22 360 384 18
8 0 14 7
2 363 368 5
4 365 373 6
16 477 501 16
2 280 282 3
4 88 101 6
5 150 164 17
2 279 291 8
13 309 334 16
11 463 483 14
4 363 380 6
2 487 504 3
8 208 217 12
7 184 192 6
9 223 234 12
7 352 366 8
4 257 263 5
13 348 374 10
2 102 108 3
2 249 283 1
4 431 439 12
1 170 171 1
7 443 458 12
6 151 184 18
1 119 121 3
1 163 165 1
1 433 443 7
6 135 147 3
7 172 189 7
12 478 502 13
4 262 270 1
2 242 244 5
5 97 102 1
1 140 141 6
5 16 31 6
2 244 247 4
4 40 51 1
6 2 14 6
2 466 480 2
17 484 508 22
12 333 361 19
12 251 267 17
1 395 402 1
2 246 254 9
1 443 448 1
7 252 261 10
6 67 81 10
3 359 364 5
16 182 202 20
1 234 254 1
3 15 21 1
3 215 223 4
1 363 368 6
4 311 315 3
7 185 196 4
2 463 472 10
2 399 402 3
10 327 356 11
1 469 480 4
4 204 211 1
6 399 417 13
1 254 262 1
8 387 395 1
1 371 379 4
9 275 284 6
18 370 397 28
10 463 493 16
6 404 421 8
1 64 81 8
3 168 175 1
8 41 57 14
4 237 242 1
1 305 314 1
1 156 161 1
1 364 367 3
1 315 325 1
12 108 125 13
3 16 21 5
28 363 399 38
3 337 340 10
4 472 481 9
2 122 153 5
4 368 372 10
1 298 310 1
2 189 215 3
6 432 450 13
2 80 84 1
11 191 204 11
3 61 64 1
4 440 461 7
2 263 268 3
17 278 306 21
6 211 221 10
7 217 227 8
5 465 470 10
9 135 155 7
1 127 142 1
5 384 390 1
15 316 336 23
7 195 203 11
5 168 183 9
2 61 67 1
9 259 271 12
6 284 292 4
1 182 198 2
4 213 217 1
2 383 393 1
6 428 452 15
3 57 68 3
3 157 165 5
4 200 212 8
3 247 250 1
7 84 97 9
2 275 284 6
4 449 459 1
2 338 340 4
3 155 160 7
2 352 354 2
2 324 327 7
7 373 389 13
5 240 248 8
4 380 389 5
2 444 449 6
2 306 324 1
2 173 176 1
3 362 374 2
12 104 120 15
10 214 236 16
1 410 426 6
11 396 408 8
7 112 120 10
23 87 127 28
2 441 443 2
1 211 220 1
6 270 280 4
6 83 113 7
6 394 406 6
2 188 209 1
3 69 80 5
2 212 215 1
3 137 143 4
2 197 209 1
1 161 173 1
12 412 434 27
1 213 226 2
8 235 273 6
4 238 242 1
3 464 473 6
2 442 458 6
6 122 133 7
3 311 314 1
6 10 20 1
3 123 130 2
5 144 151 3
7 462 470 6
1 138 145 1
1 154 159 1
14 491 512 15
9 44 63 14
6 376 382 12
1 472 473 1
2 112 114 1
1 82 91 3
5 203 216 11
5 178 187 6
6 373 391 10
4 305 313 6
4 309 313 6
13 57 75 20
2 108 110 6
10 245 261 25
4 443 455 6
2 239 253 7
12 15 32 16
14 341 364 22
2 191 194 5
3 270 276 10
3 438 449 2
1 117 140 1
3 124 141 1
2 4 8 7
3 478 484 1
2 137 139 4
6 460 471 9
11 169 201 19
5 42 50 10
1 146 148 1
2 458 476 1
8 224 252 19
7 336 363 14
5 346 358 7
5 138 146 7
8 329 340 16
26 369 396 32
3 162 172 2
1 136 143 1
6 57 75 8
2 371 383 10
1 481 523 1
1 244 247 1
4 467 475 7
5 154 159 9
2 20 31 6
1 28 42 1
4 439 446 3
1 377 379 1
2 388 404 9
6 409 426 10
3 194 226 2
9 347 369 14
4 237 243 4
1 115 129 1
3 466 483 1
6 275 284 9
6 225 234 7
1 148 149 5
1 242 244 1
8 354 363 9
7 43 59 3
4 380 384 1
2 110 121 1
1 443 449 3
2 357 361 3
7 411 426 11
3 7 10 5
18 288 307 19
9 156 166 4
5 346 351 4
4 68 73 7
5 450 456 10
4 62 69 4
3 220 231 6
3 363 374 3
5 237 256 9
3 102 121 9
4 366 370 1
7 110 122 12
2 365 372 8
9 277 301 19
10 258 276 13
6 55 79 12
4 392 397 6
5 358 373 8
14 149 164 18
1 255 271 2
12 209 227 12
1 152 187 2
6 376 384 5
1 150 154 4
1 478 499 9
3 126 144 1
6 411 423 9
2 240 243 3
11 148 171 13
10 88 99 10
9 326 341 7
2 393 399 8
7 312 323 9
1 423 431 1
2 130 138 4
1 211 213 3
6 30 54 6
22 298 323 19
8 12 34 12
4 258 279 1
29 252 300 44
7 256 266 6
6 202 208 2
3 310 316 6
3 26 29 5
5 459 466 10
14 452 473 26
7 316 328 6
1 394 412 1
3 122 126 1
1 426 434 1
5 209 218 9
7 467 475 3
3 20 48 5
6 417 425 10
5 318 328 13
5 136 142 3
2 331 338 7
1 13 26 1
1 457 458 1
1 85 88 2
4 250 255 10
1 474 483 2
7 437 445 7
1 126 128 2
4 207 218 3
1 326 338 1
1 127 129 1
15 307 322 12
1 449 453 7
7 234 243 18
5 143 168 4
6 357 366 8
4 320 325 5
3 116 128 5
1 259 260 1
6 130 138 6
3 67 74 6
2 209 216 2
2 326 329 3
5 472 484 17
1 213 217 5
6 313 320 7
8 192 200 6
1 360 361 1
1 102 112 1
2 293 295 6
8 394 403 10
11 212 227 16
16 323 339 8
1 208 211 1
3 388 397 4
8 357 370 10
5 260 272 6
4 394 403 2
3 121 128 1
4 118 135 4
7 420 433 13
5 286 301 13
1 416 425 1
9 256 267 8
