300
1 178 181 1
1 6 12 8
5 21 27 4
1 246 249 1
2 30 33 1
3 101 111 1
4 143 154 7
5 153 164 13
1 82 84 1
5 198 206 11
2 13 18 1
8 12 23 6
7 113 123 6
10 197 214 13
1 27 41 2
3 6 15 2
6 152 162 9
11 207 225 14
1 51 52 1
1 124 128 7
17 258 275 20
3 25 30 11
4 145 151 11
5 271 284 12
15 194 233 24
11 47 58 14
6 25 32 3
1 270 275 1
1 279 285 4
4 38 47 3
3 99 104 1
2 47 55 5
7 216 225 5
11 136 173 26
3 281 287 1
1 221 224 1
2 41 47 3
4 15 28 2
3 241 245 3
4 258 284 12
5 64 79 9
4 111 117 1
4 4 14 7
1 162 165 1
1 112 120 3
1 8 9 6
3 117 133 1
9 46 64 16
4 240 248 6
16 7 44 25
11 208 221 14
4 198 233 8
12 37 49 12
2 240 243 6
4 254 264 8
2 41 45 7
2 186 207 2
1 133 190 4
3 51 57 2
1 36 38 1
5 256 268 5
11 133 148 14
10 163 173 8
3 213 219 11
4 37 51 1
4 35 52 8
1 282 293 10
1 204 208 4
6 37 47 11
11 212 239 20
7 116 123 9
6 153 163 5
2 12 17 1
7 211 227 7
13 28 46 23
1 65 68 1
8 154 162 18
9 207 228 13
3 219 227 5
1 99 102 3
1 271 272 1
4 23 39 4
3 50 62 3
7 290 302 13
2 62 72 1
2 2 18 4
7 180 188 8
8 202 212 13
1 32 72 1
7 84 92 7
2 53 59 4
1 25 39 5
9 222 233 6
7 69 82 5
1 20 23 1
2 57 65 8
4 25 45 5
1 91 104 1
3 7 41 7
10 175 189 12
4 101 109 11
1 6 17 4
2 59 76 10
2 223 233 3
1 118 121 1
7 145 155 7
6 79 94 14
5 13 29 13
13 190 228 19
1 156 162 1
5 32 38 6
21 55 80 26
1 14 22 2
11 16 27 16
4 171 177 8
7 14 21 5
14 210 254 18
3 206 219 7
1 35 38 2
4 214 220 2
6 245 251 8
5 25 32 1
6 160 167 7
4 50 64 5
6 283 300 9
1 11 15 1
6 28 40 5
1 12 15 5
4 221 240 16
8 234 245 10
9 65 74 7
9 215 226 8
12 230 245 21
6 39 54 7
5 51 63 8
4 55 61 1
3 173 183 2
4 123 127 4
4 220 224 6
9 39 76 17
2 25 38 1
6 33 41 7
1 248 252 1
2 200 216 5
1 60 64 1
2 263 267 2
2 102 109 4
8 208 217 6
9 158 173 13
21 80 116 36
5 249 259 11
8 92 103 12
7 212 222 11
13 123 137 15
4 94 111 10
2 67 77 3
9 175 197 18
7 166 177 8
2 221 228 4
8 13 23 4
9 20 31 11
11 103 120 17
3 16 23 3
6 8 18 9
1 17 20 1
5 249 270 6
3 103 115 4
7 230 245 8
24 20 48 26
5 190 225 4
8 118 132 13
1 66 87 1
21 218 239 28
5 100 109 4
4 159 163 9
8 91 108 11
1 32 36 2
15 10 32 16
8 75 84 5
1 163 164 1
17 27 54 17
26 100 137 28
7 46 56 14
8 45 58 12
4 116 120 5
11 47 70 12
3 155 164 1
4 220 228 5
4 24 41 10
2 243 261 3
3 199 222 3
2 174 186 1
4 205 210 11
6 212 219 10
3 0 24 8
9 168 190 16
2 115 122 5
4 182 204 7
1 56 67 2
9 54 71 15
19 187 224 29
7 122 130 9
1 42 46 3
1 52 53 4
1 200 202 1
14 40 55 14
1 186 197 3
6 146 160 7
5 44 49 7
9 180 190 10
11 122 136 16
1 46 60 6
1 47 58 1
6 52 59 10
4 48 63 8
1 9 33 1
7 201 226 11
15 191 209 15
3 177 196 6
1 216 231 6
2 204 209 16
12 34 55 16
11 265 279 10
7 177 191 12
1 204 214 2
2 15 21 1
4 193 207 15
1 160 161 5
2 160 171 5
4 243 257 5
15 243 260 16
10 259 272 17
1 29 32 1
7 186 194 9
1 187 197 2
9 245 254 12
1 199 212 1
4 79 87 8
8 16 33 9
2 146 167 1
1 180 188 1
13 20 33 17
2 109 135 8
1 97 102 5
7 48 76 10
1 99 100 1
2 144 146 1
8 250 265 19
1 277 280 1
1 140 141 2
7 248 256 12
1 22 32 1
1 77 85 1
11 205 253 19
1 52 62 1
5 131 137 9
10 219 238 10
4 228 238 7
9 198 216 11
9 64 78 13
5 205 218 7
9 40 55 13
2 88 102 1
4 58 72 15
4 209 217 11
2 279 290 1
2 20 23 4
5 62 75 6
6 14 31 16
1 219 221 3
2 17 22 5
4 270 280 9
8 9 24 14
7 12 33 7
1 191 201 1
1 210 230 5
2 87 115 5
5 155 171 15
6 108 117 12
2 104 106 1
2 199 203 8
4 17 46 9
1 15 16 2
1 283 290 1
3 149 154 9
7 173 191 16
7 96 113 18
6 64 71 5
13 28 45 19
2 92 114 1
5 151 158 8
6 102 114 6
5 62 67 9
2 199 204 1
20 220 254 26
4 57 65 1
10 163 175 21
3 91 98 5
2 46 58 3
7 46 53 5
