200
11 20 33 4
1 107 108 1
7 147 166 11
3 69 72 2
11 185 197 10
9 158 176 12
1 141 148 9
5 125 130 4
1 115 119 1
3 182 186 3
10 61 80 7
1 56 68 1
2 28 46 1
1 189 190 2
1 157 167 3
1 153 154 1
5 108 121 11
6 69 83 5
4 21 25 1
4 180 216 3
10 74 90 1
3 175 179 6
2 79 83 1
7 72 81 6
3 12 15 1
8 156 173 3
8 169 177 5
4 42 52 5
6 98 105 5
3 73 78 1
10 54 64 17
10 32 43 13
5 65 70 3
1 93 96 1
2 141 143 3
1 75 93 1
3 173 180 1
1 135 145 3
6 138 153 5
9 173 185 17
1 142 144 1
8 183 199 10
1 178 191 2
3 32 45 6
9 91 101 7
4 20 25 18
14 74 95 17
6 106 118 10
3 100 104 5
2 178 180 1
9 195 205 6
1 62 69 3
4 91 110 3
1 169 174 1
3 77 82 2
7 47 55 11
5 10 17 1
2 47 49 1
2 139 168 1
1 17 18 1
1 146 158 1
2 145 151 1
2 158 162 4
5 85 90 11
5 83 89 5
8 35 61 8
3 72 84 1
1 157 170 1
2 75 94 3
4 71 83 6
4 184 188 1
6 167 184 5
7 150 163 1
6 190 199 8
3 174 179 10
5 47 62 6
2 144 152 1
9 112 139 4
1 63 73 7
3 175 180 1
3 110 135 5
8 182 194 4
18 41 68 14
1 110 111 1
3 168 172 4
6 148 155 1
2 106 117 2
1 170 174 1
4 95 110 1
6 172 190 2
1 44 49 1
4 193 198 6
6 151 161 6
6 94 102 9
19 70 89 21
11 181 199 13
3 86 109 1
3 134 138 10
3 36 43 2
1 160 164 1
11 59 74 9
6 93 112 2
1 41 44 4
2 106 113 1
10 189 199 9
2 87 94 1
4 103 112 1
1 16 23 1
5 83 90 7
5 141 148 1
4 123 147 3
1 165 170 1
9 145 154 10
5 140 145 14
3 161 164 7
1 69 82 1
6 69 75 5
9 22 32 11
1 56 62 1
1 37 54 2
5 43 57 4
4 177 191 6
14 160 194 16
6 50 70 1
3 76 81 1
7 145 165 3
8 22 38 8
1 185 189 1
1 181 192 3
20 151 172 22
2 86 92 6
7 119 127 12
4 152 159 5
5 186 198 4
3 44 63 8
8 174 189 9
1 166 182 1
7 157 174 9
5 36 52 4
5 154 162 4
4 33 42 1
2 180 182 2
9 9 37 2
2 102 109 1
9 10 24 13
6 43 54 1
1 52 53 7
1 103 123 1
9 30 43 7
5 60 69 1
2 74 94 1
1 89 103 1
1 79 86 4
2 32 46 1
16 185 208 6
5 164 174 1
4 156 170 5
3 179 187 7
5 15 29 4
2 88 90 1
3 181 187 4
2 148 166 2
3 62 75 10
7 47 72 8
2 103 108 1
1 186 189 5
8 131 141 3
11 72 86 10
10 12 29 9
4 173 180 1
5 122 143 2
7 181 189 4
3 145 156 7
9 39 48 10
3 19 22 6
4 132 163 1
6 138 151 12
8 89 105 3
7 178 190 9
2 57 88 1
11 142 155 17
29 177 214 30
2 176 180 1
1 4 17 2
1 177 180 8
2 179 203 5
11 155 188 14
6 104 125 6
4 54 63 4
2 176 179 3
11 101 115 13
7 20 28 12
1 27 28 7
1 39 67 1
3 70 82 1
3 162 175 1
2 171 179 1
2 38 48 1
1 174 177 5
5 13 35 9
