50
1 38 48 1
9 28 43 14
3 24 27 6
6 78 84 8
2 30 43 5
3 59 73 1
12 11 23 5
2 16 32 1
6 12 18 4
3 48 55 5
3 6 13 6
7 39 50 11
7 59 66 7
2 59 70 5
5 19 35 3
9 1 14 3
1 71 76 1
2 71 73 6
4 29 43 2
1 38 39 3
8 33 42 12
1 58 68 6
7 31 38 12
4 22 27 9
4 82 103 6
6 30 40 12
3 27 37 4
2 17 26 1
6 82 91 12
3 58 63 1
5 26 31 1
2 36 40 1
1 54 58 1
7 54 64 8
8 10 18 5
4 74 87 15
6 48 57 10
1 73 95 1
1 63 68 1
4 73 84 8
6 73 79 8
1 26 47 5
8 30 39 6
1 31 39 3
3 8 17 6
1 74 75 1
7 34 54 12
4 54 59 8
14 66 83 16
7 38 56 12
