150
1 92 96 6
1 153 161 2
7 115 124 1
2 157 170 1
7 64 75 11
2 39 42 1
5 66 77 7
4 125 133 5
19 36 67 20
2 79 91 1
1 63 87 1
2 120 123 10
11 157 171 20
1 0 4 1
7 9 18 7
1 85 95 4
8 19 43 11
5 54 66 6
11 122 135 13
4 152 171 4
5 87 100 11
1 111 114 1
2 52 81 5
1 85 86 1
1 80 81 10
4 92 117 1
8 162 174 6
4 88 97 2
8 123 153 20
1 18 79 1
8 90 99 12
3 86 94 7
12 129 148 19
6 108 114 10
10 131 144 6
2 150 169 5
2 31 35 5
1 158 162 1
6 146 156 11
1 53 65 8
10 75 99 21
2 154 160 3
2 1 7 1
2 17 31 1
1 3 12 8
4 92 100 6
1 153 154 1
3 155 163 2
4 114 127 2
1 9 17 1
3 97 117 8
1 20 30 4
9 88 100 8
1 27 29 1
2 21 30 6
16 85 114 18
8 98 108 10
4 74 78 1
6 119 125 1
6 29 40 12
6 144 153 2
8 75 106 16
8 18 26 5
4 92 97 5
7 8 27 20
1 49 83 1
1 2 3 1
2 151 164 2
1 95 106 3
1 56 63 4
3 61 67 1
3 84 88 2
3 162 172 1
1 35 38 1
9 46 56 12
10 28 52 15
11 67 79 12
3 127 142 8
2 124 129 7
17 7 28 26
2 59 63 7
1 154 157 8
5 87 126 2
2 34 38 4
3 58 63 6
2 40 49 1
2 59 63 1
1 124 130 1
2 35 45 6
5 10 21 8
2 66 72 7
6 53 62 5
5 56 78 10
5 60 73 1
3 53 58 8
10 69 85 13
7 58 73 15
3 144 155 8
2 66 68 5
1 20 27 1
2 82 87 1
15 149 171 18
10 12 29 14
5 84 93 1
24 87 125 41
3 64 91 8
7 57 66 8
6 135 143 10
2 156 159 6
7 23 38 4
3 155 160 1
9 160 176 16
4 97 107 1
3 81 86 3
4 91 130 8
5 28 42 4
1 11 15 5
2 84 89 1
1 34 45 1
6 119 136 14
1 87 98 1
3 112 123 5
1 81 85 1
3 78 85 3
5 59 65 5
3 132 146 1
5 123 136 13
6 43 57 6
9 73 85 8
4 83 90 5
3 153 166 11
8 82 92 10
2 53 57 2
2 138 159 7
3 146 154 7
1 29 30 2
4 152 156 7
1 87 97 3
1 28 31 1
2 59 65 2
3 36 57 5
3 75 87 7
15 73 89 20
9 58 69 9
2 134 143 8
7 95 105 5
1 153 155 1
1 56 62 1
3 143 147 2
1 59 66 1
