100
6 90 98 2
5 108 127 4
1 6 11 1
6 117 124 8
1 0 13 1
5 27 37 1
11 78 92 1
9 44 62 14
8 46 55 9
4 89 96 1
3 26 38 2
3 114 117 4
2 33 35 1
1 55 64 1
8 93 104 16
3 44 49 2
3 16 36 8
1 6 9 4
3 39 54 2
4 39 45 7
3 46 49 4
4 59 80 7
1 112 117 1
1 51 69 1
15 93 121 15
1 105 125 3
1 82 94 1
1 50 68 3
4 19 30 5
8 25 33 4
6 48 54 3
9 28 42 8
1 92 107 1
1 42 45 1
7 87 95 12
1 115 130 1
14 118 132 16
10 15 30 16
9 90 108 1
1 25 31 2
3 113 146 8
1 55 63 1
6 39 58 11
2 89 91 4
1 15 17 8
1 74 82 1
11 11 22 17
8 12 20 15
7 56 71 11
15 32 47 15
13 48 68 11
1 108 109 12
2 30 33 6
10 102 116 8
10 49 65 7
1 93 98 2
1 49 51 1
7 11 19 1
2 119 127 2
2 61 66 6
15 108 127 19
2 100 106 3
12 90 106 5
2 66 70 1
7 88 101 11
3 82 91 2
9 83 99 15
7 111 122 12
2 114 118 7
6 45 62 4
4 50 55 4
1 23 56 1
1 98 106 1
4 127 144 5
16 116 137 15
1 105 106 6
4 38 44 3
4 55 59 1
4 97 103 1
9 77 87 10
2 97 104 3
4 89 96 1
6 73 83 1
6 49 59 7
10 70 86 7
12 22 42 15
1 118 120 1
8 53 84 3
1 93 102 1
2 101 106 7
1 3 5 1
11 87 103 12
10 40 50 1
3 20 24 4
1 49 50 1
1 61 76 1
5 22 27 1
1 51 55 2
9 91 100 9
2 22 29 1
