250
3 221 231 4
2 148 152 4
6 99 118 11
2 194 206 5
1 122 132 1
6 27 38 11
9 40 55 10
7 214 222 4
3 37 48 11
1 12 17 1
2 220 246 7
9 180 195 12
10 55 81 16
3 84 110 1
1 142 154 5
4 99 121 11
10 224 235 5
1 10 11 6
13 205 218 12
13 98 115 12
8 49 66 8
1 203 204 1
5 78 84 7
1 85 90 3
1 31 42 3
1 162 177 1
11 103 121 15
5 223 237 6
3 145 151 6
6 87 98 6
1 80 86 1
2 97 111 6
3 69 81 4
9 16 41 13
2 213 220 1
2 208 212 1
2 209 228 1
12 39 53 15
3 47 52 1
1 189 211 1
12 77 92 16
6 16 25 6
1 150 162 1
8 181 190 9
1 176 208 1
1 127 144 1
4 15 27 9
1 207 209 1
2 229 268 1
7 37 45 10
20 170 199 23
4 4 15 2
1 214 226 5
4 49 69 10
17 118 160 19
6 140 151 4
21 68 98 26
2 138 141 5
12 143 156 2
14 222 239 21
5 104 113 8
17 7 24 12
4 44 57 4
3 107 114 1
12 32 61 19
1 17 19 5
1 210 214 1
5 224 232 10
5 168 175 13
13 174 196 24
3 187 193 1
9 140 162 5
4 100 106 11
3 31 35 1
5 38 54 12
2 196 200 4
2 224 228 9
4 146 165 1
4 92 100 1
4 0 5 8
4 214 220 4
8 179 200 16
3 209 216 8
5 83 93 8
2 146 192 5
5 93 104 3
6 107 116 10
5 94 100 1
3 22 34 3
6 20 26 10
4 77 84 13
6 204 211 1
2 220 228 3
6 13 23 7
4 77 99 9
7 93 118 9
3 121 126 3
1 96 98 1
1 143 149 4
6 75 82 6
10 209 223 9
8 117 128 11
6 119 138 8
2 160 164 1
1 64 74 6
9 46 55 6
3 140 144 3
12 22 40 10
13 36 51 19
10 149 163 15
5 31 47 1
4 93 101 5
5 82 87 3
3 81 84 6
3 170 182 1
8 221 253 5
5 45 62 3
8 142 153 9
1 39 42 2
4 92 100 6
6 96 102 8
2 172 199 4
8 144 162 13
1 41 48 1
3 88 95 1
2 89 107 7
6 75 85 15
5 19 30 9
8 208 218 8
9 146 172 12
7 92 113 13
8 95 104 11
6 210 216 10
13 105 118 5
11 159 171 6
7 136 155 9
1 94 98 1
13 87 100 12
3 92 99 1
4 78 84 6
3 92 95 1
1 36 37 1
9 88 100 16
10 87 120 18
7 227 242 5
4 22 34 9
1 213 220 1
4 29 34 3
6 192 213 7
10 136 159 15
5 107 120 8
4 0 20 12
2 72 80 3
3 31 38 1
2 84 94 8
1 1 5 1
3 91 94 5
7 7 19 11
11 81 94 17
5 91 99 4
1 98 101 2
1 148 158 3
7 33 42 9
6 96 102 6
5 88 94 11
5 219 228 11
1 14 22 1
4 0 9 2
4 228 232 8
2 42 50 8
2 227 229 1
8 87 95 7
13 4 21 13
12 102 124 17
3 51 54 7
17 10 36 14
11 35 47 3
3 236 239 4
4 83 89 9
3 7 12 2
5 24 42 7
5 217 229 5
1 20 25 1
11 223 235 16
6 211 218 3
8 227 237 7
3 167 172 1
5 230 235 9
5 101 108 1
8 46 58 9
1 61 88 1
8 222 232 13
2 225 229 1
7 150 159 2
14 188 202 11
7 81 95 4
2 219 262 1
3 138 143 4
17 32 59 22
1 11 33 6
1 223 228 1
8 219 232 10
6 215 226 7
5 91 110 6
1 193 198 1
1 146 154 2
3 0 5 12
2 127 130 3
1 212 218 2
13 200 222 16
2 196 203 9
1 33 36 1
4 32 73 9
17 151 178 25
6 143 156 9
4 215 226 11
4 219 242 8
8 29 41 9
6 8 22 14
4 132 141 7
2 85 96 4
2 42 54 4
3 40 43 6
3 39 43 7
10 142 181 12
5 216 234 5
14 91 109 15
7 105 123 16
8 15 30 9
5 218 223 2
4 138 157 6
1 101 118 5
11 18 38 17
6 102 131 11
8 40 63 9
6 34 51 12
11 72 90 7
5 192 202 11
10 102 115 14
12 14 28 10
6 178 186 6
7 112 121 9
10 43 54 11
5 137 145 2
3 219 228 10
2 152 161 10
7 50 62 12
2 79 81 6
1 86 89 7
1 214 216 1
