350
6 135 144 6
8 144 154 17
2 98 101 1
12 52 64 15
1 249 259 1
7 33 47 5
6 147 153 14
3 85 101 2
2 130 132 1
5 226 238 5
5 231 252 1
3 72 76 3
5 254 266 2
5 89 98 1
4 57 64 1
3 256 263 7
6 224 246 8
5 46 53 1
1 219 226 12
1 259 261 1
2 70 80 8
1 230 234 1
1 292 294 1
2 76 96 7
7 234 242 3
1 119 140 2
2 166 181 1
11 176 187 13
2 213 219 2
1 34 84 1
2 39 44 1
12 135 147 13
2 124 127 4
2 231 233 1
1 280 286 1
2 314 317 1
2 12 20 7
2 163 172 1
9 95 106 3
2 123 136 1
5 215 226 3
8 53 68 7
5 28 34 5
6 5 28 6
1 283 289 1
5 232 238 8
14 235 253 14
3 116 128 2
1 199 200 1
4 200 207 6
1 280 282 3
1 96 101 11
3 34 37 2
7 42 50 4
4 197 207 4
3 284 287 3
12 230 244 18
1 121 137 1
3 258 274 7
9 128 137 9
1 119 123 1
5 9 17 9
3 313 335 3
7 310 325 8
6 314 325 8
1 205 206 2
9 221 237 16
1 195 197 2
3 189 199 1
3 53 62 4
2 237 242 1
1 158 165 1
5 26 36 5
3 216 222 1
2 205 209 1
5 243 252 10
5 256 264 5
1 120 123 1
8 181 197 9
3 129 133 3
3 88 93 5
6 258 270 8
6 44 59 5
1 8 9 1
3 49 63 3
2 104 107 6
1 100 102 1
11 35 46 11
1 84 93 7
7 286 300 3
1 122 130 1
1 107 109 12
1 128 136 1
1 188 204 1
2 155 158 5
1 119 120 2
9 165 181 13
11 182 195 11
1 106 110 1
9 190 210 13
2 60 65 1
14 230 249 10
12 99 117 10
6 173 191 2
2 252 258 1
4 106 133 3
2 86 102 1
1 172 185 1
6 113 124 1
5 22 31 1
4 199 234 7
1 142 146 1
3 121 124 9
3 84 87 1
1 181 187 1
8 23 36 4
2 298 302 1
2 101 123 1
3 47 55 4
10 66 76 6
8 207 215 8
9 220 241 9
7 216 226 1
10 208 227 10
6 41 70 7
12 124 139 14
4 154 158 5
6 41 53 11
9 302 345 12
7 38 47 8
2 95 103 1
9 30 46 4
2 255 289 1
7 8 23 5
5 214 221 1
9 42 74 7
2 232 240 3
5 153 158 11
10 126 142 12
5 150 157 2
10 79 89 12
5 28 66 10
8 161 181 1
2 154 156 5
2 50 61 1
4 94 105 1
3 40 53 1
3 118 132 2
21 144 171 21
5 135 140 6
6 137 147 3
1 204 208 8
4 90 103 2
3 99 117 10
5 105 110 5
3 308 316 3
1 6 9 6
3 290 293 1
2 214 225 1
1 233 235 2
1 59 68 1
1 102 111 3
3 225 228 1
8 26 74 12
9 138 155 5
1 13 22 1
10 59 79 9
1 30 35 1
2 55 58 1
8 41 59 2
4 49 53 1
5 293 308 7
3 204 208 1
9 106 116 3
15 10 25 20
2 98 108 1
6 99 114 4
3 211 216 3
1 118 121 1
7 71 87 9
1 186 194 1
13 312 333 14
9 79 92 8
2 209 212 3
1 40 64 1
7 86 97 5
2 158 161 7
2 288 290 4
3 203 208 10
22 208 230 26
4 212 226 9
7 131 148 11
13 259 275 12
1 11 19 1
4 190 199 3
3 94 104 3
14 100 116 3
12 128 140 1
2 99 101 5
7 230 238 5
7 315 325 1
4 66 72 1
12 119 144 11
10 257 267 12
1 100 101 1
8 113 133 8
7 121 144 6
1 102 119 3
5 24 30 1
4 233 243 5
1 314 343 3
3 100 115 2
3 131 149 2
1 215 220 1
5 247 266 1
4 215 235 5
5 130 137 1
4 16 22 5
6 52 59 8
3 164 175 3
11 12 42 13
2 288 290 6
10 177 188 16
1 164 176 1
3 267 271 1
7 105 120 10
2 66 70 1
16 38 69 14
3 211 215 1
4 162 170 1
1 46 50 7
6 45 51 2
10 185 195 11
1 210 214 1
10 135 149 18
12 61 77 13
2 96 100 11
26 277 305 27
5 223 229 7
7 210 221 9
5 105 110 7
9 272 291 10
1 54 56 2
8 103 126 10
1 217 222 1
13 286 303 6
10 165 188 11
1 227 236 3
19 224 263 23
6 153 172 4
1 77 78 4
10 174 199 4
8 42 52 8
3 197 213 5
1 135 148 1
10 230 245 15
5 202 214 1
1 228 231 1
6 231 247 1
2 318 323 1
2 261 265 2
8 315 328 11
1 221 224 1
5 109 114 4
5 233 241 1
1 42 63 1
2 41 47 4
4 196 200 7
1 316 318 1
5 25 40 5
9 297 307 8
1 260 261 1
5 103 130 7
7 85 92 3
16 69 87 15
13 50 63 9
7 53 77 6
1 142 143 2
3 66 70 6
1 133 135 1
1 237 246 1
10 290 321 8
2 305 328 2
5 292 303 5
12 141 156 12
2 203 208 5
2 103 113 1
1 313 316 1
1 306 314 3
2 176 179 4
11 169 189 10
1 215 223 1
5 79 86 6
1 195 197 1
11 7 21 14
4 206 230 4
5 74 79 4
3 299 304 9
1 261 262 1
2 222 226 4
3 54 63 1
4 78 92 1
2 220 225 1
3 52 55 3
10 124 140 8
13 132 148 16
10 291 302 11
5 114 125 11
4 73 77 1
8 234 244 10
2 178 187 1
5 13 27 10
3 121 124 7
10 66 84 10
1 267 268 1
2 84 86 1
4 128 136 1
14 47 62 19
3 250 253 6
9 129 154 6
6 175 198 3
6 129 147 8
2 111 120 1
5 60 70 16
1 232 244 1
8 55 74 11
1 51 66 1
7 58 71 10
1 278 293 1
19 121 140 11
6 51 73 2
4 88 97 6
1 166 174 1
2 171 175 1
2 208 226 1
2 205 211 1
9 285 331 7
5 55 71 6
9 25 39 11
3 201 209 2
14 69 90 18
3 305 308 2
1 126 140 13
3 155 167 3
2 317 322 1
8 201 216 1
4 319 325 4
1 42 49 1
18 101 120 13
1 182 187 1
