500
4 375 382 6
2 187 190 1
7 235 256 4
4 390 402 7
5 517 532 9
1 217 225 1
9 456 469 4
4 603 616 4
3 299 302 5
6 199 219 8
3 316 320 11
2 530 534 1
1 69 79 1
1 611 637 2
2 411 417 5
23 76 102 26
4 506 521 4
10 80 100 6
3 595 598 1
3 532 538 1
1 289 300 6
4 610 618 1
1 247 248 3
1 287 290 1
18 239 260 19
1 449 452 5
4 432 437 3
6 455 463 6
2 23 25 1
6 532 543 6
1 211 229 1
1 316 318 1
2 554 562 8
4 61 67 4
1 609 610 1
11 599 618 5
10 428 455 6
1 321 330 5
4 510 527 3
19 585 606 20
1 446 448 4
6 392 432 7
1 227 231 1
7 243 256 3
4 466 477 7
7 308 321 12
2 553 557 1
2 458 462 1
4 532 536 1
1 196 204 1
3 317 322 4
1 437 442 1
3 77 90 4
1 141 143 3
1 29 33 1
5 527 550 4
3 525 537 1
10 169 181 15
2 524 528 1
4 348 352 8
5 305 312 4
2 371 376 3
10 347 364 11
3 375 388 5
2 187 195 4
8 133 163 9
5 402 409 2
1 549 555 5
2 110 112 1
1 550 574 8
2 507 520 7
5 165 171 4
6 276 284 5
8 558 570 9
5 523 545 1
5 565 570 14
4 300 304 1
5 111 141 1
3 4 14 1
1 387 390 1
8 377 395 4
1 291 314 6
14 350 372 15
4 512 530 8
8 274 289 12
2 506 516 2
2 273 276 6
5 295 302 1
4 216 220 4
3 507 519 7
5 252 268 10
3 56 72 1
9 522 547 7
5 74 85 1
4 290 303 1
4 295 305 8
3 359 388 5
4 121 125 2
4 62 75 6
5 61 75 8
3 300 304 1
3 519 528 1
4 497 504 5
9 306 318 7
4 410 422 1
10 84 96 9
2 7 9 10
1 530 541 1
4 331 350 7
1 214 215 4
8 256 270 1
4 284 291 8
5 391 402 8
4 322 335 4
7 19 47 2
3 67 76 7
1 379 384 1
1 486 489 2
6 512 528 11
2 613 636 2
1 348 349 5
4 385 394 8
7 320 328 11
5 114 120 2
10 322 336 8
5 132 139 8
1 361 362 3
5 234 248 1
1 270 275 1
8 209 220 5
4 353 363 1
14 492 507 5
12 515 534 11
5 303 316 1
1 594 599 4
2 61 64 6
11 521 536 23
7 230 241 5
2 296 299 4
7 45 59 13
5 17 47 5
1 445 457 1
9 444 454 2
1 388 392 1
7 435 445 4
13 105 121 9
4 150 160 4
5 233 250 3
6 245 251 9
1 288 289 1
6 7 15 5
3 234 252 2
2 236 240 1
1 554 565 1
6 346 352 12
2 290 306 1
16 316 332 14
4 553 568 1
12 535 548 14
1 556 560 1
9 316 328 7
14 613 632 9
4 255 263 1
5 503 521 1
7 70 101 11
6 141 161 4
2 38 65 5
5 301 306 8
1 377 386 1
1 363 365 1
12 585 599 5
1 241 242 1
4 420 424 1
2 547 564 1
9 82 99 7
3 201 214 7
2 147 156 7
2 552 574 3
1 29 45 11
6 36 45 7
7 148 157 1
8 519 534 7
3 196 219 1
4 597 602 2
1 203 207 1
5 21 28 1
1 439 440 8
4 405 414 2
3 356 361 8
8 221 235 1
10 606 628 8
6 404 417 3
10 547 558 11
5 616 631 9
3 457 460 6
10 124 139 4
19 279 313 22
10 423 439 6
3 219 239 1
2 542 552 1
1 349 359 1
2 31 55 2
2 318 324 1
11 82 93 7
8 343 359 11
10 456 480 9
3 317 324 8
5 362 368 10
6 296 303 1
9 282 294 3
2 66 88 1
5 132 164 3
8 601 612 10
2 555 565 2
9 443 456 11
3 0 10 1
6 143 152 6
7 75 89 8
1 271 282 2
11 291 303 7
2 316 326 1
8 77 87 6
1 420 435 1
3 586 597 3
14 358 379 15
7 277 288 8
4 264 281 14
1 548 571 4
6 373 385 5
11 520 533 10
6 6 38 9
1 568 583 1
3 113 118 3
8 6 14 10
3 386 401 12
2 112 128 6
1 37 39 1
2 442 444 1
3 71 76 2
5 32 39 1
12 174 198 12
2 182 198 1
2 148 155 1
2 164 166 1
19 135 163 27
12 407 423 9
6 574 585 10
6 353 365 11
9 360 377 8
3 462 466 8
6 558 567 8
5 295 300 10
1 208 242 3
1 298 301 5
1 344 349 1
2 23 29 1
5 204 219 9
10 27 42 9
15 298 319 11
1 206 225 1
9 435 454 10
1 301 308 1
5 487 493 1
7 266 275 9
12 272 309 11
3 179 186 1
14 274 292 15
5 83 92 4
6 85 94 3
6 18 24 11
4 235 240 1
1 314 315 2
4 377 381 4
1 310 312 1
3 222 226 2
2 214 220 1
9 522 536 9
4 608 612 1
9 260 277 3
3 522 532 5
4 334 364 12
1 23 49 4
5 240 246 7
3 95 98 7
12 313 328 16
7 36 46 3
5 429 451 1
5 89 95 1
4 287 297 1
7 617 654 10
5 560 565 4
4 395 400 4
6 359 367 5
2 32 37 1
3 245 249 5
14 361 403 15
4 560 575 4
5 554 572 1
3 170 175 7
1 113 120 1
1 262 289 1
2 75 77 3
6 538 544 3
9 200 211 14
4 47 57 9
8 112 124 1
1 543 559 1
1 161 168 1
4 293 297 9
12 36 55 11
11 209 220 17
6 579 585 5
11 552 564 11
1 72 74 1
23 212 249 23
5 29 46 14
4 36 52 6
1 477 489 4
9 333 347 7
4 323 335 2
3 76 97 7
7 7 18 2
1 209 216 1
2 604 635 2
2 87 89 4
5 398 403 4
1 172 174 1
1 326 327 3
3 530 535 10
12 56 68 16
5 315 329 1
3 563 568 8
4 337 341 1
5 403 412 8
6 174 192 1
5 388 398 7
8 132 143 4
6 191 197 9
4 274 280 4
4 485 495 8
5 85 95 8
3 335 339 1
6 9 15 5
8 459 488 8
1 484 485 1
5 609 616 2
8 349 359 10
1 207 210 1
1 467 468 1
2 445 477 5
3 314 320 6
3 458 461 1
7 31 39 2
2 300 302 1
4 387 401 4
12 606 620 13
7 212 227 7
1 271 285 7
5 380 395 1
2 468 486 1
2 361 371 1
1 556 569 2
6 527 536 6
1 462 463 1
9 34 45 5
12 100 125 13
1 290 292 1
3 211 217 1
7 395 407 10
1 492 497 4
8 278 287 13
5 258 263 1
2 155 160 6
9 413 428 7
3 206 227 3
9 566 593 11
1 58 62 3
3 414 424 3
6 285 292 11
8 438 458 17
15 34 58 18
6 414 437 5
17 196 230 24
1 448 455 1
10 324 334 7
1 297 303 1
10 291 311 6
1 523 551 6
1 295 308 1
2 244 254 1
4 89 95 5
4 133 155 8
11 213 231 6
3 343 348 6
6 316 325 2
1 33 35 4
7 135 157 6
1 442 460 1
4 110 114 4
1 388 414 1
6 124 140 1
4 10 15 6
2 269 310 4
2 233 240 1
1 335 346 1
12 381 417 7
7 558 565 3
3 348 364 4
5 192 204 8
4 525 536 1
2 273 278 5
5 530 536 3
6 295 305 3
1 557 562 1
13 363 376 14
14 297 311 10
8 110 136 5
6 128 139 1
3 291 294 2
1 110 123 9
11 569 580 11
3 45 61 2
6 507 533 1
11 341 354 5
4 287 296 11
7 136 154 5
3 448 455 1
2 600 620 3
1 50 69 1
3 255 274 7
6 100 109 10
4 345 370 6
21 558 588 21
4 374 381 1
3 209 212 3
3 540 574 1
4 283 294 3
1 209 211 1
3 440 488 5
4 568 575 1
6 473 481 4
3 285 292 3
7 526 546 11
3 340 344 1
11 207 222 9
1 356 357 5
1 547 555 1
2 594 603 1
9 68 81 7
1 473 474 1
5 424 451 12
4 533 544 3
15 247 273 16
1 123 130 1
1 485 497 4
3 514 531 10
5 338 347 6
9 36 55 12
2 531 533 5
6 483 495 1
6 20 29 1
1 543 549 2
4 177 198 6
1 230 232 1
18 288 311 18
5 106 112 10
2 522 524 10
1 481 487 2
5 291 303 11
2 372 374 1
4 292 313 5
3 515 521 7
1 241 244 2
11 340 356 1
1 360 367 4
1 29 33 1
2 408 414 10
5 268 284 1
8 192 202 9
6 92 99 10
8 267 293 8
1 544 572 4
10 140 159 13
5 567 574 5
7 25 50 1
4 301 305 4
6 437 446 1
1 464 466 1
1 37 43 1
5 48 55 3
4 436 445 9
4 211 220 8
4 311 330 2
7 510 517 9
4 42 48 4
1 604 620 5
6 247 254 1
6 146 163 13
17 553 579 11
2 541 545 7
