400
7 224 240 5
3 78 85 1
6 300 314 18
19 183 216 25
3 227 237 2
1 205 219 1
10 46 58 12
6 248 265 8
8 230 240 9
14 82 99 18
3 132 144 7
4 309 327 6
7 113 121 4
2 307 319 3
2 49 55 1
4 273 283 5
1 317 321 8
4 87 95 9
4 29 40 9
1 319 345 1
4 193 205 10
2 128 144 4
4 103 141 5
7 300 322 2
6 289 299 5
5 229 237 5
6 228 262 14
1 332 352 1
2 126 129 3
12 238 258 17
1 4 8 1
2 177 181 6
5 224 235 17
1 122 128 1
1 112 123 8
3 56 62 5
9 219 231 16
5 107 117 15
8 184 192 11
13 217 230 15
1 224 229 3
16 100 118 17
3 96 127 1
6 176 186 11
12 87 113 20
8 227 241 11
5 9 14 6
1 154 156 1
8 118 126 5
5 136 143 7
1 97 101 7
4 308 316 5
4 117 122 2
3 110 114 1
3 298 302 5
2 22 42 6
1 72 73 1
1 129 152 1
1 84 93 1
5 50 60 8
1 115 131 1
2 159 171 5
2 273 281 5
3 189 193 2
4 123 131 11
6 48 55 8
1 152 157 1
3 317 320 6
5 166 179 13
3 319 329 6
23 296 323 27
3 95 110 11
2 171 178 1
4 103 107 9
6 63 69 7
2 115 122 5
1 223 227 4
11 121 132 14
15 117 133 14
6 295 305 7
12 189 204 7
6 291 304 7
1 306 312 1
8 315 330 9
4 73 90 10
4 108 112 4
1 237 245 12
5 69 77 12
4 4 12 8
5 79 90 4
4 310 325 8
9 310 319 9
3 113 119 3
11 234 248 13
4 219 226 2
7 102 113 7
5 91 96 3
6 77 95 16
6 119 126 3
4 318 324 2
2 276 281 1
3 239 259 11
9 25 38 10
11 25 50 22
6 126 133 5
3 244 254 4
1 289 304 4
3 282 290 1
1 235 250 1
1 74 95 4
2 74 77 10
7 151 167 12
6 112 121 8
3 97 100 1
4 87 100 16
4 99 106 8
12 131 143 10
2 117 124 1
2 36 44 7
3 123 127 1
1 115 119 1
1 108 109 1
3 159 162 1
10 219 231 13
3 227 247 1
1 115 144 4
11 2 20 17
2 191 199 1
3 212 247 12
4 178 195 3
5 296 302 13
6 230 238 12
5 249 263 10
10 197 216 17
1 243 278 1
3 186 199 3
10 85 106 16
2 152 156 1
1 126 127 1
3 287 291 7
6 75 92 7
3 102 117 1
1 47 49 2
1 285 298 6
16 111 136 20
2 304 310 6
3 282 286 8
2 236 256 1
1 184 192 4
1 321 322 6
2 239 241 4
13 128 162 16
2 337 345 1
2 98 100 5
3 204 223 6
5 185 192 10
16 103 125 17
4 222 242 5
8 219 251 10
4 168 186 11
10 155 168 16
8 331 357 17
7 159 167 8
4 72 83 8
9 305 314 7
1 283 287 3
11 245 259 20
14 195 211 20
3 49 57 5
1 15 47 2
2 122 125 5
1 197 200 1
3 229 234 1
1 260 265 1
1 171 173 1
20 217 254 28
9 118 129 4
1 185 189 8
4 196 209 1
10 120 136 10
1 197 202 1
4 83 96 13
4 202 209 1
5 81 101 5
10 281 292 17
5 235 247 9
1 320 325 7
6 325 332 2
1 288 308 1
3 230 243 10
13 238 251 9
6 218 227 4
1 250 255 3
6 97 113 13
1 115 120 1
17 131 150 23
10 299 328 12
2 178 191 5
8 200 217 14
3 332 339 1
1 309 312 3
7 270 301 10
4 282 288 7
10 302 322 17
1 237 238 1
1 303 305 1
1 284 298 2
9 100 110 14
4 81 88 5
2 126 137 1
3 57 62 5
1 89 97 1
4 318 323 5
6 9 15 1
2 320 323 6
3 175 198 7
4 243 254 8
4 300 307 10
9 55 67 9
2 83 92 10
2 121 123 4
6 91 100 8
6 136 173 12
6 200 210 10
3 65 86 1
4 134 140 3
3 212 238 8
2 85 103 2
1 40 44 1
5 298 318 7
4 213 219 5
2 284 288 4
4 207 220 8
2 191 201 1
8 53 80 18
5 287 297 1
10 188 202 12
1 144 147 1
11 214 239 15
5 79 89 6
15 111 132 21
4 300 313 13
1 120 122 1
2 195 198 1
1 273 280 1
14 297 323 13
1 130 132 1
14 136 156 29
8 122 152 7
3 73 80 1
4 109 116 1
7 90 102 11
8 121 137 8
4 138 142 5
3 315 326 2
5 164 169 4
10 112 132 19
11 308 321 11
4 86 91 12
10 168 181 9
4 127 147 7
1 156 160 1
8 290 298 13
2 181 191 3
1 30 38 8
4 128 143 13
3 332 336 2
4 319 344 10
19 1 23 27
1 100 108 4
6 323 332 7
7 41 50 8
2 120 125 5
1 69 93 1
9 96 110 10
1 84 89 7
4 132 139 6
1 135 137 3
8 300 317 14
1 138 145 1
6 291 302 13
2 130 134 1
6 89 99 15
6 142 148 6
2 89 98 6
10 85 102 8
1 279 297 1
5 209 216 4
1 71 78 1
7 282 296 20
8 191 205 10
4 214 223 11
1 243 245 1
1 80 83 1
14 124 151 24
6 216 223 7
1 295 306 1
1 194 204 1
5 82 93 7
1 335 356 1
1 248 254 1
3 196 200 1
2 184 187 2
4 80 107 8
2 30 32 1
5 128 133 3
3 166 170 2
1 118 121 1
10 66 76 7
3 295 306 4
6 333 345 7
1 230 235 2
16 53 69 14
5 292 300 8
3 130 135 2
7 238 252 11
9 222 240 9
2 239 257 12
6 225 236 6
8 27 48 11
2 289 295 5
1 111 123 8
3 118 122 6
4 102 113 8
4 267 271 9
2 122 131 3
1 87 103 1
3 50 53 1
13 102 115 9
2 214 222 2
3 320 330 12
9 298 310 7
2 230 236 8
1 85 86 1
5 116 131 9
7 159 166 1
14 90 105 22
6 311 323 14
13 171 187 12
11 321 334 12
2 199 203 1
5 193 203 5
9 302 333 15
9 9 21 9
1 133 139 10
5 103 111 8
2 214 219 1
2 147 150 1
1 104 105 1
9 87 101 7
2 163 170 6
5 179 201 11
1 307 324 1
8 152 160 2
12 213 229 14
6 229 246 12
1 222 223 4
14 297 311 9
2 168 172 3
10 304 322 21
6 97 118 9
3 135 145 1
1 185 208 1
8 288 313 12
3 296 319 3
9 117 127 11
2 53 55 2
4 265 273 1
1 111 139 5
6 230 246 8
1 109 111 1
2 149 173 1
1 0 6 2
11 74 89 14
6 180 189 9
6 84 94 12
4 130 136 1
4 74 81 5
2 147 151 1
14 290 321 17
4 323 330 1
4 121 140 11
5 317 322 1
4 231 241 2
2 143 146 8
1 322 344 7
5 155 160 4
6 277 290 9
19 239 265 17
5 92 108 6
8 164 187 12
2 214 218 1
11 81 92 13
1 285 296 1
10 166 178 9
1 61 65 7
2 221 225 4
12 282 302 13
8 166 175 8
16 72 92 22
