400
2 4 4 218 1
4 3 3 307 2
4 4 2 967 2
2 5 5 398 3
1 2 2 587 2
3 2 4 857 3
4 2 1 68 2
2 3 3 713 5
5 1 1 410 1
5 3 4 973 3
4 4 2 180 5
2 4 5 1001 5
2 5 3 935 3
3 2 5 831 1
4 1 3 538 1
5 1 3 380 2
2 5 4 359 1
5 2 1 502 5
3 2 1 722 1
1 5 2 706 5
5 3 2 934 1
3 2 2 736 4
5 4 3 337 2
4 1 3 754 2
2 3 1 314 2
4 5 4 785 4
4 5 3 855 2
4 1 2 222 3
2 3 4 175 4
2 2 4 700 2
1 1 5 242 1
3 3 4 731 5
2 4 3 815 4
2 3 5 73 5
2 1 3 759 5
3 4 5 609 1
2 3 1 605 1
1 1 3 415 5
4 4 2 33 1
5 4 5 402 2
4 3 4 251 3
1 1 5 793 4
5 3 1 238 5
1 1 4 196 5
2 2 5 614 5
4 3 1 928 5
1 2 5 698 2
5 2 2 370 4
1 2 5 536 5
2 4 5 567 1
5 4 2 914 3
4 3 5 682 4
3 1 1 215 1
1 3 2 180 2
5 3 5 108 3
5 3 1 98 4
4 5 4 590 1
1 1 3 118 2
4 5 1 267 2
4 4 1 585 2
3 4 2 759 5
5 1 5 746 5
2 4 2 86 5
2 1 1 512 4
3 4 4 415 4
2 3 1 824 4
2 5 4 193 3
2 4 2 431 3
4 5 2 710 1
4 4 3 142 4
2 5 4 446 5
5 4 4 759 5
5 5 5 288 4
4 5 5 195 4
5 3 4 273 2
4 1 5 806 2
4 3 3 665 1
5 5 5 146 5
2 1 1 996 4
3 2 5 530 2
1 5 2 905 4
5 5 5 620 1
1 1 4 495 3
1 4 2 590 1
4 4 1 725 1
3 2 2 999 5
1 3 1 346 1
2 4 4 262 5
4 2 1 61 1
2 2 3 235 3
5 1 3 687 4
2 5 1 641 2
2 4 5 899 1
4 1 2 15 2
3 3 4 675 1
1 3 3 291 5
4 3 1 254 3
1 1 5 200 1
2 5 5 117 4
1 4 2 619 1
2 1 2 488 1
5 4 4 312 2
5 4 3 986 3
5 3 3 721 4
5 5 4 163 5
1 4 5 884 4
3 1 2 670 4
2 3 3 182 3
5 5 1 791 4
5 3 5 329 5
3 5 5 213 4
4 4 3 365 1
4 4 3 207 2
3 2 3 472 4
5 3 5 758 1
5 5 2 912 1
3 3 5 709 3
4 2 1 675 5
2 2 3 917 2
2 5 2 147 1
3 3 5 816 4
5 1 2 271 3
1 1 1 475 4
4 5 5 420 3
1 4 1 940 5
5 3 1 97 3
2 2 2 417 4
1 5 5 289 4
4 4 3 513 1
5 4 5 909 5
2 1 1 520 4
4 1 5 53 5
1 3 2 868 4
4 2 2 74 5
5 5 4 922 2
5 2 1 842 4
4 2 2 838 1
2 4 3 682 2
1 5 4 550 3
3 4 3 322 2
4 1 4 751 3
2 3 3 720 1
5 2 1 464 3
3 5 5 289 4
1 3 4 489 1
5 5 1 812 4
5 4 1 645 5
2 3 2 174 4
5 4 4 274 4
5 2 5 546 1
5 3 2 58 3
3 5 3 262 5
4 5 3 531 2
4 4 3 228 4
5 5 2 947 2
4 5 1 321 3
4 3 5 871 2
3 3 3 420 2
5 4 5 903 2
4 3 5 567 5
5 1 2 961 2
1 4 4 569 5
4 4 2 40 4
2 5 2 773 1
2 3 3 443 2
3 5 4 964 1
2 1 5 915 1
3 5 1 828 4
1 5 3 971 3
2 5 1 80 3
1 4 4 375 4
5 4 5 820 2
3 4 4 726 4
4 1 5 253 4
5 4 2 229 5
4 2 2 552 2
3 5 3 513 2
1 2 5 687 3
1 3 2 202 2
4 3 4 860 5
5 5 1 972 2
2 5 5 331 4
2 2 4 857 4
5 2 1 192 2
1 1 5 509 3
4 1 1 255 1
1 3 2 200 4
4 3 2 902 3
2 5 2 18 3
1 2 2 566 5
4 4 4 56 1
3 4 4 123 2
1 1 1 1000 5
3 2 2 445 1
3 4 2 123 5
5 2 4 900 2
4 1 4 668 5
1 3 2 413 4
1 4 1 488 2
5 4 3 459 1
3 5 2 285 5
3 1 1 124 4
2 1 5 716 2
2 4 5 656 5
1 3 5 1007 3
2 5 5 632 1
2 1 5 167 3
1 2 3 355 3
4 2 4 92 1
3 4 1 779 5
4 1 3 866 3
2 5 1 805 5
5 2 4 152 1
2 1 4 125 2
2 2 1 774 5
2 5 3 462 4
1 2 3 447 2
3 1 1 893 2
3 4 2 552 4
3 3 4 356 2
4 2 4 900 4
5 4 3 982 4
1 5 2 457 3
4 4 4 802 5
3 3 2 663 4
2 1 5 394 3
2 1 3 154 3
4 4 4 937 5
2 1 5 826 4
2 5 5 206 2
1 2 3 844 5
5 1 4 208 2
2 5 3 658 4
1 1 5 306 1
5 2 3 515 5
3 5 3 205 2
5 5 2 1003 3
4 5 3 776 5
1 1 4 750 4
2 4 2 959 5
4 3 2 665 5
1 4 4 134 5
1 3 1 659 4
1 4 2 173 2
3 2 1 592 4
5 5 4 440 5
4 3 1 919 1
4 3 2 193 2
2 2 2 882 5
3 4 4 771 2
2 4 4 592 5
4 2 1 684 5
5 2 3 102 1
1 5 5 231 3
5 1 2 296 5
1 4 2 42 2
1 4 1 335 5
3 3 1 663 5
4 5 4 151 3
3 3 2 305 4
4 3 3 145 5
1 5 5 231 2
2 4 4 718 2
5 2 5 857 3
3 1 3 820 3
2 1 3 202 4
2 2 4 862 3
3 5 3 448 5
1 1 4 14 2
2 4 3 161 4
2 4 2 889 4
5 3 4 1011 3
1 3 2 355 1
2 3 2 193 4
4 2 4 16 3
3 3 4 580 2
5 2 5 957 4
2 1 5 819 4
3 4 3 519 5
1 5 5 133 5
4 3 2 494 4
1 2 2 159 4
3 3 2 369 5
4 3 5 857 2
1 3 1 349 4
3 2 3 987 4
1 5 3 366 2
4 4 5 484 5
1 1 5 32 3
5 5 5 596 1
1 2 1 393 4
1 5 2 747 5
3 2 4 448 4
3 2 5 799 5
1 3 1 771 2
5 5 2 118 2
4 3 5 424 1
3 4 4 779 4
3 4 4 481 2
3 1 2 980 2
5 2 4 210 3
2 1 4 183 4
4 3 1 572 1
5 2 5 305 3
3 3 2 387 1
1 4 1 248 4
2 1 3 504 4
2 1 4 715 3
2 2 4 933 4
2 5 5 301 2
3 4 5 893 3
1 1 3 402 5
4 1 5 128 2
3 2 2 476 5
1 5 2 262 3
3 4 1 873 1
1 2 5 243 5
2 1 3 600 3
4 1 4 617 5
3 1 3 546 1
5 5 3 705 5
1 5 4 945 4
4 1 4 448 1
4 5 1 147 3
5 4 3 425 3
3 1 4 817 3
5 2 5 834 5
4 1 1 526 4
4 1 2 179 4
4 3 4 602 2
4 5 1 686 5
3 2 5 795 2
2 1 3 125 3
1 4 1 612 3
4 5 1 175 1
1 5 3 723 4
3 3 4 810 5
5 4 1 742 2
4 3 5 29 1
1 5 3 138 4
5 3 2 724 5
3 3 1 445 3
1 2 5 279 5
2 5 5 759 3
5 2 1 162 2
4 1 1 237 4
3 4 1 557 3
4 2 4 694 3
4 5 3 41 5
3 1 4 735 4
4 2 5 627 2
1 3 4 95 3
3 5 1 577 4
5 4 3 838 4
1 2 4 376 5
1 1 2 771 2
1 2 5 897 5
3 2 1 578 3
1 4 5 20 4
3 3 2 37 3
2 3 1 217 2
3 1 4 631 4
1 5 3 423 4
1 2 3 486 4
2 1 3 929 3
3 2 1 308 4
4 3 4 455 3
3 4 2 71 3
2 3 2 356 1
3 4 2 953 2
5 1 4 374 5
1 2 4 65 4
1 2 4 571 3
1 5 5 980 1
1 3 1 1000 3
5 3 3 549 1
4 3 1 446 3
4 5 4 74 5
1 5 1 388 2
5 5 3 337 1
2 4 2 561 2
1 2 5 982 4
4 3 4 566 3
1 5 2 578 4
1 2 4 61 3
4 4 3 732 4
2 2 1 955 2
4 1 1 522 5
1 2 5 321 1
1 3 1 230 4
5 4 4 614 2
4 5 3 196 2
3 1 1 26 2
1 2 2 445 1
1 1 4 27 4
1 2 3 40 3
2 1 3 160 4
2 4 4 287 2
2 1 2 20 1
2 1 3 992 5
