450
2 4 4 1093 1
4 3 3 807 2
4 4 2 717 2
2 5 5 1023 3
1 2 2 1087 2
3 2 4 107 3
4 2 1 568 2
2 3 3 1088 5
5 1 1 535 1
5 3 4 973 3
4 4 2 930 5
2 4 5 251 5
2 5 3 810 3
3 2 5 956 1
4 1 3 788 1
5 1 3 255 2
2 5 4 234 1
5 2 1 377 5
3 2 1 1097 1
1 5 2 956 5
5 3 2 1059 1
3 2 2 361 4
5 4 3 962 2
4 1 3 129 2
2 3 1 314 2
4 5 4 285 4
4 5 3 1105 2
4 1 2 847 3
2 3 4 925 4
2 2 4 325 2
1 1 5 1117 1
3 3 4 481 5
2 4 3 440 4
2 3 5 698 5
2 1 3 1134 5
3 4 5 359 1
2 3 1 1105 1
1 1 3 540 5
4 4 2 908 1
5 4 5 27 2
4 3 4 876 3
1 1 5 418 4
5 3 1 1113 5
1 1 4 196 5
2 2 5 239 5
4 3 1 678 5
1 2 5 948 2
5 2 2 120 4
1 2 5 786 5
2 4 5 67 1
5 4 2 414 3
4 3 5 557 4
3 1 1 215 1
1 3 2 305 2
5 3 5 608 3
5 3 1 348 4
4 5 4 90 1
1 1 3 243 2
4 5 1 892 2
4 4 1 585 2
3 4 2 1134 5
5 1 5 621 5
2 4 2 461 5
2 1 1 762 4
3 4 4 790 4
2 3 1 574 4
2 5 4 318 3
2 4 2 431 3
4 5 2 1085 1
4 4 3 17 4
2 5 4 1071 5
5 4 4 759 5
5 5 5 538 4
4 5 5 195 4
5 3 4 898 2
4 1 5 306 2
4 3 3 540 1
5 5 5 21 5
2 1 1 371 4
3 2 5 280 2
1 5 2 155 4
5 5 5 1120 1
1 1 4 245 3
1 4 2 215 1
4 4 1 225 1
3 2 2 874 5
1 3 1 471 1
2 4 4 137 5
4 2 1 311 1
2 2 3 235 3
5 1 3 562 4
2 5 1 516 2
2 4 5 649 1
4 1 2 15 2
3 3 4 675 1
1 3 3 541 5
4 3 1 879 3
1 1 5 825 1
2 5 5 117 4
1 4 2 619 1
2 1 2 1113 1
5 4 4 312 2
5 4 3 611 3
5 3 3 971 4
5 5 4 538 5
1 4 5 259 4
3 1 2 295 4
2 3 3 932 3
5 5 1 291 4
5 3 5 79 5
3 5 5 463 4
4 4 3 1115 1
4 4 3 82 2
3 2 3 847 4
5 3 5 383 1
5 5 2 1037 1
3 3 5 84 3
4 2 1 800 5
2 2 3 417 2
2 5 2 1022 1
3 3 5 1066 4
5 1 2 396 3
1 1 1 600 4
4 5 5 1045 3
1 4 1 315 5
5 3 1 222 3
2 2 2 917 4
1 5 5 789 4
4 4 3 388 1
5 4 5 909 5
2 1 1 895 4
4 1 5 1053 5
1 3 2 243 4
4 2 2 199 5
5 5 4 672 2
5 2 1 1092 4
4 2 2 838 1
2 4 3 807 2
1 5 4 425 3
3 4 3 697 2
4 1 4 501 3
2 3 3 345 1
5 2 1 964 3
3 5 5 539 4
1 3 4 114 1
5 5 1 312 4
5 4 1 520 5
2 3 2 924 4
5 4 4 274 4
5 2 5 296 1
5 3 2 933 3
3 5 3 512 5
4 5 3 656 2
4 4 3 103 4
5 5 2 197 2
4 5 1 946 3
4 3 5 371 2
3 3 3 1045 2
5 4 5 28 2
4 3 5 567 5
5 1 2 586 2
1 4 4 69 5
4 4 2 165 4
2 5 2 398 1
2 3 3 818 2
3 5 4 214 1
2 1 5 790 1
3 5 1 78 4
1 5 3 221 3
2 5 1 830 3
1 4 4 750 4
5 4 5 945 2
3 4 4 601 4
4 1 5 253 4
5 4 2 604 5
4 2 2 177 2
3 5 3 888 2
1 2 5 62 3
1 3 2 577 2
4 3 4 985 5
5 5 1 222 2
2 5 5 206 4
2 2 4 607 4
5 2 1 817 2
1 1 5 134 3
4 1 1 630 1
1 3 2 1075 4
4 3 2 902 3
2 5 2 518 3
1 2 2 816 5
4 4 4 806 1
3 4 4 998 2
1 1 1 1000 5
3 2 2 320 1
3 4 2 248 5
5 2 4 900 2
4 1 4 1043 5
1 3 2 663 4
1 4 1 863 2
5 4 3 459 1
3 5 2 1035 5
3 1 1 374 4
2 1 5 966 2
2 4 5 281 5
1 3 5 757 3
2 5 5 132 1
2 1 5 542 3
1 2 3 355 3
4 2 4 967 1
3 4 1 29 5
4 1 3 1116 3
2 5 1 680 5
5 2 4 277 1
2 1 4 875 2
2 2 1 899 5
2 5 3 587 4
1 2 3 72 2
3 1 1 518 2
3 4 2 177 4
3 3 4 981 2
4 2 4 150 4
5 4 3 482 4
1 5 2 957 3
4 4 4 177 5
3 3 2 538 4
2 1 5 769 3
2 1 3 1029 3
4 4 4 937 5
2 1 5 576 4
2 5 5 831 2
1 2 3 719 5
5 1 4 208 2
2 5 3 783 4
1 1 5 681 1
5 2 3 265 5
3 5 3 205 2
5 5 2 253 3
4 5 3 526 5
1 1 4 625 4
2 4 2 459 5
4 3 2 540 5
1 4 4 759 5
1 3 1 909 4
1 4 2 673 2
3 2 1 842 4
5 5 4 1065 5
4 3 1 419 1
4 3 2 68 2
2 2 2 257 5
3 4 4 771 2
2 4 4 92 5
4 2 1 434 5
5 2 3 1102 1
1 5 5 606 3
5 1 2 921 5
1 4 2 42 2
1 4 1 960 5
3 3 1 38 5
4 5 4 651 3
3 3 2 930 4
4 3 3 20 5
1 5 5 731 2
2 4 4 93 2
5 2 5 732 3
3 1 3 695 3
2 1 3 952 4
2 2 4 862 3
3 5 3 448 5
1 1 4 389 2
2 4 3 786 4
2 4 2 764 4
5 3 4 511 3
1 3 2 855 1
2 3 2 68 4
4 2 4 516 3
3 3 4 580 2
5 2 5 457 4
2 1 5 819 4
3 4 3 769 5
1 5 5 1133 5
4 3 2 119 4
1 2 2 34 4
3 3 2 119 5
4 3 5 607 2
1 3 1 349 4
3 2 3 862 4
1 5 3 491 2
4 4 5 1109 5
1 1 5 32 3
5 5 5 346 1
1 2 1 643 4
1 5 2 247 5
3 2 4 448 4
3 2 5 1049 5
1 3 1 771 2
5 5 2 993 2
4 3 5 674 1
3 4 4 1029 4
3 4 4 981 2
3 1 2 105 2
5 2 4 585 3
2 1 4 58 4
4 3 1 1072 1
5 2 5 180 3
3 3 2 12 1
1 4 1 623 4
2 1 3 129 4
2 1 4 215 3
2 2 4 58 4
2 5 5 301 2
3 4 5 393 3
1 1 3 652 5
4 1 5 1003 2
3 2 2 601 5
1 5 2 762 3
3 4 1 748 1
1 2 5 868 5
2 1 3 850 3
4 1 4 242 5
3 1 3 796 1
5 5 3 955 5
1 5 4 570 4
4 1 4 573 1
4 5 1 147 3
5 4 3 1050 3
3 1 4 692 3
5 2 5 834 5
4 1 1 276 4
4 1 2 804 4
4 3 4 102 2
4 5 1 436 5
3 2 5 45 2
2 1 3 875 3
1 4 1 362 3
4 5 1 50 1
1 5 3 473 4
3 3 4 935 5
5 4 1 242 2
4 3 5 29 1
1 5 3 888 4
5 3 2 724 5
3 3 1 695 3
1 2 5 904 5
2 5 5 509 3
5 2 1 787 2
4 1 1 987 4
3 4 1 57 3
4 2 4 1069 3
4 5 3 1041 5
3 1 4 235 4
4 2 5 127 2
1 3 4 595 3
3 5 1 202 4
5 4 3 838 4
1 2 4 1001 5
1 1 2 271 2
1 2 5 647 5
3 2 1 328 3
1 4 5 645 4
3 3 2 787 3
2 3 1 717 2
3 1 4 256 4
1 5 3 673 4
1 2 3 486 4
2 1 3 679 3
3 2 1 558 4
4 3 4 205 3
3 4 2 1071 3
2 3 2 856 1
3 4 2 453 2
5 1 4 249 5
1 2 4 440 4
1 2 4 321 3
1 5 5 605 1
1 3 1 750 3
5 3 3 799 1
4 3 1 821 3
4 5 4 1074 5
1 5 1 888 2
5 5 3 837 1
2 4 2 311 2
1 2 5 732 4
4 3 4 566 3
1 5 2 203 4
1 2 4 686 3
4 4 3 732 4
2 2 1 205 2
4 1 1 772 5
1 2 5 821 1
1 3 1 980 4
5 4 4 239 2
4 5 3 696 2
3 1 1 651 2
1 2 2 695 1
1 1 4 402 4
1 2 3 40 3
2 1 3 35 4
2 4 4 287 2
2 1 2 1020 1
2 1 3 867 5
2 1 1 607 5
1 2 4 199 4
1 3 4 370 1
4 3 4 460 3
5 2 1 459 3
4 4 5 521 4
2 3 4 575 5
2 1 5 302 1
5 4 4 394 3
2 4 1 498 3
5 5 4 27 1
1 3 1 93 1
3 2 4 167 3
2 5 1 30 2
3 4 3 389 4
4 5 4 248 2
1 2 4 323 1
3 2 4 789 2
3 4 2 1021 2
3 1 3 162 1
5 5 1 399 2
4 1 1 1071 3
3 1 1 417 2
4 1 5 78 2
3 1 5 369 4
5 1 3 422 5
1 3 5 90 1
4 3 4 347 5
3 5 4 610 1
3 1 1 919 4
1 5 4 519 4
2 3 4 376 2
2 2 1 528 4
4 2 3 43 2
4 2 3 304 1
3 4 2 620 3
5 1 3 428 3
3 3 3 23 5
4 5 3 81 5
4 3 4 262 3
1 5 3 554 1
1 1 3 697 5
4 5 4 359 2
1 1 5 666 3
1 3 3 330 1
1 4 2 825 5
3 5 5 26 5
1 3 3 284 4
5 4 2 880 3
1 3 1 322 5
