250
2 4 4 343 1
4 3 3 307 2
4 4 2 92 2
2 5 5 523 3
1 2 2 462 2
3 2 4 482 3
4 2 1 193 2
2 3 3 463 5
5 1 1 535 1
5 3 4 348 3
4 4 2 555 5
2 4 5 376 5
2 5 3 60 3
3 2 5 581 1
4 1 3 538 1
5 1 3 255 2
2 5 4 609 1
5 2 1 502 5
3 2 1 472 1
1 5 2 81 5
5 3 2 434 1
3 2 2 236 4
5 4 3 587 2
4 1 3 129 2
2 3 1 314 2
4 5 4 535 4
4 5 3 355 2
4 1 2 597 3
2 3 4 300 4
2 2 4 450 2
1 1 5 492 1
3 3 4 106 5
2 4 3 65 4
2 3 5 573 5
2 1 3 134 5
3 4 5 109 1
2 3 1 480 1
1 1 3 290 5
4 4 2 283 1
5 4 5 527 2
4 3 4 376 3
1 1 5 293 4
5 3 1 363 5
1 1 4 321 5
2 2 5 364 5
4 3 1 428 5
1 2 5 73 2
5 2 2 495 4
1 2 5 536 5
2 4 5 317 1
5 4 2 164 3
4 3 5 57 4
3 1 1 215 1
1 3 2 55 2
5 3 5 233 3
5 3 1 98 4
4 5 4 90 1
1 1 3 618 2
4 5 1 517 2
4 4 1 585 2
3 4 2 509 5
5 1 5 621 5
2 4 2 86 5
2 1 1 512 4
3 4 4 40 4
2 3 1 574 4
2 5 4 568 3
2 4 2 306 3
4 5 2 460 1
4 4 3 517 4
2 5 4 571 5
5 4 4 634 5
5 5 5 413 4
4 5 5 445 4
5 3 4 23 2
4 1 5 306 2
4 3 3 40 1
5 5 5 396 5
2 1 1 621 4
3 2 5 530 2
1 5 2 30 4
5 5 5 495 1
1 1 4 120 3
1 4 2 465 1
4 4 1 350 1
3 2 2 124 5
1 3 1 96 1
2 4 4 262 5
4 2 1 436 1
2 2 3 235 3
5 1 3 312 4
2 5 1 16 2
2 4 5 24 1
4 1 2 515 2
3 3 4 175 1
1 3 3 291 5
4 3 1 129 3
1 1 5 575 1
2 5 5 617 4
1 4 2 494 1
2 1 2 613 1
5 4 4 187 2
5 4 3 111 3
5 3 3 96 4
5 5 4 413 5
1 4 5 134 4
3 1 2 420 4
2 3 3 557 3
5 5 1 291 4
5 3 5 579 5
3 5 5 338 4
4 4 3 115 1
4 4 3 457 2
3 2 3 97 4
5 3 5 633 1
5 5 2 37 1
3 3 5 584 3
4 2 1 175 5
2 2 3 542 2
2 5 2 272 1
3 3 5 316 4
5 1 2 396 3
1 1 1 350 4
4 5 5 545 3
1 4 1 190 5
5 3 1 222 3
2 2 2 292 4
1 5 5 414 4
4 4 3 263 1
5 4 5 159 5
2 1 1 520 4
4 1 5 428 5
1 3 2 243 4
4 2 2 449 5
5 5 4 297 2
5 2 1 592 4
4 2 2 463 1
2 4 3 557 2
1 5 4 300 3
3 4 3 572 2
4 1 4 376 3
2 3 3 595 1
5 2 1 589 3
3 5 5 289 4
1 3 4 364 1
5 5 1 312 4
5 4 1 395 5
2 3 2 549 4
5 4 4 274 4
5 2 5 171 1
5 3 2 183 3
3 5 3 262 5
4 5 3 406 2
4 4 3 478 4
5 5 2 72 2
4 5 1 196 3
4 3 5 371 2
3 3 3 45 2
5 4 5 403 2
4 3 5 192 5
5 1 2 211 2
1 4 4 194 5
4 4 2 415 4
2 5 2 273 1
2 3 3 193 2
3 5 4 89 1
2 1 5 165 1
3 5 1 453 4
1 5 3 346 3
2 5 1 80 3
1 4 4 375 4
5 4 5 320 2
3 4 4 351 4
4 1 5 378 4
5 4 2 604 5
4 2 2 427 2
3 5 3 513 2
1 2 5 562 3
1 3 2 577 2
4 3 4 110 5
5 5 1 597 2
2 5 5 206 4
2 2 4 357 4
5 2 1 317 2
1 1 5 9 3
4 1 1 255 1
1 3 2 325 4
4 3 2 527 3
2 5 2 18 3
1 2 2 66 5
4 4 4 556 1
3 4 4 248 2
1 1 1 250 5
3 2 2 195 1
3 4 2 623 5
5 2 4 150 2
4 1 4 293 5
1 3 2 413 4
1 4 1 238 2
5 4 3 459 1
3 5 2 410 5
3 1 1 249 4
2 1 5 91 2
2 4 5 531 5
1 3 5 632 3
2 5 5 257 1
2 1 5 417 3
1 2 3 605 3
4 2 4 342 1
3 4 1 154 5
4 1 3 616 3
2 5 1 55 5
5 2 4 27 1
2 1 4 500 2
2 2 1 24 5
2 5 3 587 4
1 2 3 447 2
3 1 1 268 2
3 4 2 552 4
3 3 4 481 2
4 2 4 275 4
5 4 3 607 4
1 5 2 82 3
4 4 4 177 5
3 3 2 538 4
2 1 5 144 3
2 1 3 279 3
4 4 4 312 5
2 1 5 576 4
2 5 5 581 2
1 2 3 94 5
5 1 4 458 2
2 5 3 158 4
1 1 5 56 1
5 2 3 265 5
3 5 3 205 2
5 5 2 378 3
4 5 3 151 5
1 1 4 500 4
2 4 2 209 5
4 3 2 415 5
1 4 4 384 5
1 3 1 409 4
1 4 2 173 2
3 2 1 92 4
5 5 4 190 5
4 3 1 544 1
4 3 2 443 2
2 2 2 132 5
3 4 4 396 2
