350
2 4 4 468 1
4 3 3 57 2
4 4 2 592 2
2 5 5 523 3
1 2 2 837 2
3 2 4 357 3
4 2 1 568 2
2 3 3 588 5
5 1 1 785 1
5 3 4 98 3
4 4 2 180 5
2 4 5 251 5
2 5 3 185 3
3 2 5 581 1
4 1 3 163 1
5 1 3 380 2
2 5 4 109 1
5 2 1 877 5
3 2 1 597 1
1 5 2 331 5
5 3 2 434 1
3 2 2 486 4
5 4 3 837 2
4 1 3 504 2
2 3 1 314 2
4 5 4 285 4
4 5 3 855 2
4 1 2 597 3
2 3 4 800 4
2 2 4 700 2
1 1 5 367 1
3 3 4 606 5
2 4 3 315 4
2 3 5 823 5
2 1 3 884 5
3 4 5 859 1
2 3 1 855 1
1 1 3 540 5
4 4 2 158 1
5 4 5 152 2
4 3 4 376 3
1 1 5 543 4
5 3 1 488 5
1 1 4 71 5
2 2 5 614 5
4 3 1 303 5
1 2 5 323 2
5 2 2 620 4
1 2 5 161 5
2 4 5 67 1
5 4 2 789 3
4 3 5 182 4
3 1 1 215 1
1 3 2 305 2
5 3 5 608 3
5 3 1 598 4
4 5 4 715 1
1 1 3 243 2
4 5 1 767 2
4 4 1 585 2
3 4 2 634 5
5 1 5 746 5
2 4 2 211 5
2 1 1 137 4
3 4 4 790 4
2 3 1 449 4
2 5 4 818 3
2 4 2 56 3
4 5 2 585 1
4 4 3 267 4
2 5 4 571 5
5 4 4 384 5
5 5 5 288 4
4 5 5 445 4
5 3 4 648 2
4 1 5 56 2
4 3 3 165 1
5 5 5 771 5
2 1 1 121 4
3 2 5 405 2
1 5 2 780 4
5 5 5 870 1
1 1 4 620 3
1 4 2 90 1
4 4 1 350 1
3 2 2 249 5
1 3 1 96 1
2 4 4 637 5
4 2 1 311 1
2 2 3 235 3
5 1 3 437 4
2 5 1 141 2
2 4 5 524 1
4 1 2 515 2
3 3 4 550 1
1 3 3 791 5
4 3 1 129 3
1 1 5 575 1
2 5 5 617 4
1 4 2 244 1
2 1 2 613 1
5 4 4 812 2
5 4 3 111 3
5 3 3 346 4
5 5 4 538 5
1 4 5 259 4
3 1 2 670 4
2 3 3 182 3
5 5 1 41 4
5 3 5 454 5
3 5 5 213 4
4 4 3 365 1
4 4 3 832 2
3 2 3 847 4
5 3 5 258 1
5 5 2 662 1
3 3 5 84 3
4 2 1 175 5
2 2 3 542 2
2 5 2 397 1
3 3 5 816 4
5 1 2 646 3
1 1 1 600 4
4 5 5 545 3
1 4 1 315 5
5 3 1 472 3
2 2 2 667 4
1 5 5 789 4
4 4 3 638 1
5 4 5 534 5
2 1 1 645 4
4 1 5 178 5
1 3 2 618 4
4 2 2 699 5
5 5 4 797 2
5 2 1 217 4
4 2 2 213 1
2 4 3 807 2
1 5 4 675 3
3 4 3 697 2
4 1 4 876 3
2 3 3 220 1
5 2 1 89 3
3 5 5 789 4
1 3 4 864 1
5 5 1 62 4
5 4 1 770 5
2 3 2 174 4
5 4 4 274 4
5 2 5 671 1
5 3 2 308 3
3 5 3 762 5
4 5 3 656 2
4 4 3 853 4
5 5 2 822 2
4 5 1 196 3
4 3 5 121 2
3 3 3 45 2
5 4 5 28 2
4 3 5 817 5
5 1 2 461 2
1 4 4 194 5
4 4 2 665 4
2 5 2 523 1
2 3 3 318 2
3 5 4 839 1
2 1 5 40 1
3 5 1 328 4
1 5 3 221 3
2 5 1 330 3
1 4 4 500 4
5 4 5 320 2
3 4 4 476 4
4 1 5 128 4
5 4 2 104 5
4 2 2 52 2
3 5 3 638 2
1 2 5 62 3
1 3 2 77 2
4 3 4 110 5
5 5 1 472 2
2 5 5 331 4
2 2 4 232 4
5 2 1 317 2
1 1 5 259 3
4 1 1 380 1
1 3 2 450 4
4 3 2 277 3
2 5 2 643 3
1 2 2 566 5
4 4 4 431 1
3 4 4 373 2
1 1 1 625 5
3 2 2 570 1
3 4 2 248 5
5 2 4 525 2
4 1 4 168 5
1 3 2 38 4
1 4 1 363 2
5 4 3 459 1
3 5 2 35 5
3 1 1 124 4
2 1 5 341 2
2 4 5 156 5
1 3 5 257 3
2 5 5 257 1
2 1 5 542 3
1 2 3 605 3
4 2 4 217 1
3 4 1 29 5
4 1 3 241 3
2 5 1 805 5
5 2 4 277 1
2 1 4 125 2
2 2 1 24 5
2 5 3 837 4
1 2 3 697 2
3 1 1 268 2
3 4 2 802 4
3 3 4 481 2
4 2 4 150 4
5 4 3 607 4
1 5 2 457 3
4 4 4 552 5
3 3 2 663 4
2 1 5 269 3
2 1 3 404 3
4 4 4 62 5
2 1 5 451 4
2 5 5 581 2
1 2 3 844 5
5 1 4 458 2
2 5 3 158 4
1 1 5 181 1
5 2 3 140 5
3 5 3 205 2
5 5 2 253 3
4 5 3 651 5
1 1 4 875 4
2 4 2 834 5
4 3 2 790 5
1 4 4 634 5
1 3 1 34 4
1 4 2 798 2
3 2 1 592 4
5 5 4 815 5
4 3 1 544 1
4 3 2 818 2
2 2 2 257 5
3 4 4 146 2
2 4 4 467 5
4 2 1 309 5
5 2 3 727 1
1 5 5 606 3
5 1 2 671 5
1 4 2 42 2
1 4 1 710 5
3 3 1 288 5
4 5 4 651 3
3 3 2 430 4
4 3 3 270 5
1 5 5 481 2
2 4 4 93 2
5 2 5 107 3
3 1 3 70 3
2 1 3 827 4
2 2 4 862 3
3 5 3 698 5
1 1 4 139 2
2 4 3 36 4
2 4 2 139 4
5 3 4 636 3
1 3 2 105 1
2 3 2 568 4
4 2 4 641 3
3 3 4 830 2
5 2 5 457 4
2 1 5 819 4
3 4 3 144 5
1 5 5 758 5
4 3 2 869 4
1 2 2 534 4
3 3 2 244 5
4 3 5 732 2
1 3 1 224 4
3 2 3 487 4
1 5 3 116 2
4 4 5 359 5
1 1 5 282 3
5 5 5 221 1
1 2 1 393 4
1 5 2 247 5
3 2 4 698 4
3 2 5 174 5
1 3 1 771 2
5 5 2 618 2
4 3 5 674 1
3 4 4 404 4
3 4 4 231 2
3 1 2 355 2
5 2 4 335 3
2 1 4 308 4
4 3 1 322 1
5 2 5 55 3
3 3 2 637 1
1 4 1 123 4
2 1 3 754 4
2 1 4 215 3
2 2 4 58 4
2 5 5 801 2
3 4 5 143 3
1 1 3 27 5
4 1 5 253 2
3 2 2 601 5
1 5 2 12 3
3 4 1 373 1
1 2 5 743 5
2 1 3 225 3
4 1 4 617 5
3 1 3 171 1
5 5 3 330 5
1 5 4 70 4
4 1 4 823 1
4 5 1 22 3
5 4 3 50 3
3 1 4 317 3
5 2 5 459 5
4 1 1 401 4
4 1 2 554 4
4 3 4 102 2
4 5 1 561 5
3 2 5 295 2
2 1 3 125 3
1 4 1 487 3
4 5 1 550 1
1 5 3 348 4
3 3 4 310 5
5 4 1 617 2
4 3 5 779 1
1 5 3 763 4
5 3 2 99 5
3 3 1 70 3
1 2 5 654 5
2 5 5 884 3
5 2 1 37 2
4 1 1 487 4
3 4 1 182 3
4 2 4 194 3
4 5 3 41 5
3 1 4 610 4
