150
2 4 4 343 1
4 3 3 57 2
4 4 2 342 2
2 5 5 273 3
1 2 2 337 2
3 2 4 107 3
4 2 1 193 2
2 3 3 338 5
5 1 1 160 1
5 3 4 223 3
4 4 2 180 5
2 4 5 251 5
2 5 3 60 3
3 2 5 206 1
4 1 3 38 1
5 1 3 255 2
2 5 4 234 1
5 2 1 377 5
3 2 1 347 1
1 5 2 206 5
5 3 2 309 1
3 2 2 361 4
5 4 3 212 2
4 1 3 129 2
2 3 1 314 2
4 5 4 285 4
4 5 3 355 2
4 1 2 97 3
2 3 4 175 4
2 2 4 325 2
1 1 5 367 1
3 3 4 106 5
2 4 3 65 4
2 3 5 323 5
2 1 3 384 5
3 4 5 359 1
2 3 1 355 1
1 1 3 165 5
4 4 2 158 1
5 4 5 27 2
4 3 4 126 3
1 1 5 43 4
5 3 1 363 5
1 1 4 196 5
2 2 5 239 5
4 3 1 303 5
1 2 5 198 2
5 2 2 120 4
1 2 5 36 5
2 4 5 67 1
5 4 2 39 3
4 3 5 182 4
3 1 1 215 1
1 3 2 305 2
5 3 5 233 3
5 3 1 348 4
4 5 4 90 1
1 1 3 243 2
4 5 1 142 2
4 4 1 210 2
3 4 2 384 5
5 1 5 246 5
2 4 2 86 5
2 1 1 12 4
3 4 4 40 4
2 3 1 199 4
2 5 4 318 3
2 4 2 56 3
4 5 2 335 1
4 4 3 17 4
2 5 4 321 5
5 4 4 384 5
5 5 5 163 4
4 5 5 195 4
5 3 4 148 2
4 1 5 306 2
4 3 3 165 1
5 5 5 21 5
2 1 1 371 4
3 2 5 280 2
1 5 2 155 4
5 5 5 370 1
1 1 4 245 3
1 4 2 215 1
4 4 1 225 1
3 2 2 124 5
1 3 1 96 1
2 4 4 137 5
4 2 1 311 1
2 2 3 235 3
5 1 3 187 4
2 5 1 141 2
2 4 5 274 1
4 1 2 15 2
3 3 4 300 1
1 3 3 166 5
4 3 1 129 3
1 1 5 75 1
2 5 5 117 4
1 4 2 244 1
2 1 2 363 1
5 4 4 312 2
5 4 3 236 3
5 3 3 221 4
5 5 4 163 5
1 4 5 259 4
3 1 2 295 4
2 3 3 182 3
5 5 1 291 4
5 3 5 79 5
3 5 5 88 4
4 4 3 365 1
4 4 3 82 2
3 2 3 97 4
5 3 5 383 1
5 5 2 287 1
3 3 5 84 3
4 2 1 50 5
2 2 3 42 2
2 5 2 272 1
3 3 5 316 4
5 1 2 21 3
1 1 1 225 4
4 5 5 295 3
1 4 1 315 5
5 3 1 222 3
2 2 2 167 4
1 5 5 39 4
4 4 3 388 1
5 4 5 159 5
2 1 1 145 4
4 1 5 303 5
1 3 2 243 4
4 2 2 199 5
5 5 4 297 2
5 2 1 342 4
4 2 2 88 1
2 4 3 57 2
1 5 4 50 3
3 4 3 322 2
4 1 4 126 3
2 3 3 345 1
5 2 1 214 3
3 5 5 164 4
1 3 4 114 1
5 5 1 312 4
5 4 1 145 5
2 3 2 174 4
5 4 4 274 4
5 2 5 296 1
