500
2 4 4 968 1
4 3 3 307 2
4 4 2 717 2
2 5 5 1148 3
1 2 2 1087 2
3 2 4 1107 3
4 2 1 818 2
2 3 3 463 5
5 1 1 1160 1
5 3 4 973 3
4 4 2 1180 5
2 4 5 1001 5
2 5 3 685 3
3 2 5 581 1
4 1 3 538 1
5 1 3 880 2
2 5 4 609 1
5 2 1 502 5
3 2 1 472 1
1 5 2 706 5
5 3 2 434 1
3 2 2 236 4
5 4 3 587 2
4 1 3 754 2
2 3 1 314 2
4 5 4 535 4
4 5 3 355 2
4 1 2 1222 3
2 3 4 925 4
2 2 4 450 2
1 1 5 492 1
3 3 4 731 5
2 4 3 65 4
2 3 5 573 5
2 1 3 759 5
3 4 5 109 1
2 3 1 1105 1
1 1 3 915 5
4 4 2 283 1
5 4 5 1152 2
4 3 4 1001 3
1 1 5 293 4
5 3 1 988 5
1 1 4 946 5
2 2 5 364 5
4 3 1 428 5
1 2 5 698 2
5 2 2 1120 4
1 2 5 536 5
2 4 5 317 1
5 4 2 164 3
4 3 5 682 4
3 1 1 215 1
1 3 2 680 2
5 3 5 858 3
5 3 1 98 4
4 5 4 90 1
1 1 3 618 2
4 5 1 517 2
4 4 1 585 2
3 4 2 509 5
5 1 5 1246 5
2 4 2 86 5
2 1 1 512 4
3 4 4 665 4
2 3 1 574 4
2 5 4 1193 3
2 4 2 931 3
4 5 2 460 1
4 4 3 1142 4
2 5 4 1196 5
5 4 4 1259 5
5 5 5 1038 4
4 5 5 445 4
5 3 4 23 2
4 1 5 306 2
4 3 3 665 1
5 5 5 396 5
2 1 1 1246 4
3 2 5 530 2
1 5 2 655 4
5 5 5 1120 1
1 1 4 745 3
1 4 2 1090 1
4 4 1 975 1
3 2 2 749 5
1 3 1 96 1
2 4 4 262 5
4 2 1 1061 1
2 2 3 235 3
5 1 3 937 4
2 5 1 641 2
2 4 5 649 1
4 1 2 515 2
3 3 4 175 1
1 3 3 291 5
4 3 1 754 3
1 1 5 1200 1
2 5 5 617 4
1 4 2 1119 1
2 1 2 1238 1
5 4 4 812 2
5 4 3 736 3
5 3 3 721 4
5 5 4 413 5
1 4 5 134 4
3 1 2 420 4
2 3 3 1182 3
5 5 1 291 4
5 3 5 579 5
3 5 5 963 4
4 4 3 115 1
4 4 3 457 2
3 2 3 722 4
5 3 5 1258 1
5 5 2 662 1
3 3 5 1209 3
4 2 1 175 5
2 2 3 1167 2
2 5 2 897 1
3 3 5 316 4
5 1 2 1021 3
1 1 1 975 4
4 5 5 1170 3
1 4 1 190 5
5 3 1 847 3
2 2 2 917 4
1 5 5 1039 4
4 4 3 263 1
5 4 5 159 5
2 1 1 520 4
4 1 5 1053 5
1 3 2 868 4
4 2 2 1074 5
5 5 4 922 2
5 2 1 592 4
4 2 2 1088 1
2 4 3 1182 2
1 5 4 300 3
3 4 3 572 2
4 1 4 1001 3
2 3 3 1220 1
5 2 1 1214 3
3 5 5 289 4
1 3 4 989 1
5 5 1 312 4
5 4 1 395 5
2 3 2 1174 4
5 4 4 274 4
5 2 5 796 1
5 3 2 808 3
3 5 3 262 5
4 5 3 1031 2
4 4 3 478 4
5 5 2 697 2
4 5 1 821 3
4 3 5 371 2
3 3 3 670 2
5 4 5 403 2
4 3 5 817 5
5 1 2 211 2
1 4 4 819 5
4 4 2 1040 4
2 5 2 273 1
2 3 3 193 2
3 5 4 714 1
2 1 5 165 1
3 5 1 1078 4
1 5 3 971 3
2 5 1 80 3
1 4 4 375 4
5 4 5 320 2
3 4 4 976 4
4 1 5 1003 4
5 4 2 1229 5
4 2 2 1052 2
3 5 3 513 2
1 2 5 1187 3
1 3 2 1202 2
4 3 4 110 5
5 5 1 1222 2
2 5 5 831 4
2 2 4 357 4
5 2 1 942 2
1 1 5 9 3
4 1 1 255 1
1 3 2 950 4
4 3 2 1152 3
2 5 2 18 3
1 2 2 66 5
4 4 4 556 1
3 4 4 873 2
1 1 1 250 5
3 2 2 195 1
3 4 2 623 5
5 2 4 150 2
4 1 4 918 5
1 3 2 413 4
1 4 1 238 2
5 4 3 459 1
3 5 2 1035 5
3 1 1 874 4
2 1 5 716 2
2 4 5 1156 5
1 3 5 1257 3
2 5 5 882 1
2 1 5 417 3
1 2 3 605 3
4 2 4 342 1
3 4 1 779 5
4 1 3 616 3
2 5 1 55 5
5 2 4 652 1
2 1 4 1125 2
2 2 1 24 5
2 5 3 1212 4
1 2 3 447 2
3 1 1 893 2
3 4 2 552 4
3 3 4 1106 2
4 2 4 900 4
5 4 3 1232 4
1 5 2 707 3
4 4 4 802 5
3 3 2 1163 4
2 1 5 144 3
2 1 3 904 3
4 4 4 937 5
2 1 5 576 4
2 5 5 1206 2
1 2 3 94 5
5 1 4 458 2
2 5 3 158 4
1 1 5 56 1
5 2 3 265 5
3 5 3 205 2
5 5 2 1003 3
4 5 3 776 5
1 1 4 500 4
2 4 2 209 5
4 3 2 415 5
1 4 4 384 5
1 3 1 409 4
1 4 2 173 2
3 2 1 92 4
5 5 4 190 5
4 3 1 1169 1
4 3 2 443 2
2 2 2 132 5
3 4 4 1021 2
2 4 4 1092 5
4 2 1 434 5
5 2 3 352 1
1 5 5 481 3
5 1 2 46 5
1 4 2 42 2
1 4 1 85 5
3 3 1 163 5
4 5 4 901 3
3 3 2 1055 4
4 3 3 1145 5
1 5 5 731 2
2 4 4 1218 2
5 2 5 607 3
3 1 3 570 3
2 1 3 952 4
2 2 4 862 3
3 5 3 698 5
1 1 4 14 2
2 4 3 661 4
2 4 2 639 4
5 3 4 1261 3
1 3 2 355 1
2 3 2 193 4
4 2 4 16 3
3 3 4 830 2
5 2 5 707 4
2 1 5 819 4
3 4 3 519 5
1 5 5 383 5
4 3 2 994 4
1 2 2 159 4
3 3 2 369 5
4 3 5 857 2
1 3 1 1099 4
3 2 3 987 4
1 5 3 116 2
4 4 5 984 5
1 1 5 282 3
5 5 5 346 1
1 2 1 1143 4
1 5 2 497 5
3 2 4 698 4
3 2 5 549 5
1 3 1 771 2
5 5 2 1118 2
4 3 5 174 1
3 4 4 779 4
3 4 4 481 2
3 1 2 730 2
5 2 4 210 3
2 1 4 1183 4
4 3 1 572 1
5 2 5 555 3
3 3 2 387 1
1 4 1 1248 4
2 1 3 504 4
2 1 4 465 3
2 2 4 433 4
2 5 5 801 2
3 4 5 393 3
1 1 3 402 5
4 1 5 378 2
3 2 2 976 5
1 5 2 262 3
3 4 1 873 1
1 2 5 493 5
2 1 3 600 3
4 1 4 367 5
3 1 3 546 1
5 5 3 705 5
1 5 4 695 4
4 1 4 1198 1
4 5 1 897 3
5 4 3 675 3
3 1 4 817 3
5 2 5 84 5
4 1 1 526 4
4 1 2 1179 4
4 3 4 352 2
4 5 1 686 5
3 2 5 1045 2
2 1 3 1125 3
1 4 1 612 3
4 5 1 175 1
1 5 3 473 4
3 3 4 310 5
5 4 1 1242 2
4 3 5 779 1
1 5 3 888 4
5 3 2 974 5
3 3 1 445 3
1 2 5 29 5
2 5 5 1009 3
5 2 1 662 2
4 1 1 237 4
3 4 1 807 3
4 2 4 944 3
4 5 3 541 5
3 1 4 1235 4
4 2 5 127 2
1 3 4 845 3
3 5 1 577 4
5 4 3 338 4
1 2 4 626 5
1 1 2 271 2
1 2 5 397 5
3 2 1 578 3
1 4 5 770 4
3 3 2 37 3
2 3 1 967 2
3 1 4 631 4
1 5 3 423 4
1 2 3 986 4
2 1 3 929 3
3 2 1 308 4
4 3 4 705 3
3 4 2 321 3
2 3 2 856 1
3 4 2 1203 2
5 1 4 374 5
1 2 4 1065 4
1 2 4 821 3
1 5 5 480 1
1 3 1 500 3
5 3 3 49 1
4 3 1 446 3
4 5 4 324 5
1 5 1 388 2
5 5 3 837 1
2 4 2 811 2
1 2 5 482 4
4 3 4 1066 3
1 5 2 78 4
1 2 4 811 3
4 4 3 982 4
2 2 1 1205 2
4 1 1 272 5
1 2 5 321 1
1 3 1 980 4
5 4 4 1114 2
4 5 3 696 2
3 1 1 776 2
1 2 2 1195 1
1 1 4 27 4
1 2 3 40 3
2 1 3 410 4
2 4 4 787 2
2 1 2 520 1
2 1 3 242 5
2 1 1 857 5
1 2 4 74 4
1 3 4 245 1
4 3 4 835 3
5 2 1 584 3
4 4 5 771 4
2 3 4 75 5
2 1 5 1052 1
5 4 4 144 3
2 4 1 498 3
5 5 4 27 1
1 3 1 718 1
3 2 4 292 3
2 5 1 780 2
3 4 3 1264 4
4 5 4 873 2
1 2 4 1198 1
3 2 4 39 2
3 4 2 21 2
3 1 3 162 1
5 5 1 1024 2
4 1 1 1071 3
3 1 1 1042 2
4 1 5 203 2
3 1 5 744 4
5 1 3 1047 5
1 3 5 1215 1
4 3 4 597 5
3 5 4 235 1
3 1 1 169 4
1 5 4 894 4
2 3 4 251 2
2 2 1 528 4
4 2 3 418 2
4 2 3 929 1
3 4 2 870 3
5 1 3 553 3
3 3 3 523 5
4 5 3 81 5
4 3 4 637 3
1 5 3 304 1
1 1 3 197 5
4 5 4 609 2
1 1 5 916 3
1 3 3 330 1
1 4 2 700 5
3 5 5 1151 5
1 3 3 1159 4
5 4 2 130 3
1 3 1 1197 5
2 3 2 1055 4
4 2 5 63 5
5 5 5 1173 1
4 3 4 30 4
4 2 3 102 2
5 4 1 593 1
5 2 1 857 1
2 3 1 466 2
1 1 3 813 2
5 1 4 348 5
5 1 5 206 2
3 5 4 238 3
3 5 1 433 2
4 1 3 1036 4
1 1 1 470 3
5 2 4 904 5
1 5 3 606 4
2 5 5 28 3
2 1 4 346 2
2 2 3 851 2
3 5 1 466 5
5 2 4 277 4
2 2 1 636 1
1 3 2 673 5
5 3 3 646 2
2 4 4 1063 5
2 4 3 195 1
4 2 4 1180 1
3 2 1 301 1
5 3 1 543 5
4 3 3 1142 5
5 4 5 886 5
5 3 3 687 2
3 5 5 761 3
4 1 3 621 4
1 4 5 114 4
5 4 3 174 5
2 2 2 1087 5
5 1 1 977 2
4 5 5 968 2
3 3 5 292 4
5 1 1 161 4
2 4 3 713 2
2 5 5 1083 2
1 5 5 680 2
5 5 3 105 4
4 4 4 906 4
2 4 4 329 4
5 4 3 1061 3
4 3 3 489 2
