50
2 4 4 93 1
4 3 3 57 2
4 4 2 92 2
2 5 5 23 3
1 2 2 87 2
3 2 4 107 3
4 2 1 68 2
2 3 3 88 5
5 1 1 35 1
5 3 4 98 3
4 4 2 55 5
2 4 5 126 5
2 5 3 60 3
3 2 5 81 1
4 1 3 38 1
5 1 3 130 2
2 5 4 109 1
5 2 1 127 5
3 2 1 97 1
1 5 2 81 5
5 3 2 59 1
3 2 2 111 4
5 4 3 87 2
4 1 3 129 2
2 3 1 64 2
4 5 4 35 4
4 5 3 105 2
4 1 2 97 3
2 3 4 50 4
2 2 4 75 2
1 1 5 117 1
3 3 4 106 5
2 4 3 65 4
2 3 5 73 5
2 1 3 134 5
3 4 5 109 1
2 3 1 105 1
1 1 3 40 5
4 4 2 33 1
5 4 5 27 2
4 3 4 126 3
1 1 5 43 4
5 3 1 113 5
1 1 4 71 5
2 2 5 114 5
4 3 1 53 5
1 2 5 73 2
5 2 2 120 4
1 2 5 36 5
2 4 5 67 1
