300
2 4 4 718 1
4 3 3 57 2
4 4 2 717 2
2 5 5 648 3
1 2 2 337 2
3 2 4 107 3
4 2 1 568 2
2 3 3 713 5
5 1 1 160 1
5 3 4 223 3
4 4 2 180 5
2 4 5 251 5
2 5 3 435 3
3 2 5 581 1
4 1 3 38 1
5 1 3 630 2
2 5 4 609 1
5 2 1 752 5
3 2 1 722 1
1 5 2 206 5
5 3 2 684 1
3 2 2 736 4
5 4 3 587 2
4 1 3 504 2
2 3 1 314 2
4 5 4 285 4
4 5 3 355 2
4 1 2 472 3
2 3 4 175 4
2 2 4 700 2
1 1 5 742 1
3 3 4 481 5
2 4 3 65 4
2 3 5 323 5
2 1 3 759 5
3 4 5 359 1
2 3 1 355 1
1 1 3 165 5
4 4 2 533 1
5 4 5 402 2
4 3 4 501 3
1 1 5 43 4
5 3 1 738 5
1 1 4 196 5
2 2 5 614 5
4 3 1 678 5
1 2 5 198 2
5 2 2 120 4
1 2 5 36 5
2 4 5 67 1
5 4 2 414 3
4 3 5 182 4
3 1 1 215 1
1 3 2 680 2
5 3 5 608 3
5 3 1 348 4
4 5 4 90 1
1 1 3 618 2
4 5 1 517 2
4 4 1 585 2
3 4 2 759 5
5 1 5 246 5
2 4 2 86 5
2 1 1 12 4
3 4 4 415 4
2 3 1 574 4
2 5 4 693 3
2 4 2 431 3
4 5 2 710 1
4 4 3 392 4
2 5 4 696 5
5 4 4 759 5
5 5 5 538 4
4 5 5 195 4
5 3 4 523 2
4 1 5 306 2
4 3 3 165 1
5 5 5 396 5
2 1 1 746 4
3 2 5 280 2
1 5 2 155 4
5 5 5 370 1
1 1 4 245 3
1 4 2 590 1
4 4 1 225 1
3 2 2 499 5
1 3 1 96 1
2 4 4 512 5
4 2 1 311 1
2 2 3 235 3
5 1 3 187 4
2 5 1 141 2
2 4 5 649 1
4 1 2 15 2
3 3 4 675 1
1 3 3 541 5
4 3 1 504 3
1 1 5 450 1
2 5 5 117 4
1 4 2 619 1
2 1 2 738 1
5 4 4 312 2
5 4 3 236 3
5 3 3 221 4
5 5 4 163 5
1 4 5 634 4
3 1 2 670 4
2 3 3 182 3
5 5 1 291 4
5 3 5 79 5
3 5 5 463 4
4 4 3 365 1
4 4 3 457 2
3 2 3 472 4
5 3 5 758 1
5 5 2 662 1
3 3 5 459 3
4 2 1 425 5
2 2 3 417 2
2 5 2 647 1
3 3 5 316 4
5 1 2 21 3
1 1 1 225 4
4 5 5 670 3
1 4 1 690 5
5 3 1 597 3
2 2 2 167 4
1 5 5 39 4
4 4 3 763 1
5 4 5 159 5
2 1 1 520 4
4 1 5 303 5
1 3 2 618 4
4 2 2 574 5
5 5 4 672 2
5 2 1 342 4
4 2 2 88 1
2 4 3 432 2
1 5 4 50 3
3 4 3 322 2
4 1 4 501 3
2 3 3 720 1
5 2 1 214 3
3 5 5 539 4
1 3 4 489 1
5 5 1 312 4
5 4 1 145 5
2 3 2 174 4
5 4 4 274 4
5 2 5 296 1
5 3 2 558 3
3 5 3 512 5
4 5 3 281 2
4 4 3 478 4
5 5 2 197 2
4 5 1 571 3
4 3 5 371 2
3 3 3 670 2
5 4 5 403 2
4 3 5 567 5
5 1 2 211 2
1 4 4 69 5
4 4 2 540 4
2 5 2 23 1
2 3 3 443 2
3 5 4 214 1
2 1 5 415 1
3 5 1 78 4
1 5 3 221 3
2 5 1 80 3
1 4 4 375 4
5 4 5 570 2
3 4 4 226 4
4 1 5 253 4
5 4 2 229 5
4 2 2 552 2
3 5 3 513 2
1 2 5 437 3
1 3 2 202 2
4 3 4 610 5
5 5 1 222 2
2 5 5 581 4
2 2 4 607 4
5 2 1 442 2
1 1 5 509 3
4 1 1 255 1
1 3 2 700 4
4 3 2 152 3
2 5 2 518 3
1 2 2 66 5
4 4 4 56 1
3 4 4 623 2
1 1 1 250 5
3 2 2 695 1
3 4 2 623 5
5 2 4 150 2
4 1 4 668 5
1 3 2 663 4
1 4 1 488 2
5 4 3 459 1
3 5 2 285 5
3 1 1 374 4
2 1 5 216 2
2 4 5 656 5
1 3 5 757 3
2 5 5 132 1
2 1 5 167 3
1 2 3 355 3
4 2 4 592 1
3 4 1 29 5
4 1 3 366 3
2 5 1 305 5
5 2 4 652 1
2 1 4 125 2
2 2 1 524 5
2 5 3 212 4
1 2 3 447 2
3 1 1 143 2
3 4 2 552 4
3 3 4 606 2
4 2 4 150 4
5 4 3 482 4
1 5 2 207 3
4 4 4 552 5
3 3 2 163 4
2 1 5 394 3
2 1 3 654 3
4 4 4 187 5
2 1 5 576 4
2 5 5 456 2
1 2 3 344 5
5 1 4 208 2
2 5 3 408 4
1 1 5 306 1
5 2 3 265 5
3 5 3 205 2
5 5 2 253 3
4 5 3 526 5
1 1 4 250 4
2 4 2 459 5
4 3 2 165 5
1 4 4 384 5
1 3 1 159 4
1 4 2 673 2
3 2 1 92 4
5 5 4 690 5
4 3 1 419 1
4 3 2 443 2
2 2 2 632 5
3 4 4 21 2
2 4 4 92 5
4 2 1 434 5
5 2 3 352 1
1 5 5 231 3
5 1 2 546 5
1 4 2 42 2
1 4 1 585 5
3 3 1 413 5
4 5 4 651 3
3 3 2 555 4
4 3 3 395 5
1 5 5 731 2
2 4 4 468 2
5 2 5 357 3
3 1 3 320 3
2 1 3 202 4
2 2 4 112 3
3 5 3 448 5
1 1 4 14 2
2 4 3 411 4
2 4 2 389 4
5 3 4 511 3
1 3 2 105 1
2 3 2 443 4
4 2 4 516 3
3 3 4 580 2
5 2 5 457 4
2 1 5 69 4
3 4 3 19 5
1 5 5 383 5
4 3 2 494 4
1 2 2 409 4
3 3 2 119 5
4 3 5 607 2
1 3 1 349 4
3 2 3 487 4
1 5 3 116 2
4 4 5 734 5
1 1 5 32 3
5 5 5 346 1
1 2 1 643 4
1 5 2 247 5
3 2 4 448 4
3 2 5 299 5
1 3 1 21 2
5 5 2 618 2
4 3 5 674 1
3 4 4 279 4
3 4 4 231 2
3 1 2 480 2
