200
2 4 4 218 1
4 3 3 307 2
4 4 2 467 2
2 5 5 398 3
1 2 2 87 2
3 2 4 357 3
4 2 1 68 2
2 3 3 213 5
5 1 1 410 1
5 3 4 473 3
4 4 2 180 5
2 4 5 501 5
2 5 3 435 3
3 2 5 331 1
4 1 3 38 1
5 1 3 380 2
2 5 4 359 1
5 2 1 502 5
3 2 1 222 1
1 5 2 206 5
5 3 2 434 1
3 2 2 236 4
5 4 3 337 2
4 1 3 254 2
2 3 1 314 2
4 5 4 285 4
4 5 3 355 2
4 1 2 222 3
2 3 4 175 4
2 2 4 200 2
1 1 5 242 1
3 3 4 231 5
2 4 3 315 4
2 3 5 73 5
2 1 3 259 5
3 4 5 109 1
2 3 1 105 1
1 1 3 415 5
4 4 2 33 1
5 4 5 402 2
4 3 4 251 3
1 1 5 293 4
5 3 1 238 5
1 1 4 196 5
2 2 5 114 5
4 3 1 428 5
1 2 5 198 2
5 2 2 370 4
1 2 5 36 5
2 4 5 67 1
5 4 2 414 3
4 3 5 182 4
3 1 1 215 1
1 3 2 180 2
5 3 5 108 3
5 3 1 98 4
4 5 4 90 1
1 1 3 118 2
4 5 1 267 2
4 4 1 85 2
3 4 2 259 5
5 1 5 246 5
2 4 2 86 5
2 1 1 12 4
3 4 4 415 4
2 3 1 324 4
2 5 4 193 3
2 4 2 431 3
4 5 2 210 1
4 4 3 142 4
2 5 4 446 5
5 4 4 259 5
5 5 5 288 4
4 5 5 195 4
5 3 4 273 2
4 1 5 306 2
4 3 3 165 1
5 5 5 146 5
2 1 1 496 4
3 2 5 30 2
1 5 2 405 4
5 5 5 120 1
1 1 4 495 3
1 4 2 90 1
4 4 1 225 1
3 2 2 499 5
1 3 1 346 1
2 4 4 262 5
4 2 1 61 1
2 2 3 235 3
5 1 3 187 4
2 5 1 141 2
2 4 5 399 1
4 1 2 15 2
3 3 4 175 1
1 3 3 291 5
4 3 1 254 3
1 1 5 200 1
2 5 5 117 4
1 4 2 119 1
2 1 2 488 1
5 4 4 312 2
5 4 3 486 3
5 3 3 221 4
5 5 4 163 5
1 4 5 384 4
3 1 2 170 4
2 3 3 182 3
5 5 1 291 4
5 3 5 329 5
3 5 5 213 4
4 4 3 365 1
4 4 3 207 2
3 2 3 472 4
5 3 5 258 1
5 5 2 412 1
3 3 5 209 3
4 2 1 175 5
2 2 3 417 2
2 5 2 147 1
3 3 5 316 4
5 1 2 271 3
1 1 1 475 4
4 5 5 420 3
1 4 1 440 5
5 3 1 97 3
2 2 2 417 4
1 5 5 289 4
4 4 3 513 1
5 4 5 409 5
2 1 1 20 4
4 1 5 53 5
1 3 2 368 4
4 2 2 74 5
5 5 4 422 2
5 2 1 342 4
4 2 2 338 1
2 4 3 182 2
1 5 4 50 3
3 4 3 322 2
4 1 4 251 3
2 3 3 220 1
5 2 1 464 3
3 5 5 289 4
1 3 4 489 1
5 5 1 312 4
5 4 1 145 5
2 3 2 174 4
5 4 4 274 4
5 2 5 46 1
5 3 2 58 3
3 5 3 262 5
4 5 3 31 2
4 4 3 228 4
5 5 2 447 2
4 5 1 321 3
4 3 5 371 2
3 3 3 420 2
5 4 5 403 2
4 3 5 67 5
5 1 2 461 2
1 4 4 69 5
4 4 2 40 4
2 5 2 273 1
2 3 3 443 2
3 5 4 464 1
2 1 5 415 1
3 5 1 328 4
1 5 3 471 3
2 5 1 80 3
1 4 4 375 4
5 4 5 320 2
3 4 4 226 4
4 1 5 253 4
5 4 2 229 5
4 2 2 52 2
3 5 3 13 2
1 2 5 187 3
1 3 2 202 2
4 3 4 360 5
5 5 1 472 2
2 5 5 331 4
2 2 4 357 4
5 2 1 192 2
1 1 5 9 3
4 1 1 255 1
1 3 2 200 4
4 3 2 402 3
2 5 2 18 3
1 2 2 66 5
4 4 4 56 1
3 4 4 123 2
1 1 1 500 5
3 2 2 445 1
3 4 2 123 5
5 2 4 400 2
4 1 4 168 5
1 3 2 413 4
1 4 1 488 2
5 4 3 459 1
