100
2 4 4 218 1
4 3 3 57 2
4 4 2 217 2
2 5 5 148 3
1 2 2 87 2
3 2 4 107 3
4 2 1 68 2
2 3 3 213 5
5 1 1 160 1
5 3 4 223 3
4 4 2 180 5
2 4 5 251 5
2 5 3 185 3
3 2 5 81 1
4 1 3 38 1
5 1 3 130 2
2 5 4 109 1
5 2 1 252 5
3 2 1 222 1
1 5 2 206 5
5 3 2 184 1
3 2 2 236 4
5 4 3 87 2
4 1 3 254 2
2 3 1 64 2
4 5 4 35 4
4 5 3 105 2
4 1 2 222 3
2 3 4 175 4
2 2 4 200 2
1 1 5 242 1
3 3 4 231 5
2 4 3 65 4
2 3 5 73 5
2 1 3 259 5
3 4 5 109 1
2 3 1 105 1
1 1 3 165 5
4 4 2 33 1
5 4 5 152 2
4 3 4 251 3
1 1 5 43 4
5 3 1 238 5
1 1 4 196 5
2 2 5 114 5
4 3 1 178 5
1 2 5 198 2
5 2 2 120 4
1 2 5 36 5
2 4 5 67 1
5 4 2 164 3
4 3 5 182 4
3 1 1 215 1
1 3 2 180 2
5 3 5 108 3
5 3 1 98 4
4 5 4 90 1
1 1 3 118 2
4 5 1 17 2
4 4 1 85 2
3 4 2 259 5
5 1 5 246 5
2 4 2 86 5
2 1 1 12 4
3 4 4 165 4
2 3 1 74 4
2 5 4 193 3
2 4 2 181 3
4 5 2 210 1
4 4 3 142 4
2 5 4 196 5
5 4 4 259 5
5 5 5 38 4
4 5 5 195 4
5 3 4 23 2
4 1 5 56 2
4 3 3 165 1
5 5 5 146 5
2 1 1 246 4
3 2 5 30 2
1 5 2 155 4
5 5 5 120 1
1 1 4 245 3
1 4 2 90 1
4 4 1 225 1
3 2 2 249 5
1 3 1 96 1
2 4 4 12 5
4 2 1 61 1
2 2 3 235 3
5 1 3 187 4
2 5 1 141 2
2 4 5 149 1
4 1 2 15 2
3 3 4 175 1
1 3 3 41 5
4 3 1 254 3
1 1 5 200 1
2 5 5 117 4
1 4 2 119 1
