250
1.0 0.86 0.65 0.31 0.25 
36 104
61 244
54 110
35 234
5 76
64 125
42 63
61 58
54 105
12 110
21 180
50 157
48 155
78 134
16 90
29 96
22 184
54 148
8 14
49 173
13 194
82 69
49 167
14 173
94 223
27 230
98 133
21 38
53 213
41 190
66 31
2 246
62 123
51 116
68 54
15 224
43 104
79 127
27 188
13 71
90 210
87 174
71 45
90 187
42 119
98 5
6 48
44 220
85 49
17 250
92 71
96 78
19 36
49 181
24 177
41 186
78 132
64 104
77 18
90 131
28 66
38 107
57 248
55 41
80 162
23 135
78 21
18 175
14 226
43 219
72 129
91 96
62 115
21 58
48 115
33 34
36 80
90 16
50 105
28 134
59 244
87 198
94 130
89 105
24 164
82 189
55 23
77 183
94 133
28 20
24 172
9 211
96 85
26 127
62 88
79 249
77 23
5 37
96 150
9 34
5 224
58 121
62 10
94 203
39 200
7 35
49 178
28 186
33 185
92 43
97 201
20 62
65 12
22 19
48 135
40 239
58 244
19 123
97 241
47 195
11 244
80 122
76 87
61 205
80 172
72 228
57 55
91 130
7 223
86 191
9 88
65 81
76 80
55 135
75 83
78 19
10 201
30 54
57 158
22 73
92 149
5 101
70 194
23 117
42 33
50 5
70 140
23 82
48 64
48 187
62 144
29 139
23 226
84 23
39 91
75 120
57 163
21 155
4 9
72 217
4 216
47 13
24 22
98 169
21 242
37 90
9 59
59 233
16 221
99 131
33 123
69 149
29 224
39 36
17 125
8 163
80 112
26 76
75 130
20 98
11 200
56 80
47 58
2 170
10 147
79 170
4 27
80 28
56 233
77 172
22 183
20 24
32 38
47 32
7 52
2 143
85 145
62 16
47 142
95 59
30 241
67 44
29 180
13 81
32 65
22 16
77 126
18 84
10 214
42 250
89 111
91 47
90 197
57 211
52 175
33 52
40 211
1 29
82 227
92 61
29 50
25 53
89 1
50 75
22 248
49 17
29 223
70 54
41 103
89 77
82 98
99 214
66 150
47 146
75 191
8 197
59 203
41 54
34 51
85 114
38 24
84 229
62 47
33 193
64 213
49 244
7 53
23 197
3 179
54 118
