400
1.0 0.66 0.36 0.37 0.25 
1 110
85 123
39 399
72 307
90 268
71 249
40 378
19 240
5 263
1 174
29 242
86 371
18 56
2 147
88 215
92 273
55 304
51 57
27 206
13 170
6 350
44 319
94 154
49 345
96 341
9 27
62 53
93 193
63 360
7 221
66 325
68 303
12 97
91 113
83 122
6 316
79 179
72 331
1 76
71 90
85 13
31 266
70 191
71 52
39 343
49 359
76 112
1 32
86 83
4 229
29 6
45 158
17 15
40 96
22 163
93 119
40 256
67 48
54 83
13 256
8 182
86 308
98 282
74 7
33 365
68 313
93 87
16 210
83 327
13 3
49 197
94 148
94 100
41 336
9 198
6 90
11 107
82 106
19 376
89 87
25 368
23 67
35 226
56 206
48 30
20 151
94 277
75 134
63 60
31 63
79 220
48 68
60 202
10 251
23 286
25 278
22 2
84 37
37 281
31 20
51 393
7 162
94 134
76 240
51 189
94 385
49 378
8 84
48 22
88 91
66 256
8 392
53 359
4 227
26 177
13 330
67 203
72 150
55 46
13 117
45 362
1 41
96 386
50 397
68 211
38 207
7 194
46 15
46 33
88 226
80 222
68 51
25 105
68 23
21 79
40 107
17 167
51 317
91 9
15 211
56 374
55 203
28 8
65 65
8 150
58 38
61 324
67 195
92 197
78 330
73 254
64 277
86 185
6 190
62 82
70 42
53 2
11 115
44 357
7 400
32 250
63 387
27 311
92 175
28 358
62 211
59 208
89 232
15 132
98 307
7 195
14 375
74 156
80 346
78 31
45 274
56 288
21 12
56 202
62 201
99 30
81 22
46 279
90 182
47 378
62 14
57 143
33 108
96 246
76 53
17 89
55 378
59 92
39 214
96 83
62 55
80 65
85 22
3 168
31 69
86 337
33 132
6 89
37 303
66 279
23 88
51 278
88 140
1 227
57 261
80 117
85 332
78 3
94 40
25 6
2 151
25 141
69 56
70 87
36 147
29 337
51 182
93 59
21 220
4 137
52 204
73 179
91 172
83 201
18 191
73 71
19 290
98 209
65 207
29 123
93 380
57 136
7 372
68 269
96 47
71 64
75 272
21 226
61 11
29 39
82 385
35 270
29 313
97 129
51 237
6 123
24 302
18 272
79 277
90 334
50 295
49 366
55 356
85 279
77 61
52 79
8 223
43 222
71 112
4 370
6 85
98 361
67 366
30 382
74 142
17 323
13 74
33 119
38 366
3 276
8 326
14 119
66 304
90 397
61 172
93 103
56 28
76 394
99 174
67 342
84 131
78 96
11 155
10 285
78 351
39 334
89 123
77 323
12 342
99 29
21 143
46 69
82 182
21 50
44 196
57 90
94 375
87 249
41 334
56 199
70 334
44 297
39 367
67 54
89 70
8 308
31 335
38 190
12 54
18 149
86 147
93 289
11 32
31 305
34 215
50 102
40 141
16 89
73 134
71 356
95 243
72 356
28 303
26 137
19 193
23 103
8 238
94 396
11 383
40 398
9 219
52 352
75 321
70 17
16 212
41 50
43 370
37 242
35 259
31 328
17 43
56 363
38 380
34 145
8 75
37 51
3 92
12 377
6 93
4 87
45 221
30 211
69 215
87 66
29 335
3 47
49 39
70 167
80 62
25 19
50 166
55 339
90 224
27 4
33 246
72 350
38 53
15 348
30 54
65 88
33 151
81 194
84 58
53 93
10 393
8 391
45 373
52 179
1 42
27 133
2 256
76 313
12 161
73 48
74 322
93 136
58 351
55 86
97 120
7 339
5 114
46 353
79 91
95 376
84 366
