100
1.0 0.73 0.69 0.41 0.25 
32 48
23 79
32 98
49 36
77 66
13 9
64 68
35 3
47 27
75 24
69 2
31 14
29 18
1 76
89 20
56 6
60 91
88 41
97 5
74 88
67 91
68 35
91 23
46 19
48 21
27 59
30 90
97 47
23 93
85 50
13 75
87 58
68 23
69 63
75 19
10 24
75 54
92 7
88 27
4 100
74 83
20 14
83 51
35 46
4 77
27 33
44 65
96 44
20 43
63 38
76 60
36 7
65 19
57 93
11 7
25 45
94 35
61 3
2 57
48 42
27 99
60 47
51 28
55 85
79 48
32 99
12 40
52 41
84 61
67 13
70 47
60 14
39 29
90 4
98 8
5 11
83 30
19 33
32 94
66 60
31 78
74 64
85 39
54 35
84 73
76 74
29 19
52 92
54 75
60 71
12 36
43 98
89 8
3 51
50 9
93 57
45 40
1 18
7 82
73 52
