150
1.0 0.9 0.31 0.26 0.25 
29 106
73 111
6 122
45 12
64 64
6 115
46 26
9 104
96 35
67 40
80 144
39 85
58 119
37 84
90 18
77 118
44 85
96 89
17 145
72 126
50 33
37 60
62 40
63 105
27 71
88 71
61 61
91 45
60 51
34 50
45 19
18 95
39 53
43 93
52 47
63 54
27 58
25 111
15 52
87 124
88 47
3 31
54 39
39 8
88 97
72 30
5 102
90 7
82 110
27 128
36 37
44 60
81 93
4 63
3 140
3 117
45 35
65 57
36 138
16 116
76 42
65 99
74 50
64 23
3 114
29 7
86 62
36 91
51 78
24 116
70 129
17 45
64 35
3 71
94 20
49 121
16 125
10 29
32 40
65 16
47 64
78 52
77 107
28 82
80 71
84 15
64 110
59 148
37 116
67 66
55 33
90 56
98 14
25 23
88 98
7 1
87 12
47 70
63 86
88 74
58 48
6 73
88 125
8 33
95 59
11 103
30 9
36 118
73 119
86 95
69 34
22 45
80 17
94 122
65 141
27 93
25 92
65 16
58 122
65 89
27 138
19 82
81 64
54 38
30 21
96 145
47 23
24 126
67 139
33 112
33 98
92 100
63 129
85 1
29 89
20 57
9 59
23 27
80 34
93 11
19 8
14 5
7 142
84 81
48 62
24 22
49 150
32 27
56 45
91 133
