450
1.0 0.51 0.43 0.4 0.25 
25 19
1 348
94 235
26 352
9 325
10 82
71 415
66 124
4 213
65 172
16 317
84 201
62 58
2 66
44 37
84 69
30 99
60 78
36 54
65 414
5 329
66 362
72 432
1 211
52 220
4 294
74 265
77 442
36 246
48 55
98 122
65 353
87 263
58 280
57 417
39 422
41 64
75 194
92 147
32 210
62 76
90 44
20 440
25 360
13 30
73 313
95 43
87 116
42 387
94 189
29 184
54 396
34 345
16 300
69 108
11 42
16 272
15 78
64 308
93 189
76 27
99 80
32 296
78 117
22 110
48 276
3 241
63 4
57 162
35 259
52 222
79 69
14 129
66 281
35 65
62 351
4 344
2 416
55 96
66 171
85 216
43 169
69 206
61 252
84 418
93 170
97 342
15 61
93 401
82 261
32 405
54 309
46 216
4 163
86 368
94 148
5 340
88 348
35 151
9 354
28 237
46 383
10 384
42 76
68 10
56 35
30 18
2 296
72 198
87 399
6 58
42 300
2 274
2 427
85 302
17 295
19 324
83 216
4 61
95 234
16 275
36 223
43 283
53 176
95 135
88 450
14 201
73 260
16 77
87 2
71 217
38 223
92 232
24 25
7 27
63 105
12 69
89 411
59 53
94 316
49 344
98 446
92 281
84 277
33 190
26 258
5 44
32 73
99 232
49 247
89 217
80 52
18 25
51 286
8 20
58 324
54 218
74 229
42 239
71 280
43 276
92 71
40 339
36 386
33 37
96 443
36 321
85 100
1 105
35 446
98 79
10 194
37 285
37 263
93 377
14 307
57 44
4 130
94 245
3 444
77 380
6 69
17 28
53 365
1 434
37 208
25 275
31 68
30 352
73 296
5 242
63 32
43 181
85 11
46 248
45 162
73 252
5 285
47 318
76 99
44 196
3 315
1 348
88 272
33 57
50 111
46 188
49 206
51 180
75 192
47 171
55 101
15 144
57 210
23 29
18 161
9 378
72 35
82 247
92 438
52 140
15 292
66 1
3 425
32 308
37 8
65 182
34 209
41 187
59 256
19 109
19 382
15 402
10 146
22 360
34 180
96 72
4 433
25 37
92 398
40 38
15 425
98 134
62 76
81 350
79 55
19 50
90 223
80 235
91 128
95 363
30 344
65 419
54 295
33 398
60 2
50 119
3 252
19 279
28 179
80 400
53 375
62 154
39 120
10 234
91 336
83 320
37 448
76 67
2 68
57 318
88 321
57 244
47 284
18 371
75 3
84 207
36 412
35 239
79 329
30 248
21 133
99 112
67 173
89 249
5 180
9 415
75 408
62 427
69 424
61 220
89 324
10 14
99 386
86 265
90 349
71 370
60 393
97 169
80 181
80 268
45 253
16 377
11 109
77 413
21 387
40 405
41 134
56 195
77 69
91 14
67 293
96 115
62 182
3 228
75 123
3 353
40 381
80 50
89 11
3 2
57 186
49 289
39 442
28 91
58 287
18 14
88 297
57 200
20 288
35 281
65 182
96 423
58 410
21 374
10 357
6 413
39 305
44 366
51 225
78 380
51 130
51 359
94 130
26 32
31 94
64 127
40 388
93 29
28 383
82 158
11 349
93 50
66 292
40 200
34 349
77 219
70 244
47 236
91 224
41 274
21 59
38 148
16 300
66 36
51 176
39 140
6 329
89 156
27 193
82 162
34 437
84 70
97 201
1 155
48 219
21 97
48 253
55 373
72 362
63 68
23 169
86 335
38 380
86 288
78 262
53 127
94 202
60 57
75 66
60 309
33 183
97 220
82 244
2 52
97 386
8 24
37 357
91 317
41 317
10 19
55 9
68 373
21 192
77 207
71 1
84 402
30 68
27 83
65 373
42 341
80 98
64 394
11 114
57 349
28 394
67 2
1 316
79 165
81 146
79 306
66 250
91 139
11 182
7 163
39 417
75 150
29 216
83 221
1 196
36 329
70 304
1 70
21 306
2 264
38 248
22 350
24 122
99 114
63 224
72 266
56 208
34 359
68 36
2 55
9 266
53 244
17 339
17 402
70 269
