200
1.0 0.52 0.64 0.43 0.25 
92 46
76 102
29 188
43 178
43 74
94 160
39 103
49 116
12 154
23 75
62 166
34 153
15 186
87 93
48 96
23 105
24 111
76 129
44 16
71 39
70 194
83 193
91 10
14 128
90 82
8 101
42 108
65 82
2 84
64 195
96 88
16 31
36 36
42 7
37 190
74 17
49 195
13 25
35 76
37 61
51 200
81 28
82 111
55 122
29 137
74 114
76 73
50 177
99 97
99 66
41 75
26 140
17 17
20 156
98 41
94 88
64 25
55 42
10 91
99 101
37 53
82 127
4 47
72 26
33 42
48 80
12 66
35 75
97 71
19 135
22 78
18 141
15 151
91 68
89 179
76 158
65 75
65 52
78 128
29 183
65 82
88 5
62 15
18 11
24 147
76 61
89 166
62 55
96 79
33 79
47 75
43 154
64 177
64 63
51 77
1 12
82 7
92 195
72 151
33 168
91 40
75 74
35 14
65 115
20 5
82 150
49 135
23 20
84 58
92 3
96 84
70 20
41 115
15 191
7 142
56 109
92 73
96 146
26 65
51 133
62 165
22 5
8 52
93 106
99 105
11 172
98 56
19 164
62 180
37 30
98 22
9 119
60 132
10 137
79 108
27 128
46 147
39 128
57 158
77 21
97 84
62 39
73 198
33 200
24 100
26 115
63 30
27 186
21 27
73 92
86 113
38 49
40 194
35 123
39 32
20 100
15 117
71 190
80 161
51 83
98 120
79 177
50 159
84 113
53 179
49 133
74 79
18 140
91 32
23 107
47 62
78 129
33 153
82 135
76 189
16 90
99 124
36 86
52 15
51 73
36 49
22 194
39 199
79 140
87 80
84 123
4 149
94 9
30 124
94 189
61 175
51 185
98 124
85 6
35 185
27 190
19 55
29 142
61 135
7 142
