500
1.0 0.85 0.71 0.38 0.25 
6 196
34 272
27 436
97 295
7 418
85 269
56 382
72 335
17 355
72 83
95 116
33 490
89 327
19 367
83 102
62 344
10 178
66 489
71 145
35 267
65 131
66 230
71 38
22 383
61 123
86 121
18 277
90 50
10 337
31 367
72 155
14 490
96 305
46 444
69 463
45 383
18 51
41 29
3 422
40 436
13 459
26 318
34 216
21 341
46 356
12 419
29 340
19 259
96 266
92 141
10 88
57 428
33 406
55 372
39 76
2 58
59 18
49 48
49 81
38 9
52 439
75 69
42 4
3 3
61 205
95 428
46 390
49 166
42 31
27 297
69 382
20 233
93 429
60 37
38 16
28 148
60 267
57 23
42 143
11 387
95 78
21 397
22 43
9 500
46 367
59 301
80 254
5 498
21 168
76 106
51 177
87 430
15 308
19 398
9 220
16 114
65 272
57 363
46 261
72 218
35 13
87 40
17 351
37 269
5 147
81 135
67 361
20 14
77 290
75 310
87 254
87 433
77 499
94 88
78 395
85 12
64 287
89 182
82 234
71 281
9 133
47 444
56 419
45 312
56 468
16 119
28 146
41 199
41 193
17 278
76 389
23 451
82 315
53 231
19 69
35 318
81 218
31 165
25 174
81 321
99 482
31 21
17 417
37 308
87 340
31 258
66 52
21 451
12 393
82 223
35 422
66 73
51 44
70 41
33 72
43 400
22 306
35 348
30 148
49 97
69 416
42 292
42 266
96 403
49 234
69 410
7 223
47 181
58 421
29 446
15 252
99 269
93 54
13 68
90 462
15 201
38 203
26 369
12 137
46 23
64 214
30 336
21 162
68 130
94 29
55 27
63 339
60 269
66 22
57 28
48 283
30 349
83 159
49 139
77 424
55 192
73 33
64 160
95 418
8 161
68 198
82 311
29 487
16 428
52 476
90 50
51 111
26 148
53 128
27 318
35 391
88 493
57 150
2 244
53 335
15 481
7 105
46 35
64 242
2 181
43 490
45 40
43 90
6 363
45 140
80 336
31 318
67 190
18 42
78 258
48 294
27 327
59 129
43 392
96 18
25 124
97 328
80 88
57 392
47 333
60 109
58 200
44 73
49 480
75 492
77 96
66 405
85 486
34 164
2 500
49 489
11 341
46 208
60 260
39 486
78 234
55 267
52 58
95 125
86 398
58 205
31 64
78 318
88 111
71 367
8 244
75 78
14 137
60 296
92 161
55 275
9 483
29 403
79 385
11 392
94 377
62 25
54 359
53 140
42 308
5 246
27 128
57 226
46 84
82 248
10 139
32 271
37 127
25 85
51 107
95 484
86 344
44 164
58 197
28 82
32 4
78 316
83 404
99 283
65 64
70 278
17 378
98 398
16 290
64 473
11 398
66 196
27 119
93 17
93 462
48 151
25 392
73 350
52 424
12 66
98 156
21 184
73 274
34 104
99 233
86 338
70 71
9 28
46 227
94 285
74 162
66 272
58 19
53 96
86 447
66 392
4 333
24 470
57 323
34 385
34 39
45 117
94 438
61 57
82 372
12 143
24 105
79 122
84 166
43 181
65 287
53 232
70 277
68 409
55 89
82 42
32 365
70 206
8 219
58 357
79 200
38 256
4 382
64 282
95 115
11 454
94 258
97 130
83 392
96 189
27 407
28 457
9 498
22 48
21 318
74 398
3 177
83 156
81 279
40 287
84 285
3 338
91 62
99 406
88 292
8 398
3 207
86 372
85 147
6 376
9 235
40 482
28 39
14 498
52 466
5 364
17 393
69 294
59 321
17 64
45 196
4 239
70 99
32 306
52 75
55 37
89 218
65 255
33 321
34 187
22 53
37 123
24 14
42 330
25 256
67 193
76 13
87 289
64 165
26 291
8 282
1 12
58 87
11 424
80 43
27 135
33 306
44 368
2 141
1 174
64 16
99 159
4 277
9 152
65 395
19 143
59 125
4 73
31 297
89 173
85 450
18 37
58 470
83 309
43 53
98 349
8 175
46 300
79 196
52 227
1 70
4 211
90 367
59 152
25 234
12 295
75 33
29 174
38 369
30 463
58 90
88 152
19 326
75 423
2 57
79 435
50 314
49 345
96 341
75 332
74 276
49 344
47 465
33 246
71 455
24 147
52 481
68 198
57 404
13 24
35 448
22 367
49 471
52 203
79 186
33 346
53 321
55 366
15 425
89 360
69 384
56 156
78 457
73 56
23 367
63 339
2 233
6 488
14 309
8 324
21 438
5 305
64 463
98 476
39 317
