300
1.0 0.6 0.7 0.49 0.25 
40 25
37 196
34 62
40 67
86 232
43 256
49 20
32 122
88 300
52 95
55 276
27 222
36 274
28 214
69 265
71 293
27 42
28 78
32 152
50 249
96 275
38 198
19 279
16 238
89 267
41 290
41 208
67 296
23 60
76 152
16 101
23 287
10 87
89 208
72 112
50 161
24 189
12 17
15 242
26 88
3 250
39 91
21 204
64 166
82 300
75 100
83 243
59 58
93 55
77 169
68 101
74 6
44 296
23 187
49 215
11 193
1 251
46 257
30 184
50 52
31 191
31 126
15 184
42 283
4 126
40 285
68 156
73 74
25 279
62 179
43 102
63 281
92 257
18 60
30 15
22 290
58 31
40 207
10 87
99 84
34 4
24 212
69 73
16 283
45 154
19 234
52 300
36 44
60 212
83 45
5 254
5 252
15 230
34 298
84 214
67 190
97 5
31 120
86 79
11 267
60 217
42 206
2 21
46 78
56 21
78 167
59 105
64 138
74 42
68 68
84 270
53 29
93 150
51 170
11 167
68 136
89 172
90 175
92 81
3 263
63 194
2 39
45 264
31 276
79 221
65 184
49 174
77 185
82 201
60 132
32 229
82 11
53 160
72 84
38 127
12 231
11 33
79 288
9 190
68 149
87 299
85 171
11 123
43 97
74 124
82 41
35 36
44 220
42 300
78 57
77 228
19 78
51 113
48 166
58 263
56 295
87 66
39 168
53 185
94 171
20 170
26 10
70 169
82 183
10 23
12 174
83 43
13 47
5 286
59 58
62 208
23 12
5 163
52 15
17 131
88 221
19 143
69 102
1 272
36 172
20 107
1 236
88 62
86 132
48 4
94 103
67 181
74 58
93 199
63 117
45 110
55 49
40 239
35 81
2 68
54 71
5 8
5 135
88 26
42 275
85 247
1 254
31 86
90 291
15 269
58 57
77 54
90 225
39 19
14 284
69 14
30 192
87 60
21 266
50 18
56 206
51 28
42 122
84 182
17 152
98 292
65 40
6 70
15 219
97 49
57 30
66 186
50 250
10 40
62 45
28 132
2 15
10 2
56 184
21 66
13 261
89 2
67 5
60 131
71 241
75 235
46 92
55 223
85 99
16 229
50 117
52 153
17 107
73 292
51 75
1 274
96 170
82 83
72 12
48 133
7 16
64 216
18 185
13 14
13 261
71 86
87 109
49 184
33 222
12 296
93 79
73 297
61 107
36 49
17 170
48 151
64 136
51 144
54 114
2 210
49 90
98 135
15 145
24 230
52 204
17 29
34 261
43 128
75 280
71 230
16 278
38 194
67 77
93 99
60 58
23 105
29 56
62 260
72 46
71 59
87 249
11 208
32 268
31 195
46 289
