350
1.0 0.84 0.58 0.44 0.25 
7 185
55 259
50 273
19 277
79 51
88 195
58 228
77 257
36 35
50 6
73 75
9 86
79 144
37 279
58 298
32 112
90 200
95 106
6 184
90 231
52 114
1 54
41 138
44 31
76 276
80 70
94 211
58 69
46 42
94 41
56 158
18 256
3 214
10 226
35 152
14 18
81 164
57 111
24 160
64 278
75 30
69 15
94 117
43 46
44 144
76 295
76 188
1 17
65 143
53 219
95 200
31 10
27 204
6 19
62 48
28 88
31 143
29 108
81 277
33 345
16 203
15 102
45 169
54 285
69 119
36 272
58 182
44 37
54 99
26 110
10 180
11 17
31 85
53 28
40 215
15 22
4 197
85 103
19 70
33 11
52 61
58 133
79 308
38 63
17 81
38 37
70 166
80 202
22 68
24 18
13 70
56 173
45 17
15 340
42 131
24 17
83 296
24 91
8 121
22 64
95 207
40 187
5 185
21 277
37 25
65 81
50 270
45 246
68 141
55 79
11 22
72 206
73 102
52 93
19 191
80 160
75 80
55 221
79 268
97 121
99 164
43 52
46 5
69 185
71 323
45 321
44 330
13 6
85 239
90 324
63 197
11 102
40 180
10 54
66 99
52 228
80 234
9 13
43 34
53 217
84 263
18 305
46 322
45 76
60 234
6 325
52 243
93 89
39 261
21 47
99 335
23 225
20 94
76 239
10 44
72 28
26 23
98 2
71 40
34 84
71 230
96 167
64 343
52 329
60 238
8 153
83 28
9 258
15 128
63 188
4 201
91 325
47 67
57 110
94 242
59 169
67 274
71 11
84 258
30 253
59 254
18 71
41 70
55 273
69 88
69 319
8 191
91 98
60 56
37 276
74 12
58 194
44 116
40 338
47 195
61 121
24 350
87 44
25 346
74 222
10 91
82 348
24 114
37 206
61 27
49 231
29 155
61 205
38 316
88 201
40 150
66 152
72 286
1 275
66 142
8 10
58 196
60 244
82 157
2 309
40 192
48 192
1 250
86 178
3 297
66 301
3 173
41 126
97 140
81 241
98 283
2 68
71 25
24 209
78 283
50 42
68 215
57 331
28 249
38 211
34 50
40 97
63 271
56 20
35 95
8 157
95 325
31 54
47 37
29 93
27 338
87 334
92 44
83 124
18 26
72 176
86 249
65 215
8 92
71 162
87 198
29 266
99 142
48 10
88 313
47 293
67 22
54 89
95 183
83 238
17 327
57 137
5 267
46 162
61 139
42 20
83 283
23 350
64 13
67 273
35 271
23 98
48 194
74 151
77 282
22 223
79 127
99 150
77 284
83 132
4 316
47 212
56 142
61 226
81 189
70 282
49 335
55 303
99 330
81 304
79 284
68 239
53 127
73 24
98 31
30 166
11 95
13 204
83 312
87 288
26 144
65 183
83 26
22 79
71 106
81 168
44 320
95 316
40 249
8 208
42 289
18 264
13 345
50 6
59 218
36 339
82 14
50 34
94 15
77 13
37 306
77 189
26 350
26 282
79 254
80 342
46 334
10 171
93 301
1 140
90 331
52 303
5 34
42 225
17 344
48 348
6 86
55 289
13 302
56 208
