500
21 1 55 17
4 27 32 15
11 27 49 7
7 26 37 17
2 29 31 17
4 8 16 8
30 23 64 4
9 29 61 14
14 7 40 12
10 22 62 14
13 18 69 5
22 7 54 20
4 9 44 19
3 23 60 17
10 26 47 17
26 27 61 16
30 17 69 17
14 8 61 18
22 14 58 8
19 18 60 11
15 12 50 5
2 2 38 4
25 24 56 19
11 21 59 9
28 20 86 12
4 30 60 14
28 23 63 2
21 25 52 11
11 26 57 14
28 3 36 6
23 25 72 18
15 20 69 6
12 25 38 15
26 12 41 8
9 24 52 1
28 10 53 8
23 20 52 9
7 9 55 2
7 22 49 4
16 19 50 16
15 18 41 6
27 3 54 3
9 28 67 12
12 23 52 13
27 30 92 8
24 8 44 15
20 25 69 5
19 26 71 4
11 2 50 5
15 28 46 3
29 8 71 16
6 5 14 13
6 28 68 1
9 3 16 5
4 13 28 19
23 4 32 20
22 13 56 9
12 12 42 18
25 3 62 16
18 17 62 16
11 5 28 10
30 25 63 15
21 20 59 13
3 7 35 20
9 14 63 9
12 1 13 11
24 18 62 4
21 29 81 12
25 1 51 15
13 10 23 8
11 4 20 17
19 22 55 19
10 6 39 5
4 8 24 16
24 16 69 6
16 15 68 19
23 23 62 6
3 11 20 10
21 29 74 14
7 2 43 13
10 12 42 8
26 13 39 2
15 24 77 18
5 27 33 19
14 18 33 17
27 6 61 4
4 2 19 14
11 1 22 18
17 2 50 9
1 21 33 20
5 19 32 16
30 10 65 8
20 5 54 15
15 23 72 6
27 22 51 9
8 15 43 5
9 9 46 20
11 5 44 12
29 28 82 15
27 25 83 15
15 2 29 5
12 28 56 3
30 10 71 9
24 4 31 11
30 29 78 15
29 24 74 2
7 1 37 20
18 19 56 18
1 17 31 16
25 26 90 4
21 30 77 1
5 23 39 10
10 3 44 18
2 14 55 1
14 29 54 8
9 18 39 2
16 6 31 14
18 11 66 10
6 9 25 10
18 1 21 14
24 2 49 15
1 6 25 11
6 3 13 4
16 27 50 1
24 10 47 13
18 7 54 14
30 12 56 10
28 2 67 9
14 16 41 15
14 28 80 4
11 15 48 5
17 1 29 3
15 5 46 10
4 30 67 6
11 9 52 4
22 25 64 12
24 20 71 4
14 21 54 4
30 3 38 10
17 29 66 4
3 20 24 15
14 22 65 2
1 28 45 5
29 23 56 14
17 2 53 13
2 18 47 2
8 26 69 2
14 17 36 18
3 25 58 1
13 2 21 4
3 30 41 9
13 28 44 12
11 3 52 20
6 24 51 8
30 15 58 7
9 19 43 3
25 6 31 4
22 24 73 15
16 28 44 14
30 24 76 2
17 20 60 5
3 12 31 19
2 29 36 15
10 26 76 2
1 7 13 8
19 28 70 11
6 11 25 18
13 11 26 13
27 1 30 17
4 17 33 2
26 8 62 7
25 12 39 11
23 29 83 11
3 19 55 15
10 3 20 6
6 19 48 4
23 5 57 9
25 23 61 9
13 10 52 5
17 25 45 16
9 29 78 2
24 9 65 3
27 17 79 11
4 15 29 6
15 5 39 6
26 6 52 12
18 7 52 8
2 12 30 6
20 24 51 15
7 2 33 12
9 26 51 14
23 19 42 8
28 5 44 8
10 10 23 16
6 2 27 20
29 2 69 17
11 3 26 18
26 26 52 7
17 9 37 1
27 1 63 5
12 17 32 14
17 11 62 16
2 22 26 20
13 25 45 20
12 11 55 2
23 23 54 20
11 27 48 16
11 12 26 17
30 1 69 11
25 27 81 14
23 17 77 1
29 20 59 1
4 17 30 6
25 12 45 16
30 26 89 20
3 4 11 1
1 22 30 5
9 22 42 18
10 5 50 8
21 6 67 14
18 4 39 7
7 9 30 17
15 30 65 2
2 8 21 16
20 7 61 10
11 29 69 5
26 10 76 19
5 9 43 5
23 4 53 12
13 21 72 19
24 10 49 4
28 4 57 9
8 25 41 9
28 26 92 16
15 9 37 14
6 19 63 5
19 29 81 10
18 18 37 18
3 1 24 14
30 21 75 11
15 28 62 8
25 3 66 8
3 14 30 12
7 17 64 1
4 28 65 12
15 12 46 5
23 23 72 3
8 13 54 5
17 22 68 9
6 10 51 11
5 22 34 13
3 28 48 18
7 4 42 13
10 28 60 9
18 4 36 5
26 30 58 14
17 30 69 11
11 15 41 17
29 1 45 9
16 20 55 18
14 9 25 6
1 3 39 2
13 1 28 19
9 12 30 2
26 22 58 1
11 18 55 14
3 7 36 12
20 21 80 20
22 25 75 18
25 12 60 17
4 26 54 8
29 6 72 15
17 8 31 11
8 1 24 7
5 21 47 1
11 21 54 11
23 23 64 19
16 8 61 7
6 21 67 5
16 26 71 2
21 25 64 11
2 19 53 5
12 12 45 17
8 8 34 17
11 29 59 17
27 19 77 2
19 13 64 3
17 11 34 18
9 24 72 7
5 27 44 13
27 27 77 17
25 17 76 5
21 8 58 20
18 24 69 8
16 30 54 2
5 11 42 11
7 8 42 13
24 28 65 5
24 28 72 3
25 1 38 9
13 20 38 3
22 29 57 20
15 26 44 1
7 14 33 1
10 24 37 11
5 21 64 12
19 24 55 7
24 30 89 4
23 11 45 14
28 12 68 13
20 5 32 14
29 21 54 18
8 9 48 8
24 5 46 14
24 15 67 1
16 20 51 20
25 29 67 15
13 20 61 20
23 15 49 2
2 20 22 6
3 22 64 4
13 15 29 19
17 20 48 18
21 24 81 1
21 17 52 14
19 16 56 3
5 5 10 3
14 5 37 8
12 26 66 9
28 27 88 12
28 18 70 3
24 27 65 11
14 18 40 20
23 17 77 8
24 24 58 1
4 27 44 20
22 3 56 10
20 11 58 9
6 27 43 11
9 3 18 1
25 4 59 20
20 28 74 18
10 9 28 17
30 13 58 18
18 10 52 20
3 27 56 13
24 22 74 14
26 19 67 19
12 29 69 10
6 10 18 15
30 28 83 11
24 5 49 8
27 20 73 7
10 15 56 17
7 4 50 10
22 19 53 12
11 9 42 11
12 23 57 2
28 24 74 3
11 14 65 17
22 16 39 17
1 21 45 6
25 14 43 14
11 26 52 17
4 30 72 1
10 17 61 9
2 12 38 12
21 10 67 19
20 22 46 8
18 6 31 9
12 24 37 20
1 15 52 19
19 1 49 20
30 24 68 5
7 4 32 1
28 26 76 17
12 22 60 1
5 26 55 14
26 2 51 7
10 26 37 19
4 2 41 9
20 24 81 12
21 27 52 9
19 28 59 11
30 1 71 6
9 3 25 11
3 12 27 2
20 29 72 6
25 25 85 9
3 3 29 9
25 3 66 19
29 27 80 9
13 26 59 12
11 7 50 5
14 12 48 11
24 4 58 13
9 4 49 6
8 6 35 14
28 3 35 7
1 27 54 3
1 12 26 11
25 11 43 15
19 26 82 4
14 2 51 17
14 4 22 2
7 20 67 18
8 25 62 20
19 4 57 13
16 8 58 14
13 19 48 4
16 12 64 19
27 1 57 1
8 29 61 12
26 9 49 12
23 21 79 16
22 3 29 14
23 16 52 1
1 20 34 2
15 14 69 13
12 21 37 19
4 29 33 12
27 6 54 7
13 12 56 7
13 2 43 4
14 13 38 6
21 25 85 13
28 22 63 8
16 6 60 16
26 12 71 9
25 10 65 20
5 24 47 3
13 5 44 12
15 13 55 6
15 15 33 15
13 22 75 8
21 28 55 14
11 30 50 7
23 27 57 8
17 12 36 12
27 28 80 5
5 27 72 4
3 23 39 6
13 21 45 6
21 30 90 12
23 21 71 14
23 13 72 9
4 25 59 4
15 7 33 10
23 12 56 18
22 9 53 8
14 26 60 15
15 14 57 9
23 11 37 12
28 5 33 2
7 18 30 15
7 1 15 20
4 11 48 15
21 2 32 3
12 17 45 8
28 30 60 16
20 22 72 2
8 12 33 16
9 3 50 11
7 29 68 9
2 5 8 2
12 25 65 9
5 1 36 11
23 19 59 12
11 20 32 14
13 15 56 18
4 13 31 3
19 22 60 2
4 12 50 11
15 7 24 19
12 4 26 9
2 16 53 13
29 15 82 13
25 1 56 10
26 25 87 10
12 20 54 19
14 14 60 8
10 30 48 15
17 29 58 4
19 28 52 5
9 3 34 7
10 30 62 11
22 12 69 6
24 19 67 8
15 18 62 14
9 9 25 10
18 12 36 1
11 15 31 10
3 1 26 18
20 25 47 7
16 3 29 3
2 11 33 4
14 2 51 8
9 29 56 18
20 27 58 1
26 15 79 16
