50
19 7 44 1
24 26 58 9
16 6 37 19
5 19 47 3
14 23 40 2
24 5 36 10
29 22 73 17
1 8 12 8
26 12 66 14
18 7 47 11
24 30 81 5
15 30 53 10
30 16 63 9
14 3 47 3
30 8 67 1
10 26 70 5
27 25 92 1
8 19 43 12
10 28 46 7
23 27 79 16
4 29 57 10
18 5 25 5
12 26 76 7
19 15 54 20
24 2 47 4
10 8 35 11
5 4 43 16
5 23 40 19
18 3 30 2
28 29 61 10
6 17 50 19
7 14 41 17
18 17 45 13
7 11 41 16
1 16 41 14
28 11 54 2
30 16 64 13
28 29 67 7
17 14 52 10
22 25 81 6
26 22 69 3
26 28 87 18
8 2 44 9
6 7 33 1
12 27 57 3
25 15 46 9
29 2 61 9
1 3 14 8
23 22 69 17
6 13 53 10
