100
24 30 81 5
7 14 41 17
25 19 63 3
26 21 57 1
14 28 82 6
5 12 41 8
16 6 37 19
6 7 33 1
1 8 12 8
27 6 69 13
5 19 47 3
4 29 57 10
5 23 40 19
18 17 45 13
30 8 67 1
10 4 50 3
28 14 69 17
4 27 71 7
24 5 36 10
18 14 62 20
10 20 67 4
30 16 63 9
23 5 66 15
28 11 54 2
13 15 58 13
10 8 35 11
29 2 61 9
28 29 67 7
13 21 60 8
9 29 48 8
15 30 53 10
14 23 40 2
5 29 34 9
18 5 25 5
14 3 47 3
10 28 46 7
20 10 36 6
4 16 31 2
18 3 30 2
5 24 43 3
26 12 66 14
30 16 64 13
1 3 14 8
27 25 92 1
29 3 38 12
15 7 55 15
19 15 54 20
7 11 41 16
24 2 47 4
26 28 87 18
27 7 71 2
20 4 33 19
12 26 76 7
12 27 57 3
8 9 24 7
1 16 41 14
29 22 73 17
5 12 43 15
5 4 43 16
14 1 53 3
10 26 70 5
28 9 68 10
13 13 29 10
17 12 66 10
24 26 58 9
3 28 52 7
22 22 50 14
23 27 79 16
8 19 43 12
22 22 65 19
28 29 61 10
28 18 85 11
11 10 33 17
17 14 52 10
16 19 55 5
27 2 49 8
14 24 39 9
21 10 42 5
12 6 44 1
30 9 60 1
19 7 44 1
25 15 46 9
17 6 40 11
28 8 37 11
8 2 44 9
6 13 53 10
6 17 50 19
23 4 42 10
23 22 69 17
22 25 81 6
27 22 61 16
18 7 47 11
6 24 39 6
21 21 71 7
26 22 69 3
4 23 60 14
5 12 53 3
4 25 64 10
14 13 33 20
9 13 26 20
