250
4 5 29 7
13 6 43 14
4 23 60 14
18 8 55 8
27 2 49 8
18 18 65 5
9 27 45 11
6 13 36 1
25 15 46 9
23 5 66 15
21 13 61 3
9 29 48 8
22 10 42 18
3 4 34 10
27 30 61 1
13 8 60 4
16 7 29 14
13 5 22 8
10 3 41 1
5 19 39 4
26 12 66 14
10 10 49 2
22 9 65 1
23 20 70 9
28 8 37 11
26 24 53 17
7 14 41 17
23 26 87 18
28 16 67 14
8 9 24 7
13 21 60 8
23 11 68 16
6 29 55 7
28 14 69 17
29 7 51 19
22 22 67 9
6 24 39 6
25 12 46 14
28 9 68 10
3 28 52 7
29 3 38 12
23 3 39 5
10 14 63 20
5 18 46 2
11 10 33 17
5 23 40 19
21 10 42 5
1 16 41 14
22 8 32 19
12 26 76 7
23 27 79 16
22 22 50 14
10 27 51 1
30 9 60 1
22 27 81 15
4 27 71 7
28 29 67 7
6 19 63 3
24 30 81 5
14 26 44 11
22 22 65 19
19 5 56 11
4 19 23 9
17 30 61 8
29 17 75 15
5 29 34 9
3 11 53 9
16 6 37 19
21 15 64 16
7 22 56 5
25 22 87 14
27 7 60 3
19 14 46 2
15 7 55 15
26 22 69 3
27 24 60 11
24 2 47 4
28 10 63 14
20 10 36 6
7 19 64 8
4 16 31 2
16 10 40 9
6 7 33 1
17 12 66 10
16 24 62 3
6 3 37 1
10 4 50 3
12 18 35 19
5 12 53 3
14 23 40 2
19 15 54 20
1 3 14 8
6 5 16 17
12 6 44 1
8 20 59 13
20 30 53 13
30 16 64 13
13 14 67 3
4 1 30 17
21 18 56 17
29 22 73 17
1 2 30 18
12 9 26 5
7 11 41 16
13 19 43 17
17 9 65 8
6 13 53 10
27 28 77 4
26 24 89 15
11 10 21 7
11 3 17 7
16 16 56 10
30 9 68 8
12 4 19 14
20 4 33 19
17 14 52 10
29 15 82 1
10 20 67 4
2 14 51 4
30 21 70 7
23 29 83 1
3 16 48 1
9 3 36 2
27 23 55 11
7 19 58 10
10 28 46 7
18 3 30 2
5 24 43 3
14 8 24 19
16 19 55 5
27 12 39 9
24 26 58 9
21 21 71 7
6 6 32 20
4 25 64 10
28 11 58 17
28 29 96 9
23 13 61 13
10 24 60 11
7 18 54 10
5 12 43 15
29 13 54 12
14 14 44 16
27 30 61 1
29 2 61 9
16 4 49 9
6 19 46 14
19 1 45 3
23 4 42 10
10 26 70 5
3 26 61 12
23 28 76 18
5 11 30 6
2 14 24 3
22 25 81 6
25 28 56 8
27 25 92 1
18 30 71 19
12 27 57 3
5 4 43 16
6 17 50 19
30 16 63 9
27 6 69 13
28 17 71 7
25 19 63 3
27 7 71 2
24 16 66 19
5 12 41 8
9 12 29 8
20 9 35 10
4 13 21 18
23 22 69 17
3 19 49 2
16 14 52 2
9 2 40 5
12 18 47 9
19 7 44 1
4 29 57 10
14 1 53 3
27 26 73 18
24 5 36 10
10 8 35 11
15 30 53 10
26 21 57 1
8 19 43 12
19 18 65 5
18 27 46 10
14 13 33 20
9 28 65 2
14 11 51 2
22 3 29 19
26 8 60 9
14 3 47 3
19 3 54 12
4 5 9 18
28 11 54 2
30 8 67 1
17 3 34 16
21 30 85 2
1 15 32 7
11 19 47 20
13 13 29 10
16 14 62 4
5 26 58 16
16 16 40 11
28 29 61 10
29 23 56 10
24 1 46 15
3 27 61 20
2 29 33 5
27 13 67 6
17 6 40 11
26 28 87 18
26 26 92 12
23 10 49 20
13 12 53 8
29 3 65 14
4 15 47 20
9 13 26 20
1 8 12 8
18 7 47 11
1 6 11 5
13 21 71 10
18 14 62 20
8 2 44 9
18 5 25 5
26 23 79 10
5 19 47 3
18 30 48 2
22 26 70 10
28 3 71 5
11 14 29 13
26 25 73 13
16 10 65 18
10 30 44 10
9 1 33 1
22 25 61 11
18 17 45 13
5 3 30 3
8 14 50 11
27 22 61 16
14 24 39 9
14 28 82 6
18 21 45 19
18 28 46 18
13 15 58 13
21 29 61 5
8 13 60 1
28 18 85 11
3 24 60 14
