350
11 26 57 14
17 1 29 3
17 30 69 11
9 9 46 20
22 7 54 20
30 13 58 18
23 17 77 8
15 14 69 13
7 1 37 20
7 8 42 13
9 28 67 12
10 24 37 11
10 26 76 2
13 19 48 4
19 26 71 4
22 3 29 14
16 15 68 19
30 28 83 11
8 9 48 8
7 2 43 13
18 1 21 14
1 15 52 19
16 8 61 7
15 2 29 5
24 2 49 15
23 4 32 20
8 13 54 5
11 4 20 17
12 29 69 10
15 15 33 15
29 8 71 16
3 25 58 1
23 27 57 8
16 8 58 14
25 26 90 4
18 6 31 9
15 26 44 1
6 5 14 13
29 23 56 14
7 4 32 1
26 15 79 16
11 3 26 18
28 22 63 8
23 29 83 11
2 22 26 20
1 17 31 16
23 19 59 12
11 12 26 17
14 17 36 18
15 28 62 8
24 19 67 8
25 6 31 4
14 21 54 4
11 3 52 20
20 24 81 12
19 16 56 3
21 24 81 1
15 5 39 6
19 22 55 19
2 12 38 12
3 1 26 18
13 12 56 7
14 14 60 8
15 24 77 18
27 30 92 8
29 20 59 1
8 25 41 9
2 2 38 4
24 28 72 3
28 30 60 16
14 18 40 20
11 9 42 11
1 21 33 20
3 7 36 12
29 15 82 13
21 2 32 3
12 17 45 8
20 5 32 14
4 30 67 6
12 28 56 3
25 1 38 9
13 18 69 5
4 2 19 14
30 29 78 15
25 27 81 14
14 2 51 17
28 26 92 16
4 17 30 6
23 13 72 9
17 29 66 4
29 21 54 18
14 28 80 4
7 4 42 13
17 2 50 9
4 9 44 19
21 25 85 13
1 21 45 6
15 28 46 3
2 11 33 4
6 9 25 10
14 29 54 8
22 13 56 9
25 24 56 19
2 18 47 2
14 5 37 8
7 14 33 1
19 26 82 4
10 17 61 9
20 11 58 9
23 21 79 16
27 1 57 1
5 21 64 12
11 2 50 5
25 23 61 9
29 1 45 9
7 1 15 20
6 3 13 4
22 3 56 10
30 10 71 9
17 11 34 18
29 2 69 17
28 3 35 7
14 26 60 15
8 6 35 14
10 30 62 11
9 29 78 2
11 21 59 9
20 25 47 7
16 28 44 14
24 5 49 8
10 22 62 14
18 10 52 20
6 11 25 18
28 4 57 9
17 25 45 16
4 28 65 12
27 20 73 7
21 17 52 14
8 15 43 5
4 27 32 15
27 19 77 2
7 4 50 10
20 5 54 15
24 4 31 11
4 15 29 6
20 22 72 2
17 2 53 13
2 19 53 5
16 20 55 18
3 11 20 10
6 24 51 8
20 29 72 6
15 20 69 6
15 18 41 6
25 10 65 20
24 18 62 4
1 12 26 11
26 19 67 19
11 15 48 5
18 24 69 8
22 19 53 12
7 22 49 4
15 12 46 5
12 1 13 11
10 15 56 17
25 14 43 14
5 11 42 11
12 22 60 1
28 18 70 3
6 10 18 15
11 15 31 10
22 16 39 17
15 18 62 14
28 12 68 13
5 23 39 10
25 12 39 11
6 21 67 5
3 3 29 9
9 9 25 10
12 25 38 15
25 3 62 16
7 2 33 12
11 29 69 5
4 13 31 3
16 12 64 19
6 19 48 4
23 21 71 14
21 27 52 9
12 26 66 9
23 12 56 18
23 5 57 9
21 25 52 11
18 17 62 16
19 24 55 7
4 27 44 20
28 10 53 8
12 25 65 9
24 8 44 15
26 9 49 12
4 29 33 12
23 23 54 20
17 8 31 11
26 12 41 8
7 20 67 18
9 14 63 9
26 8 62 7
4 13 28 19
5 21 47 1
4 26 54 8
4 8 16 8
25 12 45 16
17 20 60 5
9 3 16 5
25 1 51 15
20 24 51 15
27 22 51 9
16 30 54 2
10 30 48 15
10 12 42 8
24 10 47 13
19 22 60 2
29 27 80 9
11 5 28 10
8 26 69 2
23 20 52 9
30 24 76 2
14 12 48 11
2 5 8 2
11 7 50 5
30 26 89 20
6 19 63 5
14 13 38 6
22 29 57 20
13 15 56 18
11 27 48 16
26 6 52 12
1 7 13 8
23 16 52 1
14 16 41 15
10 3 44 18
16 20 51 20
13 21 45 6
18 11 66 10
19 28 59 11
15 9 37 14
3 23 60 17
1 6 25 11
2 20 22 6
10 26 37 19
14 7 40 12
4 11 48 15
2 16 53 13
30 1 71 6
17 11 62 16
27 1 63 5
27 25 83 15
24 9 65 3
27 3 54 3
26 27 61 16
9 29 61 14
25 3 66 19
15 7 33 10
12 21 37 19
12 17 32 14
18 4 36 5
17 22 68 9
9 3 25 11
14 18 33 17
4 25 59 4
3 20 24 15
5 19 32 16
15 23 72 6
17 9 37 1
12 20 54 19
11 18 55 14
4 17 33 2
10 9 28 17
4 30 60 14
29 24 74 2
28 20 86 12
25 12 60 17
11 27 49 7
24 10 49 4
11 21 54 11
9 4 49 6
21 28 55 14
2 8 21 16
5 27 33 19
5 5 10 3
27 28 80 5
11 5 44 12
25 25 85 9
3 7 35 20
15 30 65 2
26 25 87 10
3 28 48 18
18 12 36 1
13 11 26 13
28 23 63 2
4 30 72 1
10 3 20 6
19 29 81 10
26 13 39 2
21 8 58 20
5 9 43 5
6 28 68 1
13 20 38 3
21 30 90 12
23 25 72 18
25 17 76 5
19 18 60 11
25 4 59 20
30 25 63 15
13 2 21 4
14 9 25 6
7 9 55 2
3 30 41 9
23 23 72 3
30 12 56 10
18 19 56 18
29 6 72 15
16 19 50 16
5 1 36 11
11 1 22 18
5 27 44 13
30 3 38 10
12 23 52 13
3 12 31 19
24 24 58 1
10 6 39 5
28 5 33 2
15 12 50 5
15 13 55 6
12 12 45 17
2 12 30 6
26 10 76 19
13 2 43 4
10 10 23 16
14 22 65 2
13 22 75 8
19 4 57 13
2 14 55 1
3 4 11 1
6 27 43 11
6 2 27 20
11 15 41 17
1 3 39 2
13 25 45 20
3 22 64 4
13 5 44 12
