400
1 21 33 20
11 15 31 10
8 25 41 9
15 13 55 6
3 20 24 15
23 16 52 1
4 9 44 19
13 10 52 5
6 24 51 8
15 24 77 18
30 26 89 20
24 2 49 15
26 19 67 19
12 23 52 13
6 9 25 10
7 1 15 20
10 5 50 8
8 9 48 8
3 28 48 18
6 3 13 4
29 15 82 13
22 7 54 20
11 2 50 5
11 18 55 14
9 14 63 9
6 21 67 5
24 10 49 4
6 5 14 13
28 30 60 16
28 4 57 9
21 24 81 1
23 29 83 11
17 2 53 13
13 15 56 18
28 24 74 3
22 29 57 20
27 27 77 17
22 16 39 17
18 17 62 16
1 12 26 11
6 19 63 5
17 22 68 9
28 3 36 6
8 8 34 17
11 5 28 10
13 11 26 13
23 19 59 12
14 16 41 15
9 9 25 10
6 19 48 4
12 1 13 11
14 22 65 2
17 8 31 11
9 3 25 11
24 28 72 3
16 27 50 1
7 14 33 1
17 25 45 16
17 20 60 5
17 30 69 11
4 11 48 15
3 11 20 10
16 15 68 19
19 29 81 10
11 21 59 9
18 10 52 20
30 28 83 11
3 3 29 9
25 4 59 20
14 5 37 8
21 27 52 9
10 15 56 17
30 24 76 2
14 13 38 6
30 1 71 6
24 5 46 14
5 27 72 4
30 25 63 15
8 15 43 5
11 7 50 5
15 9 37 14
14 18 40 20
4 2 19 14
21 10 67 19
27 6 54 7
15 30 65 2
24 30 89 4
7 8 42 13
23 23 72 3
24 4 31 11
19 22 60 2
13 22 75 8
18 4 36 5
5 11 42 11
17 11 34 18
21 29 74 14
20 24 51 15
23 12 56 18
21 30 90 12
28 20 86 12
19 26 82 4
15 14 57 9
16 8 58 14
3 4 11 1
3 23 60 17
25 10 65 20
9 22 42 18
7 4 32 1
7 1 37 20
30 10 71 9
13 25 45 20
1 21 45 6
26 9 49 12
22 3 29 14
25 26 90 4
20 11 58 9
28 10 53 8
29 28 82 15
18 19 56 18
10 30 62 11
28 18 70 3
7 22 49 4
6 2 27 20
14 14 60 8
15 23 72 6
14 12 48 11
26 6 52 12
23 21 71 14
16 26 71 2
27 25 83 15
15 5 46 10
24 16 69 6
9 29 61 14
14 17 36 18
14 28 80 4
23 17 77 8
25 27 81 14
15 7 33 10
10 10 23 16
24 8 44 15
28 26 92 16
13 20 38 3
15 18 41 6
10 26 47 17
13 19 48 4
16 20 55 18
22 19 53 12
25 23 61 9
9 26 51 14
9 3 34 7
29 2 69 17
23 23 62 6
1 28 45 5
2 22 26 20
29 6 72 15
9 18 39 2
12 25 38 15
11 3 52 20
11 9 42 11
4 26 54 8
10 9 28 17
22 25 75 18
4 25 59 4
11 5 44 12
4 8 16 8
21 28 55 14
18 6 31 9
24 28 65 5
24 22 74 14
23 25 72 18
20 5 54 15
7 20 67 18
28 3 35 7
25 3 62 16
19 28 52 5
29 20 59 1
26 13 39 2
4 12 50 11
13 21 45 6
2 12 30 6
14 21 54 4
29 27 80 9
1 6 25 11
2 16 53 13
1 17 31 16
15 20 69 6
21 8 58 20
12 26 66 9
25 24 56 19
10 3 20 6
23 13 72 9
2 14 55 1
20 22 46 8
23 20 52 9
23 21 79 16
19 4 57 13
12 21 37 19
3 1 26 18
4 27 32 15
23 5 57 9
17 1 29 3
7 4 50 10
3 30 41 9
14 26 60 15
27 1 57 1
2 19 53 5
19 16 56 3
6 10 18 15
28 22 63 8
24 5 49 8
9 3 16 5
20 22 72 2
12 17 45 8
30 29 78 15
13 12 56 7
20 5 32 14
16 19 50 16
13 5 44 12
23 27 57 8
14 8 61 18
4 17 30 6
11 15 41 17
11 3 26 18
7 2 33 12
18 24 69 8
2 5 8 2
2 8 21 16
7 2 43 13
23 4 32 20
9 29 78 2
24 19 67 8
3 25 58 1
25 14 43 14
4 13 31 3
17 29 58 4
15 15 33 15
25 25 85 9
26 15 79 16
11 21 54 11
2 20 22 6
10 26 37 19
20 24 81 12
25 1 38 9
16 30 54 2
10 26 76 2
26 8 62 7
14 29 54 8
13 18 69 5
29 21 54 18
15 18 62 14
9 19 43 3
27 17 79 11
25 11 43 15
12 29 69 10
15 12 46 5
12 20 54 19
15 7 24 19
10 6 39 5
30 1 69 11
13 2 43 4
19 22 55 19
25 6 31 4
3 7 36 12
25 3 66 19
21 2 32 3
10 24 37 11
15 14 69 13
4 28 65 12
15 12 50 5
8 6 35 14
10 30 48 15
23 23 54 20
21 25 52 11
6 27 43 11
8 26 69 2
21 17 52 14
3 12 31 19
25 12 60 17
5 5 10 3
2 12 38 12
15 28 62 8
5 23 39 10
20 25 47 7
29 8 71 16
17 2 50 9
12 22 60 1
10 3 44 18
9 9 46 20
11 15 48 5
19 26 71 4
19 24 55 7
2 11 33 4
14 18 33 17
9 4 49 6
11 26 57 14
4 30 67 6
26 22 58 1
27 3 54 3
4 27 44 20
5 21 64 12
4 29 33 12
28 27 88 12
4 17 33 2
5 21 47 1
30 13 58 18
24 10 47 13
27 22 51 9
30 12 56 10
22 13 56 9
29 1 45 9
29 23 56 14
23 19 42 8
19 18 60 11
25 29 67 15
27 1 63 5
12 25 65 9
16 8 61 7
2 18 47 2
30 3 38 10
11 12 26 17
7 4 42 13
25 3 66 8
11 27 48 16
26 10 76 19
13 20 61 20
25 12 45 16
10 22 62 14
26 25 87 10
14 9 25 6
10 28 60 9
6 28 68 1
12 12 45 17
12 17 32 14
1 3 39 2
16 20 51 20
27 1 30 17
4 30 72 1
30 17 69 17
15 28 46 3
26 27 61 16
28 5 33 2
5 27 33 19
1 7 13 8
27 20 73 7
1 15 52 19
8 29 61 12
28 12 68 13
27 19 77 2
4 15 29 6
11 29 69 5
25 17 76 5
13 2 21 4
17 29 66 4
18 12 36 1
15 2 29 5
24 9 65 3
21 25 85 13
14 7 40 12
10 12 42 8
17 9 37 1
4 13 28 19
16 28 44 14
14 2 51 17
6 11 25 18
27 30 92 8
26 26 52 7
10 17 61 9
24 24 58 1
7 9 55 2
18 11 66 10
8 13 54 5
26 12 41 8
9 28 67 12
25 1 51 15
5 27 44 13
17 11 62 16
18 1 21 14
11 4 20 17
15 26 44 1
11 27 49 7
2 2 38 4
5 19 32 16
11 1 22 18
24 18 62 4
4 30 60 14
27 28 80 5
5 9 43 5
28 23 63 2
3 22 64 4
3 7 35 20
22 3 56 10
16 12 64 19
24 4 58 13
29 24 74 2
25 12 39 11
20 29 72 6
5 1 36 11
19 28 59 11
15 5 39 6
12 28 56 3
