200
23 13 61 13
27 22 61 16
14 23 40 2
22 22 67 9
5 19 39 4
4 29 57 10
10 26 70 5
22 25 81 6
10 24 60 11
27 13 67 6
16 16 56 10
9 13 26 20
12 27 57 3
6 24 39 6
14 3 47 3
10 4 50 3
5 23 40 19
14 13 33 20
11 10 33 17
21 18 56 17
3 28 52 7
7 19 64 8
26 25 73 13
5 3 30 3
27 24 60 11
18 30 71 19
4 16 31 2
5 12 41 8
30 21 70 7
24 2 47 4
22 26 70 10
26 12 66 14
29 22 73 17
21 15 64 16
20 10 36 6
1 3 14 8
13 13 29 10
25 19 63 3
5 24 43 3
19 7 44 1
12 9 26 5
27 30 61 1
14 26 44 11
27 25 92 1
1 2 30 18
20 4 33 19
9 12 29 8
22 22 65 19
16 14 52 2
24 26 58 9
26 24 89 15
8 19 43 12
18 18 65 5
14 8 24 19
5 12 53 3
7 22 56 5
26 22 69 3
4 23 60 14
13 6 43 14
11 10 21 7
6 7 33 1
14 24 39 9
5 29 34 9
24 16 66 19
18 14 62 20
9 28 65 2
17 14 52 10
21 21 71 7
27 2 49 8
23 22 69 17
22 22 50 14
14 11 51 2
14 1 53 3
13 8 60 4
3 27 61 20
14 28 82 6
11 3 17 7
18 28 46 18
17 30 61 8
23 10 49 20
18 17 45 13
24 5 36 10
9 27 45 11
1 8 12 8
16 16 40 11
23 5 66 15
17 12 66 10
18 27 46 10
3 4 34 10
4 15 47 20
13 15 58 13
22 10 42 18
21 29 61 5
10 8 35 11
8 9 24 7
6 13 53 10
10 30 44 10
19 15 54 20
28 29 67 7
4 1 30 17
20 30 53 13
8 2 44 9
30 8 67 1
7 14 41 17
9 1 33 1
10 14 63 20
28 8 37 11
13 21 71 10
29 15 82 1
6 6 32 20
3 16 48 1
17 6 40 11
28 18 85 11
23 27 79 16
4 25 64 10
22 8 32 19
16 14 62 4
27 7 71 2
12 18 47 9
16 10 65 18
16 4 49 9
6 19 63 3
30 16 63 9
21 13 61 3
23 11 68 16
5 26 58 16
4 5 29 7
18 7 47 11
5 4 43 16
29 3 38 12
18 21 45 19
11 19 47 20
8 20 59 13
27 12 39 9
22 9 65 1
22 3 29 19
1 16 41 14
28 11 58 17
1 6 11 5
18 5 25 5
16 19 55 5
5 19 47 3
15 7 55 15
10 10 49 2
19 3 54 12
16 10 40 9
4 5 9 18
26 26 92 12
19 5 56 11
26 8 60 9
13 21 60 8
25 12 46 14
12 26 76 7
21 10 42 5
12 6 44 1
16 6 37 19
13 12 53 8
6 19 46 14
23 4 42 10
29 23 56 10
6 17 50 19
25 15 46 9
26 23 79 10
3 19 49 2
17 3 34 16
9 3 36 2
28 14 69 17
11 14 29 13
3 24 60 14
9 29 48 8
3 26 61 12
18 3 30 2
10 20 67 4
23 29 83 1
20 9 35 10
27 7 60 3
10 28 46 7
5 12 43 15
24 30 81 5
7 18 54 10
15 30 53 10
24 1 46 15
7 11 41 16
4 27 71 7
26 21 57 1
26 28 87 18
19 18 65 5
30 16 64 13
17 9 65 8
6 3 37 1
21 30 85 2
28 11 54 2
30 9 60 1
28 29 61 10
28 9 68 10
27 6 69 13
27 23 55 11
29 2 61 9
28 10 63 14
16 7 29 14
