150
28 18 85 11
24 5 36 10
28 14 69 17
12 18 47 9
7 11 41 16
17 9 65 8
23 22 69 17
28 10 63 14
5 12 53 3
12 9 26 5
30 9 60 1
1 2 30 18
22 22 67 9
28 8 37 11
28 29 67 7
26 21 57 1
11 3 17 7
27 6 69 13
5 12 43 15
15 30 53 10
30 16 64 13
5 23 40 19
16 14 62 4
29 23 56 10
26 12 66 14
3 24 60 14
1 6 11 5
26 22 69 3
7 22 56 5
30 8 67 1
22 25 81 6
7 18 54 10
24 2 47 4
26 24 89 15
30 16 63 9
4 1 30 17
26 28 87 18
11 10 21 7
14 13 33 20
10 28 46 7
10 30 44 10
29 22 73 17
28 29 61 10
6 7 33 1
20 4 33 19
14 23 40 2
29 3 38 12
6 19 63 3
4 23 60 14
18 17 45 13
3 27 61 20
18 14 62 20
14 8 24 19
6 19 46 14
18 28 46 18
7 14 41 17
27 2 49 8
23 27 79 16
1 8 12 8
17 14 52 10
26 25 73 13
14 11 51 2
6 13 53 10
10 20 67 4
12 6 44 1
6 17 50 19
4 29 57 10
5 19 47 3
13 15 58 13
8 19 43 12
28 11 54 2
13 12 53 8
16 10 40 9
9 29 48 8
18 5 25 5
4 5 9 18
27 23 55 11
19 5 56 11
28 9 68 10
18 18 65 5
16 19 55 5
5 24 43 3
29 2 61 9
14 28 82 6
27 25 92 1
16 6 37 19
17 6 40 11
12 26 76 7
25 15 46 9
9 28 65 2
14 26 44 11
21 13 61 3
23 4 42 10
4 25 64 10
17 12 66 10
23 13 61 13
8 9 24 7
18 7 47 11
27 22 61 16
18 21 45 19
24 30 81 5
22 8 32 19
8 2 44 9
10 14 63 20
9 3 36 2
13 13 29 10
21 29 61 5
23 11 68 16
3 16 48 1
20 30 53 13
25 19 63 3
1 16 41 14
5 4 43 16
12 27 57 3
13 21 60 8
14 1 53 3
27 7 71 2
19 3 54 12
16 16 40 11
6 3 37 1
14 3 47 3
19 7 44 1
21 21 71 7
23 29 83 1
1 3 14 8
22 22 50 14
17 3 34 16
27 13 67 6
10 8 35 11
10 26 70 5
28 11 58 17
14 24 39 9
15 7 55 15
10 4 50 3
18 3 30 2
20 10 36 6
24 26 58 9
22 22 65 19
21 10 42 5
11 10 33 17
5 29 34 9
4 16 31 2
9 13 26 20
23 5 66 15
19 15 54 20
6 24 39 6
5 12 41 8
16 7 29 14
4 27 71 7
3 28 52 7
