450
2 22 26 20
23 13 72 9
19 28 59 11
12 29 69 10
18 19 56 18
11 21 54 11
6 19 63 5
13 2 43 4
20 25 47 7
14 29 54 8
22 25 75 18
5 1 36 11
14 14 60 8
19 16 56 3
25 3 62 16
4 12 50 11
1 28 45 5
4 8 16 8
27 28 80 5
3 7 36 12
22 16 39 17
8 29 61 12
13 11 26 13
27 17 79 11
18 1 21 14
22 14 58 8
16 26 71 2
18 17 62 16
4 8 24 16
30 13 58 18
19 13 64 3
19 18 60 11
3 7 35 20
15 20 69 6
17 20 60 5
10 17 61 9
5 5 10 3
15 5 46 10
12 25 65 9
23 16 52 1
17 29 66 4
24 10 49 4
26 19 67 19
23 21 71 14
20 22 46 8
13 25 45 20
11 26 57 14
15 28 62 8
4 27 32 15
15 2 29 5
7 26 37 17
7 22 49 4
12 24 37 20
9 28 67 12
3 22 64 4
14 8 61 18
8 25 62 20
21 25 64 11
1 17 31 16
4 17 30 6
14 2 51 17
25 1 51 15
11 2 50 5
19 22 55 19
10 28 60 9
10 24 37 11
17 11 62 16
10 15 56 17
9 3 25 11
3 27 56 13
28 18 70 3
21 24 81 1
11 1 22 18
5 27 72 4
7 8 42 13
13 15 29 19
21 17 52 14
25 24 56 19
15 13 55 6
17 1 29 3
2 11 33 4
22 3 56 10
24 28 72 3
27 27 77 17
24 5 46 14
9 29 61 14
8 6 35 14
30 12 56 10
4 2 19 14
18 6 31 9
9 3 16 5
14 28 80 4
3 1 26 18
30 21 75 11
7 4 42 13
19 26 71 4
28 3 35 7
30 24 68 5
4 26 54 8
15 15 33 15
24 4 58 13
11 26 52 17
6 28 68 1
30 10 65 8
26 13 39 2
24 22 74 14
24 30 89 4
25 29 67 15
1 7 13 8
27 20 73 7
6 3 13 4
12 1 13 11
14 7 40 12
3 4 11 1
3 3 29 9
16 28 44 14
9 24 72 7
5 21 47 1
3 11 20 10
30 1 71 6
8 25 41 9
1 3 39 2
10 26 47 17
30 26 89 20
30 24 76 2
29 20 59 1
13 22 75 8
23 23 62 6
15 7 33 10
4 25 59 4
12 12 45 17
4 30 72 1
14 9 25 6
17 22 68 9
17 25 45 16
1 12 26 11
5 21 64 12
25 3 66 8
6 27 43 11
12 26 66 9
27 30 92 8
26 15 79 16
7 9 55 2
30 3 38 10
21 25 52 11
23 4 53 12
13 18 69 5
17 20 48 18
24 10 47 13
13 12 56 7
11 21 59 9
13 10 52 5
25 17 76 5
23 19 59 12
3 30 41 9
14 21 54 4
21 30 90 12
6 19 48 4
12 22 60 1
3 12 31 19
11 27 48 16
30 17 69 17
7 1 15 20
25 1 38 9
22 3 29 14
1 15 52 19
20 28 74 18
28 5 44 8
18 12 36 1
18 4 36 5
15 24 77 18
5 23 39 10
23 17 77 1
17 29 58 4
11 12 26 17
26 27 61 16
6 5 14 13
21 10 67 19
11 20 32 14
19 29 81 10
10 6 39 5
5 19 32 16
29 8 71 16
8 26 69 2
11 3 26 18
25 14 43 14
23 12 56 18
4 17 33 2
3 1 24 14
6 10 18 15
23 4 32 20
7 4 50 10
16 15 68 19
25 23 61 9
25 12 39 11
1 22 30 5
11 9 52 4
15 7 24 19
5 9 43 5
20 11 58 9
1 21 45 6
15 14 57 9
6 2 27 20
15 12 46 5
1 27 54 3
9 19 43 3
15 18 41 6
20 24 81 12
21 25 85 13
11 15 48 5
11 5 28 10
28 24 74 3
27 22 51 9
7 2 43 13
4 2 41 9
4 28 65 12
12 20 54 19
4 9 44 19
4 27 44 20
13 21 45 6
9 9 46 20
22 29 57 20
29 23 56 14
20 29 72 6
23 29 83 11
25 26 90 4
9 29 78 2
25 11 43 15
27 1 57 1
16 20 55 18
16 3 29 3
9 3 34 7
24 24 58 1
26 12 71 9
19 26 82 4
10 30 62 11
6 9 25 10
7 29 68 9
14 12 48 11
5 27 33 19
7 17 64 1
10 30 48 15
29 1 45 9
28 10 53 8
12 23 52 13
6 10 51 11
19 22 60 2
9 14 63 9
17 30 69 11
6 11 25 18
27 19 77 2
29 21 54 18
4 30 60 14
11 3 52 20
2 12 30 6
28 4 57 9
26 12 41 8
6 24 51 8
26 8 62 7
24 4 31 11
23 23 64 19
22 7 54 20
9 9 25 10
30 10 71 9
11 14 65 17
2 19 53 5
18 10 52 20
7 20 67 18
15 12 50 5
11 7 50 5
11 9 42 11
24 2 49 15
4 29 33 12
22 19 53 12
13 1 28 19
19 28 52 5
26 10 76 19
26 6 52 12
18 18 37 18
25 12 60 17
16 19 50 16
15 14 69 13
29 6 72 15
10 26 37 19
4 13 31 3
2 16 53 13
23 20 52 9
7 1 37 20
10 10 23 16
25 3 66 19
28 12 68 13
13 2 21 4
2 14 55 1
11 18 55 14
17 8 31 11
15 26 44 1
9 18 39 2
27 3 54 3
29 27 80 9
20 5 54 15
2 12 38 12
12 25 38 15
13 20 38 3
3 12 27 2
7 9 30 17
17 11 34 18
30 25 63 15
28 20 86 12
14 17 36 18
4 13 28 19
11 15 41 17
14 22 65 2
17 2 53 13
7 14 33 1
30 29 78 15
25 10 65 20
26 9 49 12
12 21 37 19
9 4 49 6
22 9 53 8
3 28 48 18
4 30 67 6
20 22 72 2
25 25 85 9
15 23 72 6
16 12 64 19
2 5 8 2
8 8 34 17
13 28 44 12
27 25 83 15
2 20 22 6
18 24 69 8
29 15 82 13
14 18 40 20
28 22 63 8
20 5 32 14
16 8 58 14
23 25 72 18
22 13 56 9
21 6 67 14
8 15 43 5
12 28 56 3
24 8 44 15
4 15 29 6
4 11 48 15
29 28 82 15
29 2 69 17
27 1 63 5
24 28 65 5
28 27 88 12
23 19 42 8
17 2 50 9
15 30 65 2
28 3 36 6
9 22 42 18
11 27 49 7
9 24 52 1
11 30 50 7
16 30 54 2
24 19 67 8
12 17 45 8
20 24 51 15
15 5 39 6
20 7 61 10
1 6 25 11
5 27 44 13
10 9 28 17
27 1 30 17
19 4 57 13
21 2 32 3
3 23 60 17
17 9 37 1
28 5 33 2
14 18 33 17
30 1 69 11
10 12 42 8
14 5 37 8
12 17 32 14
26 22 58 1
11 5 44 12
21 8 58 20
24 16 69 6
23 17 77 8
5 26 55 14
11 15 31 10
7 4 32 1
21 28 55 14
28 30 60 16
28 26 92 16
14 16 41 15
23 23 72 3
14 26 60 15
8 13 54 5
1 21 33 20
29 24 74 2
26 26 52 7
23 27 57 8
2 18 47 2
15 18 62 14
7 2 33 12
10 3 20 6
15 9 37 14
27 6 54 7
23 15 49 2
23 5 57 9
15 28 46 3
13 19 48 4
16 6 60 16
10 22 62 14
10 5 50 8
13 5 44 12
9 3 18 1
13 15 56 18
21 29 74 14
22 25 64 12
18 7 52 8
10 3 44 18
18 11 66 10
24 18 62 4
6 21 67 5
9 26 51 14
2 8 21 16
5 11 42 11
14 13 38 6
8 9 48 8
24 9 65 3
23 23 54 20
13 10 23 8
28 23 63 2
26 25 87 10
2 2 38 4
3 25 58 1
13 20 61 20
19 24 55 7
25 12 45 16
30 28 83 11
16 8 61 7
21 27 52 9
10 26 76 2
24 5 49 8
25 27 81 14
16 20 51 20
25 6 31 4
25 4 59 20
12 11 55 2
3 20 24 15
11 29 69 5
23 21 79 16
16 27 50 1
11 4 20 17
