300
22 9 65 1
13 5 22 8
13 22 43 17
14 13 33 20
7 22 56 5
27 28 77 4
10 10 49 2
12 4 19 14
9 12 29 8
5 29 40 9
18 23 51 6
15 19 74 18
4 5 9 18
16 4 49 9
21 10 42 5
6 13 53 10
18 3 30 2
12 6 44 1
9 13 26 20
10 4 50 3
1 3 14 8
30 21 70 7
21 29 61 5
30 9 68 8
24 30 81 5
11 14 29 13
17 9 65 8
21 13 61 3
30 8 67 1
27 23 55 11
18 5 25 5
4 15 47 20
18 17 45 13
30 16 64 13
14 28 82 6
20 16 69 5
28 29 67 7
25 29 86 10
19 1 45 3
14 26 44 11
28 16 67 14
9 1 33 1
10 3 28 1
9 29 48 8
14 8 24 19
16 6 37 19
4 29 57 10
13 14 67 3
25 12 46 14
7 19 64 8
6 5 16 17
5 24 43 3
16 16 40 11
26 24 53 17
1 15 32 7
22 27 81 15
28 9 68 10
16 16 56 10
10 20 67 4
22 26 70 10
14 3 47 3
17 3 34 16
23 27 79 16
29 22 73 17
20 13 46 20
14 1 53 3
4 21 54 12
28 11 54 2
28 10 63 14
11 10 21 7
6 7 33 1
22 22 67 9
21 30 85 2
25 28 56 8
26 22 69 3
24 1 46 15
24 10 63 12
22 25 61 11
25 22 87 14
5 23 40 19
12 19 68 1
27 6 69 13
27 30 61 1
4 1 30 17
14 29 57 1
2 14 51 4
11 23 36 12
1 17 21 10
24 22 81 6
13 15 58 13
12 18 47 9
29 3 65 14
7 14 41 17
5 12 43 15
22 22 65 19
4 27 71 7
10 8 35 11
23 5 66 15
26 26 92 12
4 5 29 7
21 18 54 3
18 30 49 11
2 29 33 5
26 24 89 15
25 7 62 1
22 10 42 18
27 24 60 11
28 29 96 9
5 11 30 6
6 19 46 14
26 28 87 18
23 28 76 18
10 14 63 20
29 13 54 12
10 24 60 11
8 19 43 12
19 5 56 11
29 2 61 9
25 21 70 18
29 17 75 15
4 19 23 9
27 7 56 13
9 2 40 5
4 13 21 18
23 20 70 9
3 15 38 9
6 17 50 19
17 6 40 11
11 19 47 20
14 23 40 2
9 26 50 13
16 24 62 3
20 30 53 13
24 5 36 10
22 25 81 6
2 14 24 3
23 11 68 16
30 9 60 1
6 29 55 7
1 8 12 8
5 12 41 8
21 15 64 16
17 30 61 8
5 12 53 3
12 9 26 5
10 3 41 1
22 22 50 14
18 8 55 8
5 29 34 9
26 12 66 14
4 23 60 14
19 7 44 1
14 14 44 16
27 2 49 8
1 20 53 17
27 30 73 7
9 3 36 2
15 8 37 16
5 3 30 3
23 15 57 4
29 15 82 1
11 3 17 7
28 18 85 11
18 4 37 6
29 7 51 19
16 10 65 18
15 7 55 15
24 13 66 17
4 25 64 10
5 26 58 16
6 24 39 6
8 9 24 7
7 18 54 10
26 8 60 9
21 8 40 10
23 22 69 17
20 10 36 6
13 12 53 8
28 29 61 10
23 29 83 1
23 4 42 10
18 7 47 11
16 19 55 5
29 23 56 10
18 27 46 10
15 13 52 17
3 24 60 14
3 20 45 18
5 19 39 4
15 24 51 12
16 10 40 9
3 26 61 12
18 30 71 19
19 18 65 5
5 19 47 3
7 19 58 10
27 22 76 11
18 30 48 2
27 12 39 9
24 26 58 9
2 10 32 5
8 2 44 9
28 17 71 7
28 11 58 17
3 19 49 2
25 19 63 3
16 14 52 2
4 16 31 2
24 16 66 19
27 7 60 3
26 21 57 1
3 4 34 10
3 11 53 9
15 11 38 6
17 12 66 10
13 23 74 8
23 10 49 20
27 22 61 16
24 2 47 4
27 13 67 6
14 24 39 9
28 3 71 5
14 11 51 2
23 26 87 18
8 13 60 1
10 27 51 1
19 3 54 12
15 30 53 10
5 18 46 2
10 19 66 4
12 26 76 7
28 14 69 17
5 4 43 16
12 27 57 3
23 3 39 5
19 15 54 20
1 2 30 18
10 28 46 7
27 30 61 1
1 16 41 14
17 14 52 10
16 3 33 4
20 4 33 19
23 20 60 17
3 28 52 7
13 8 60 4
12 18 35 19
18 28 46 18
26 25 73 13
9 27 45 11
25 12 58 11
17 2 45 7
22 3 29 19
8 14 50 11
10 30 44 10
28 8 37 11
11 10 33 17
16 1 20 5
13 13 29 10
21 18 56 17
26 23 79 10
30 16 63 9
8 28 44 12
22 8 32 19
20 9 35 10
27 7 71 2
23 13 61 13
10 26 70 5
15 30 80 9
7 11 41 16
18 27 47 16
3 26 50 2
6 3 37 1
27 25 92 1
18 14 62 20
27 26 73 18
16 14 62 4
13 6 43 14
3 27 61 20
6 6 32 20
15 12 47 4
6 13 36 1
21 21 71 7
13 21 60 8
3 16 48 1
8 20 59 13
12 14 66 10
1 22 58 11
1 6 11 5
15 30 83 11
9 28 65 2
13 19 43 17
13 21 71 10
18 18 65 5
16 7 29 14
19 14 46 2
6 19 63 3
29 3 38 12
25 15 46 9
18 21 45 19
