250
9 30 45 10
18 25 54 21
10 34 47 21
11 49 62 8
25 84 111 6
1 58 59 4
1 52 53 19
14 124 151 24
21 41 74 20
16 10 34 24
17 108 138 9
13 0 20 14
17 106 131 16
4 61 65 21
21 70 98 7
2 107 109 9
8 47 55 2
21 53 88 22
5 14 22 3
17 8 37 0
21 73 96 16
13 36 60 8
7 88 95 1
18 27 61 19
14 54 68 2
24 62 104 6
4 71 77 0
23 114 142 18
22 44 76 11
19 82 117 0
13 89 112 2
11 81 94 23
5 102 110 5
1 76 77 8
21 107 139 23
20 108 136 8
13 32 47 8
19 59 78 21
15 1 24 5
17 83 113 12
10 69 87 1
8 0 13 5
8 17 30 22
4 114 118 15
7 61 72 4
11 107 120 17
20 95 127 0
1 105 106 3
1 6 7 5
2 48 50 12
14 122 136 15
22 16 54 16
20 119 158 4
2 81 83 12
10 11 23 13
9 88 98 11
13 59 83 1
9 2 16 21
11 15 32 11
20 73 110 16
1 121 122 1
22 61 84 9
1 8 9 24
3 66 69 20
20 77 99 9
7 84 93 18
10 10 27 23
1 74 75 19
6 76 85 9
12 18 36 24
10 59 69 6
4 75 82 22
25 98 140 4
12 63 79 8
17 61 89 19
19 18 43 10
9 11 26 12
1 92 93 15
2 17 20 19
16 8 33 19
9 104 121 6
23 67 97 17
6 22 32 24
12 98 112 6
4 82 89 1
22 31 72 6
11 9 21 8
14 75 99 14
23 113 146 23
5 13 20 20
20 5 30 21
25 50 78 6
23 92 130 23
5 65 74 1
24 87 131 20
11 123 135 15
12 21 33 13
9 39 48 0
4 11 16 20
25 4 35 0
24 108 142 19
24 96 129 9
25 48 97 12
7 84 93 19
22 84 114 20
9 74 91 14
18 79 111 1
6 14 20 22
12 103 125 13
15 48 73 17
20 88 119 23
9 69 84 12
18 63 97 7
17 53 81 8
24 105 131 7
25 41 69 21
7 7 14 11
20 107 131 11
25 87 113 15
1 0 1 3
23 39 70 18
5 102 108 0
4 70 76 18
8 46 59 10
15 85 109 7
13 39 61 20
8 57 67 23
10 9 22 23
16 119 141 16
24 52 92 11
21 2 29 5
7 60 68 15
25 77 103 8
9 119 133 14
16 70 92 17
14 38 61 1
7 86 93 8
24 6 41 3
25 25 61 12
1 62 63 20
7 83 96 18
1 120 121 16
9 106 115 9
25 124 172 12
10 28 47 13
9 106 121 23
4 112 117 3
12 17 35 2
25 76 112 21
9 110 119 7
3 60 63 2
25 13 41 24
8 122 130 19
14 3 23 10
1 1 2 3
16 57 75 4
8 118 129 9
14 8 24 12
5 80 87 21
22 71 113 0
19 46 81 12
1 95 96 23
5 3 12 8
7 114 125 16
8 101 115 1
18 96 121 5
21 77 110 22
15 71 94 10
2 76 78 5
16 83 101 13
10 54 66 13
6 101 108 6
24 99 136 0
20 112 138 24
24 79 119 10
5 80 86 14
12 52 67 16
14 59 73 16
17 32 60 7
14 114 141 0
10 40 59 19
1 65 66 4
8 51 61 24
25 94 128 18
2 78 80 19
14 74 98 11
19 114 140 12
7 2 11 0
17 82 99 21
17 72 98 23
20 12 38 3
5 9 17 22
23 113 141 23
22 25 57 19
15 61 76 2
4 17 24 7
25 33 66 8
19 65 85 11
2 15 17 11
7 76 85 16
7 62 73 8
20 60 83 10
5 30 36 4
14 61 86 15
5 5 10 22
19 40 62 9
21 93 132 18
5 3 10 24
6 45 55 15
14 74 95 12
3 110 113 12
7 110 123 13
9 50 61 5
13 45 69 23
9 31 44 1
15 55 73 3
18 35 70 4
17 20 38 14
14 76 101 21
5 84 89 23
21 42 71 19
19 38 66 20
11 112 126 6
3 57 62 16
16 124 152 24
23 92 135 3
8 86 99 21
14 6 30 16
4 68 72 6
1 59 60 10
21 18 54 19
22 104 136 2
18 21 43 4
23 16 40 2
12 31 48 1
16 76 96 9
4 80 84 13
6 82 91 3
16 44 62 18
25 16 48 11
6 74 81 9
21 73 109 0
13 17 40 19
1 40 41 4
22 45 80 5
19 117 152 0
14 10 32 13
24 36 62 7
24 0 44 0
11 115 132 13
