200
7 24 36 8
15 20 44 17
8 27 38 17
9 39 50 6
20 67 88 5
1 47 48 3
1 41 42 15
11 99 120 19
17 32 59 16
13 8 27 19
13 87 110 7
10 0 15 11
14 85 105 13
3 49 52 17
17 56 79 5
1 86 87 7
7 38 45 1
17 42 71 18
4 11 17 3
14 7 31 0
17 58 76 13
11 28 48 6
6 70 76 1
15 21 49 15
11 43 54 2
19 50 83 4
3 56 60 0
18 91 112 14
17 35 59 9
16 66 95 0
11 71 91 1
9 65 75 18
4 82 88 4
1 61 62 6
17 85 111 18
16 87 110 6
10 25 37 6
16 47 63 17
12 1 20 4
14 67 92 9
8 55 69 1
6 0 10 4
6 14 23 17
3 91 94 12
6 49 58 3
9 85 95 14
16 76 102 0
1 84 85 3
1 5 6 4
2 38 40 9
11 97 108 12
17 13 42 13
16 95 126 3
2 65 67 10
8 9 19 10
8 70 79 8
10 47 65 1
7 2 13 17
9 12 26 9
16 58 88 13
1 97 98 1
18 48 67 7
1 7 8 19
3 53 56 16
16 61 79 7
6 67 75 15
8 8 21 18
1 59 60 15
5 60 67 7
10 15 30 19
8 47 55 5
4 60 67 18
20 78 111 3
10 50 63 6
13 48 69 15
16 14 35 8
8 8 22 10
1 74 75 12
1 13 14 15
13 7 27 15
7 83 96 4
19 53 77 14
5 17 25 19
10 78 90 4
3 66 71 1
18 25 58 4
9 7 17 6
11 60 78 11
18 91 117 18
4 10 16 16
16 4 24 16
20 40 62 5
18 73 102 19
4 52 59 1
19 70 104 16
9 99 109 12
10 17 27 11
7 31 38 0
4 9 14 16
20 3 28 0
19 86 113 15
19 77 103 7
20 38 77 9
6 67 75 15
18 67 91 16
7 59 72 11
14 63 88 1
5 11 16 18
10 82 101 10
12 38 58 13
16 70 95 18
7 55 67 9
14 51 78 5
14 42 65 6
19 84 104 6
20 33 55 17
6 6 12 8
16 86 105 9
20 70 91 12
1 0 1 2
18 31 55 14
4 82 87 0
3 56 60 14
6 37 47 8
12 68 87 5
11 31 49 16
6 45 52 18
8 7 17 18
13 95 113 13
19 41 73 9
17 2 24 4
5 48 53 12
20 61 81 6
7 95 106 11
13 56 74 14
11 30 48 1
6 69 75 6
20 4 33 2
20 20 49 9
1 49 50 16
6 67 78 15
1 96 97 12
7 85 92 7
20 99 137 9
8 23 38 10
8 85 98 18
3 89 93 2
10 13 28 2
20 61 89 17
7 88 95 5
3 48 51 1
20 10 33 19
6 97 103 15
12 2 19 8
1 1 2 2
13 45 60 3
7 94 103 7
12 6 19 9
4 64 69 17
18 56 91 0
15 37 64 10
1 76 77 19
4 2 9 6
6 91 101 12
7 81 93 0
15 77 98 4
17 61 88 18
12 57 75 8
2 61 63 4
13 66 81 10
8 43 52 10
5 81 87 5
19 79 108 0
16 89 109 19
19 63 94 8
4 64 69 11
10 42 54 12
11 47 58 12
13 25 46 5
12 91 114 0
8 32 47 15
1 52 53 3
7 41 50 19
20 75 102 15
2 62 64 15
11 59 78 9
16 91 113 10
5 1 8 0
13 65 78 16
14 58 80 18
16 10 31 2
4 7 13 17
18 90 112 18
18 20 46 15
12 49 61 1
3 14 19 5
20 26 52 6
15 52 68 9
1 12 13 8
6 61 68 13
