500
18 61 92 20
36 50 109 43
19 69 95 43
22 98 125 16
50 168 222 12
2 117 119 9
2 104 106 39
27 248 300 49
42 82 148 40
32 20 68 48
33 217 276 18
25 0 39 28
34 212 262 33
7 123 130 43
41 140 196 14
3 215 219 18
16 95 111 4
41 106 176 45
9 29 43 7
33 17 73 1
42 147 193 33
26 72 120 16
13 177 190 3
36 54 123 39
27 109 137 5
48 125 209 12
7 142 152 0
45 228 282 37
43 89 152 22
38 165 235 1
26 179 226 4
22 162 188 47
10 205 221 11
2 153 155 16
42 214 278 47
40 217 274 17
25 64 94 17
38 118 157 43
29 3 49 11
34 167 228 24
19 139 173 3
15 0 25 11
15 35 59 44
7 228 236 31
14 123 145 8
22 214 240 35
40 190 255 0
2 210 213 7
2 13 16 11
4 96 100 24
28 244 273 30
43 32 107 33
39 239 315 8
4 163 167 25
19 22 46 26
18 176 197 22
25 119 165 3
17 5 31 43
22 30 65 22
40 147 222 33
1 243 244 3
44 122 169 19
1 17 18 48
6 133 139 41
39 154 198 18
14 169 187 37
20 21 55 47
2 148 151 38
11 152 168 19
24 37 74 49
20 119 140 13
8 151 165 45
50 196 280 8
23 127 158 16
33 122 177 39
38 36 87 20
18 22 53 25
2 185 187 30
3 34 39 39
31 17 66 38
17 208 241 12
46 134 194 35
11 44 63 48
24 196 225 12
7 165 178 3
43 63 143 12
21 18 41 16
27 150 196 28
45 227 292 46
10 26 41 40
39 11 61 42
50 100 157 13
45 184 258 47
9 131 148 3
48 175 263 41
21 247 271 30
23 43 67 27
17 79 96 1
8 22 32 40
49 9 70 0
47 216 282 39
48 192 259 18
50 96 194 24
14 168 187 39
44 168 229 41
17 148 180 29
35 159 221 3
12 28 41 45
23 206 249 27
29 97 145 34
39 176 237 46
18 138 169 24
35 127 194 14
33 107 162 16
47 210 261 15
49 83 138 43
14 15 29 22
39 215 262 23
50 175 227 30
2 0 2 6
45 78 140 36
9 205 216 1
8 141 153 36
15 93 118 21
29 171 219 14
26 78 122 41
15 114 133 47
19 18 42 46
31 239 283 33
48 104 185 22
41 5 58 10
13 121 136 31
50 154 206 17
17 238 265 28
31 141 185 35
27 76 120 3
14 173 188 16
48 12 83 7
50 51 124 24
1 124 125 40
14 167 194 37
2 240 243 32
17 213 230 18
50 248 344 24
19 57 93 27
18 213 243 47
7 224 233 6
24 34 71 5
50 153 225 42
18 221 239 14
6 120 126 4
50 27 84 49
15 244 260 39
28 7 47 20
1 3 4 6
31 114 150 9
16 236 258 18
28 17 49 24
10 161 175 43
43 142 225 0
38 93 163 25
2 191 194 47
9 6 22 16
13 229 251 32
16 203 231 2
36 193 244 10
42 154 221 45
30 143 189 21
4 152 157 11
31 166 202 26
20 108 132 26
11 203 216 13
48 198 273 1
39 224 274 48
47 159 237 20
9 160 172 29
24 105 135 32
27 118 146 32
33 64 118 14
28 228 283 0
20 81 120 39
1 131 132 8
16 102 122 48
50 189 257 37
3 156 159 39
28 148 196 23
38 229 281 25
13 4 22 1
33 164 197 42
34 145 198 46
39 25 77 6
10 19 35 44
45 226 281 46
43 51 114 39
30 122 153 4
7 35 48 14
50 66 132 16
37 130 169 23
3 30 33 22
14 153 171 33
13 124 145 16
40 120 166 21
10 60 72 9
28 122 172 31
9 10 20 45
38 80 124 18
42 187 266 36
10 7 22 48
11 90 110 31
27 148 188 25
5 221 226 24
14 221 247 27
17 101 122 10
25 91 139 46
17 63 88 2
30 110 147 7
36 71 142 9
33 40 76 29
28 153 204 43
9 168 177 47
42 84 143 38
38 76 132 41
22 224 252 13
5 114 123 32
32 248 304 48
46 185 272 7
16 172 198 43
28 13 62 33
8 137 146 12
2 119 121 20
41 36 107 38
44 208 273 4
35 43 86 8
46 32 80 4
23 63 96 3
32 153 194 19
7 160 167 27
12 165 184 7
31 89 125 37
50 32 96 23
11 148 160 18
41 146 218 1
26 35 82 38
1 81 82 9
43 91 160 10
37 235 303 1
28 20 64 27
48 73 125 15
48 1 90 1
22 231 265 27
45 23 69 4
43 210 259 13
29 247 302 31
26 19 64 12
38 37 106 36
1 53 54 10
3 125 130 49
23 185 225 46
41 18 72 31
46 186 240 35
47 75 167 48
20 116 152 43
13 152 168 14
6 206 215 33
2 208 210 17
2 37 40 41
12 243 264 21
38 30 81 0
49 27 115 35
13 25 48 29
35 235 295 42
23 117 158 48
27 166 209 3
35 209 268 39
25 32 75 20
33 94 131 6
13 72 89 49
2 209 211 46
1 115 116 3
21 242 271 38
8 210 225 3
27 72 107 6
22 6 32 5
19 100 136 15
41 150 215 7
8 205 220 34
13 168 181 11
10 151 164 25
38 240 287 40
24 15 53 48
50 48 126 49
31 76 124 30
27 83 117 40
19 56 86 16
45 52 134 42
12 16 39 40
33 178 223 20
8 33 47 37
50 158 216 47
13 240 253 46
7 110 122 42
17 139 158 25
18 232 266 13
12 191 211 46
13 189 206 45
47 34 103 19
25 132 177 37
3 166 169 45
7 222 234 39
18 21 47 4
29 213 243 10
11 143 159 11
46 62 140 24
32 42 74 49
49 82 148 39
38 97 152 34
43 0 48 17
3 234 238 8
14 59 77 4
4 64 68 45
2 147 150 40
49 149 212 48
45 183 264 1
37 171 221 9
20 96 123 10
23 40 67 48
34 132 173 19
43 230 312 35
8 111 125 7
28 165 212 12
36 41 93 15
7 137 147 29
45 34 110 34
45 241 307 43
21 218 241 21
20 226 248 48
41 25 101 14
46 51 126 36
34 30 80 13
36 218 284 6
5 156 163 35
12 57 78 9
49 229 314 33
27 68 118 40
3 124 128 0
35 39 97 33
26 242 268 38
24 48 75 26
2 248 250 37
21 102 138 29
15 169 188 49
24 240 268 20
13 173 188 10
19 205 232 46
48 207 264 12
11 12 30 38
38 52 114 27
47 25 90 31
38 228 293 0
43 171 223 27
39 153 211 38
49 237 293 10
28 105 155 28
11 121 136 11
48 132 191 12
16 161 184 7
15 147 168 23
5 109 114 12
31 165 210 30
27 236 284 40
3 107 112 24
15 207 228 13
28 126 155 15
23 239 267 6
7 89 99 18
26 172 201 5
18 138 173 27
1 190 191 0
36 106 149 44
33 244 305 23
9 45 62 29
20 189 225 32
23 85 118 8
24 110 141 18
16 220 238 36
44 222 277 39
41 11 76 1
38 84 140 7
25 6 36 16
39 135 202 29
38 74 115 33
15 128 151 13
7 209 220 38
42 32 98 13
46 33 114 16
8 194 209 5
43 79 151 21
12 245 264 38
8 142 157 28
40 147 206 14
25 81 128 46
38 179 229 18
22 235 265 32
39 98 153 48
20 249 285 48
42 26 70 6
13 203 223 12
8 2 13 16
32 118 176 41
44 244 303 6
50 80 179 14
30 237 296 38
8 3 12 39
39 131 188 19
14 191 214 47
6 18 25 21
24 18 42 14
28 149 179 21
33 169 234 25
6 190 199 14
41 213 258 6
42 172 237 5
1 111 112 5
16 101 117 45
5 142 151 25
48 174 231 27
46 189 241 4
27 239 273 25
11 93 105 12
49 23 101 38
27 223 257 5
3 246 249 12
33 19 65 27
47 12 75 6
33 141 180 3
28 113 157 2
9 9 26 46
14 195 222 0
49 13 110 2
21 24 55 46
33 224 271 23
28 185 229 7
1 0 1 19
45 131 186 3
17 60 93 0
5 46 55 43
7 102 113 44
4 76 82 27
4 70 75 32
1 28 29 21
24 186 231 13
9 137 147 22
42 230 302 8
8 123 137 22
47 146 208 6
9 173 182 35
15 12 31 30
5 145 150 10
38 131 189 16
14 171 194 29
15 32 47 6
29 136 176 28
22 243 280 20
40 90 139 38
33 49 114 6
11 129 143 12
44 130 192 31
48 126 182 12
46 187 272 2
32 240 276 37
33 189 227 6
44 161 223 19
14 194 217 3
35 139 186 38
40 203 254 2
7 195 206 46
40 115 175 1
26 52 81 34
4 61 66 22
18 56 80 10
5 10 16 8
41 27 90 17
20 20 45 40
35 20 76 43
7 59 68 20
7 96 109 3
33 2 35 22
4 226 231 27
23 16 60 4
22 114 138 34
46 41 116 21
48 79 127 48
32 153 195 5
45 239 287 35
9 69 82 40
5 24 30 23
34 174 220 30
7 134 144 33
6 162 171 48
37 111 152 16
