400
14 48 72 16
29 40 87 34
15 55 75 35
17 78 99 13
40 134 177 10
2 94 96 7
1 83 84 31
22 198 241 39
34 65 119 32
25 16 53 38
26 174 221 14
20 0 31 22
28 170 211 26
5 98 103 35
33 112 157 11
2 172 174 14
13 76 89 3
33 85 141 36
7 23 34 6
27 14 60 0
34 117 154 27
21 57 96 13
11 141 152 2
29 43 98 31
22 87 109 4
38 100 167 9
6 113 122 0
36 182 225 29
34 71 120 18
31 132 189 1
21 143 181 3
18 130 151 37
8 164 177 8
2 122 124 13
33 171 221 37
32 174 220 13
20 51 75 13
31 94 125 34
24 3 41 9
27 134 183 19
15 111 138 2
12 0 20 9
12 28 47 35
5 182 188 25
11 98 115 6
18 171 192 28
32 152 204 0
1 168 169 6
2 10 13 8
3 77 80 19
22 195 218 24
34 26 85 26
31 191 251 6
3 130 133 20
15 18 37 20
15 140 158 17
20 95 132 2
14 4 26 35
18 24 53 18
32 117 177 26
1 194 195 2
35 97 135 15
1 14 15 38
5 106 111 33
31 123 157 14
11 135 149 30
16 17 44 37
2 118 121 30
9 121 134 15
19 30 59 39
16 95 112 10
7 121 133 36
40 156 223 7
19 101 127 13
26 97 140 31
31 29 70 16
15 17 43 20
1 148 149 24
2 27 30 31
25 14 53 30
14 166 193 9
37 107 155 28
9 35 50 38
19 156 179 9
6 132 143 2
35 50 115 9
17 15 34 12
22 120 157 22
36 182 234 36
8 21 33 32
32 9 50 33
40 80 125 10
36 147 206 38
7 104 117 2
38 140 209 33
17 198 218 24
19 35 55 22
13 63 76 0
7 18 27 32
39 7 55 0
38 172 226 31
38 154 207 14
40 77 155 19
11 135 150 31
35 134 182 32
13 118 143 23
28 127 177 2
10 22 33 36
19 165 201 21
23 77 115 27
31 141 189 37
14 110 134 19
28 102 156 11
27 85 130 13
38 168 209 12
40 66 111 35
12 12 24 17
31 172 209 19
40 140 182 24
2 0 2 5
36 62 111 28
7 164 172 0
6 113 122 29
12 74 94 17
23 137 175 11
21 63 98 32
12 91 106 37
16 14 34 37
25 191 226 26
38 83 147 18
33 4 46 8
10 97 108 24
40 123 164 13
14 191 213 22
25 113 148 28
22 61 97 2
11 138 150 13
39 9 67 5
40 41 100 19
1 99 100 32
11 134 155 30
2 192 195 25
14 170 184 15
40 198 275 19
16 46 77 21
15 171 196 37
6 179 187 5
20 27 58 4
40 122 179 34
14 176 190 11
5 96 101 3
40 21 67 39
12 195 208 31
23 5 38 16
1 2 3 5
25 91 120 7
13 189 207 15
23 13 39 19
8 129 140 35
35 113 181 0
30 74 129 20
2 153 156 38
7 5 17 13
11 183 201 25
13 162 185 1
29 154 195 8
34 123 177 36
24 114 151 17
3 122 126 9
25 132 161 21
16 86 105 20
9 162 173 10
38 159 218 1
31 179 219 38
38 127 190 16
7 128 137 23
19 84 108 25
22 94 116 25
26 51 94 11
23 182 227 0
16 64 95 31
1 104 105 6
13 82 98 38
40 151 205 30
3 125 128 31
22 119 157 18
31 183 226 20
10 3 17 0
26 131 157 33
28 116 160 37
31 20 61 4
8 15 28 35
36 181 225 37
35 41 92 31
24 98 122 3
6 28 39 11
40 53 105 13
30 104 136 19
2 24 26 17
11 122 136 27
11 99 116 13
32 96 133 17
8 48 58 7
22 98 137 24
7 8 15 36
31 64 100 14
34 149 213 29
8 5 17 38
9 72 88 25
21 118 149 20
4 177 181 19
11 176 197 22
13 80 96 8
20 73 111 37
14 51 71 1
24 88 118 6
29 57 114 7
27 32 61 23
22 122 162 34
7 134 141 37
33 67 113 31
31 61 107 33
18 179 202 10
4 91 98 26
26 199 245 39
37 148 218 6
13 137 158 34
22 11 49 26
6 109 116 10
2 95 97 16
33 29 86 30
35 167 219 3
28 34 68 7
37 25 63 3
18 50 76 2
26 122 155 15
6 128 134 21
10 132 148 6
25 71 100 30
40 26 77 18
9 118 128 14
33 116 174 0
21 28 66 31
1 64 65 7
35 73 129 8
29 188 241 1
23 16 52 21
39 58 100 12
39 1 73 1
18 184 212 22
36 18 55 3
34 168 207 11
24 197 242 24
21 15 51 10
30 29 83 29
1 42 43 8
3 100 105 39
19 148 181 37
33 14 58 25
37 149 192 28
38 60 134 38
16 93 121 35
11 121 135 11
5 165 172 26
2 166 168 13
1 30 31 33
10 194 212 17
30 24 64 0
39 21 91 28
10 20 38 23
28 188 236 33
18 93 125 39
22 133 168 2
28 167 214 31
20 26 60 16
26 75 104 5
11 58 72 39
1 167 168 36
1 92 93 3
17 194 217 30
7 168 181 2
21 57 84 5
17 5 25 4
15 80 109 12
33 120 172 6
6 164 175 27
10 135 145 9
8 121 131 20
30 192 229 32
20 12 44 38
40 39 102 39
25 61 99 24
21 66 92 32
16 45 70 13
36 41 106 33
10 13 32 32
27 142 179 16
6 26 37 29
40 126 172 38
10 192 202 37
6 88 98 34
14 111 126 20
14 185 211 10
10 152 169 36
11 151 165 36
38 27 82 15
20 106 142 29
3 133 136 36
6 177 187 31
15 17 39 3
24 170 195 8
9 115 128 9
37 50 112 19
26 34 60 39
39 65 118 31
30 78 121 27
34 0 38 13
2 187 190 6
11 47 61 3
3 51 54 36
1 118 119 32
39 119 169 38
36 146 211 0
30 137 177 7
16 77 98 8
18 32 53 38
28 105 138 15
34 184 249 28
7 88 100 6
23 132 171 9
29 33 75 12
5 110 117 23
36 27 88 27
36 193 245 34
17 175 194 17
16 181 198 38
33 20 81 11
37 41 101 29
27 24 64 11
29 174 227 5
4 125 131 28
9 46 62 7
39 183 250 27
22 54 94 32
2 99 101 0
28 31 78 27
21 193 214 30
19 38 60 21
2 198 200 30
17 82 111 23
12 135 150 39
19 192 214 16
11 138 151 8
16 164 187 37
38 165 210 10
9 10 25 31
31 41 91 21
37 20 71 25
31 182 235 0
34 137 178 21
32 122 170 30
39 190 235 8
22 84 123 22
9 97 109 9
39 106 154 10
13 128 147 6
12 118 135 18
4 87 91 10
25 132 168 24
22 189 228 32
3 86 91 19
12 166 183 10
22 101 124 12
19 191 214 5
6 71 79 14
21 138 161 4
14 110 137 21
1 152 153 0
29 85 119 35
26 195 243 18
7 36 49 23
16 151 179 26
18 68 94 7
19 88 112 14
13 176 191 29
35 177 221 31
33 9 61 1
31 67 113 6
20 4 28 12
31 108 161 23
31 59 93 26
12 102 120 11
5 167 174 30
33 25 77 10
37 26 91 13
7 155 168 4
35 63 122 17
10 196 211 30
7 114 127 23
32 118 165 11
