350
13 42 64 14
25 35 76 30
13 48 65 30
15 68 86 11
35 117 154 9
1 82 83 6
1 73 74 27
19 173 210 34
29 57 103 28
22 14 47 33
23 152 193 12
17 0 27 19
24 148 183 23
5 86 91 30
29 98 138 10
2 151 153 13
12 66 78 3
29 74 123 31
6 20 29 5
24 12 53 0
29 103 135 23
19 50 85 11
9 124 133 2
25 37 85 27
19 76 95 3
34 87 147 8
5 99 106 0
31 159 196 25
30 62 105 15
27 115 165 0
18 125 158 3
15 113 131 33
7 143 154 7
1 107 108 11
29 150 194 33
28 152 192 11
18 45 66 12
27 82 109 30
21 2 35 8
24 117 160 17
13 97 120 2
10 0 17 8
10 24 40 31
5 159 165 22
10 86 102 5
16 149 168 25
28 133 178 0
1 147 148 5
2 9 12 7
3 67 70 17
20 171 192 21
30 23 75 23
27 167 220 6
3 114 117 17
13 15 31 18
13 123 138 15
17 83 114 2
12 3 21 30
16 21 46 15
28 102 154 23
1 170 171 2
31 85 118 13
1 12 13 33
5 93 98 29
27 108 138 12
10 118 131 26
14 15 39 32
2 104 107 27
8 106 118 13
17 26 52 34
14 83 97 9
6 106 116 31
35 137 196 6
17 88 111 11
23 85 123 27
27 25 61 14
13 15 37 17
1 130 131 21
2 24 27 27
22 12 47 27
12 145 168 8
32 94 136 24
8 31 44 34
17 137 158 8
5 115 124 2
30 44 100 8
15 13 29 11
19 105 137 19
32 159 205 32
7 18 28 28
28 8 44 29
35 70 110 9
32 129 182 33
6 91 102 2
34 122 184 28
15 173 190 21
16 30 47 19
12 55 67 0
6 15 22 28
34 6 48 0
33 151 197 27
33 134 180 12
35 67 136 17
10 118 132 27
31 117 160 28
12 103 126 20
25 111 155 2
9 19 28 31
16 144 174 19
20 67 100 23
27 123 165 32
13 96 118 16
24 89 135 10
23 75 113 11
33 147 183 10
35 58 97 30
10 10 20 15
28 150 184 16
35 122 158 21
1 0 1 4
31 54 97 25
7 143 151 0
5 99 107 25
11 65 83 15
20 120 153 9
18 55 85 28
11 80 94 33
14 12 30 32
22 167 198 23
34 73 130 15
29 3 40 7
9 84 94 21
35 108 144 11
12 167 186 19
22 99 130 24
19 53 84 2
10 121 132 11
34 8 58 5
35 36 87 17
1 87 88 28
10 117 136 26
1 168 169 22
12 149 161 13
35 173 240 17
14 40 67 19
13 149 170 33
5 157 163 4
17 24 50 3
35 107 157 30
13 154 167 10
4 84 88 3
35 19 59 34
10 171 182 27
20 5 34 14
1 2 3 4
22 79 104 6
11 165 180 13
20 12 34 17
7 112 122 30
30 99 157 0
27 65 114 17
1 134 135 33
6 4 15 11
9 160 175 22
11 142 161 1
26 135 172 7
30 108 155 31
21 100 132 15
3 106 110 7
22 116 141 18
14 75 92 18
8 142 151 9
34 139 192 1
28 157 193 33
33 111 166 14
6 112 120 20
17 74 95 22
19 82 101 22
23 45 83 9
20 159 198 0
14 56 83 27
1 91 92 5
11 71 85 33
35 132 179 26
3 109 112 27
20 104 138 16
27 160 197 18
9 2 14 0
23 114 137 29
24 102 139 32
27 17 53 4
7 13 24 31
32 158 197 32
30 36 80 27
21 86 107 3
5 25 34 10
35 46 92 11
26 91 118 16
2 21 23 15
10 107 119 23
10 86 102 11
28 84 116 15
7 42 50 6
20 86 122 21
7 7 14 32
27 56 87 12
30 131 187 25
7 5 15 34
8 63 77 22
19 103 131 18
4 155 159 17
10 154 173 19
12 70 85 7
18 64 98 32
12 44 61 1
21 77 103 5
26 50 101 6
24 28 54 20
19 107 141 30
7 117 124 33
29 58 98 27
27 53 93 29
16 157 177 9
4 80 87 22
23 174 214 34
32 129 189 5
11 120 138 30
19 9 42 23
6 96 103 9
2 83 85 14
29 25 75 26
31 146 192 2
25 30 60 6
32 22 55 2
16 44 67 2
23 107 136 13
5 112 117 19
9 115 129 5
22 62 87 26
35 22 67 16
8 103 112 12
29 102 153 0
18 24 56 27
1 56 57 6
30 64 112 7
26 165 212 1
20 14 45 19
34 51 88 10
34 1 64 1
16 161 186 19
31 16 48 3
30 147 181 9
21 173 212 21
18 13 44 9
27 25 74 25
1 37 38 7
2 87 90 34
16 129 157 32
29 13 51 21
32 130 167 24
33 52 116 33
14 81 106 30
10 106 118 9
4 144 150 23
1 145 146 12
1 26 27 29
9 170 186 15
26 21 56 0
34 19 80 24
9 18 34 20
25 164 207 29
16 82 111 34
19 116 146 2
25 146 188 27
17 22 51 14
23 65 91 4
9 50 61 34
1 146 147 32
1 80 81 2
15 170 190 26
6 147 158 2
19 50 74 4
15 4 22 4
14 70 97 11
29 105 151 5
6 143 154 24
9 118 127 8
7 106 115 17
27 168 202 28
17 10 37 33
35 34 89 34
22 53 87 21
19 58 82 28
14 39 61 11
31 36 92 29
9 11 28 28
24 124 156 14
5 23 32 25
35 110 151 33
9 168 177 32
5 77 85 29
12 97 110 18
13 162 186 9
9 133 148 32
9 132 144 31
33 24 72 13
18 93 125 26
2 116 118 32
5 155 163 27
13 15 34 3
21 149 171 7
8 100 112 7
32 43 97 17
22 29 51 34
35 57 104 27
26 68 106 23
30 0 33 12
2 164 167 5
10 41 54 2
3 45 48 32
1 103 104 28
34 104 147 33
31 128 184 0
26 119 154 6
14 67 86 7
16 28 46 33
24 92 121 13
30 161 218 24
6 77 87 5
20 115 149 8
25 29 65 10
5 96 103 20
31 24 76 24
32 168 215 30
15 153 169 15
14 158 173 33
29 18 72 9
32 36 88 25
24 21 56 9
25 152 198 4
4 109 115 24
8 40 54 6
35 160 221 23
19 47 82 28
2 86 88 0
24 27 67 23
18 169 187 26
17 33 52 18
2 173 175 26
15 71 97 20
