100
6 42 49 2
10 4 23 3
6 37 44 1
2 29 32 9
7 18 29 4
1 39 40 9
6 38 45 4
4 45 50 0
8 47 57 1
2 43 46 4
2 35 37 6
6 39 47 3
3 43 48 9
3 21 24 7
10 15 31 1
9 21 38 5
4 14 19 1
3 28 33 8
5 11 17 3
6 11 19 7
3 46 49 5
2 25 28 3
9 31 41 8
3 38 42 6
8 31 41 2
5 16 21 6
1 45 46 9
2 36 38 7
10 44 62 9
2 22 24 8
5 0 6 6
4 44 50 6
7 30 41 9
9 4 16 9
9 32 44 2
1 41 42 1
5 25 34 3
9 35 48 3
3 26 31 4
1 24 25 2
3 40 44 5
2 11 14 8
6 46 52 5
1 7 8 6
8 6 15 8
10 14 31 8
1 14 15 3
3 46 51 3
4 10 17 2
5 36 45 2
7 5 17 9
7 1 9 0
8 10 23 9
4 20 25 0
1 24 25 8
6 22 31 6
1 36 37 8
2 27 29 0
2 45 47 8
6 41 48 0
10 33 49 0
4 47 51 9
10 47 58 9
4 6 12 2
6 8 19 9
9 23 39 1
1 29 30 4
3 21 25 2
3 18 23 8
9 27 38 0
8 8 22 2
4 10 16 9
2 47 49 3
10 16 27 5
8 20 28 7
2 28 31 5
5 48 56 9
3 43 47 9
9 40 50 7
7 32 44 8
9 41 52 2
2 9 11 9
3 16 19 4
6 28 39 1
5 17 25 4
6 39 49 3
6 17 25 1
2 22 25 1
7 9 22 3
4 21 26 2
7 39 51 9
9 47 59 3
9 2 13 2
9 19 30 0
2 45 48 7
8 8 22 7
5 46 55 3
8 31 45 0
10 26 43 7
1 39 40 6
