300
11 36 55 12
22 30 66 26
12 41 57 26
13 58 74 10
30 101 133 7
1 70 71 5
1 62 63 23
16 148 179 29
25 49 88 24
19 12 40 28
20 130 166 10
15 0 23 17
21 127 158 20
4 74 78 26
25 84 118 8
2 129 131 11
10 57 67 2
25 64 106 27
5 17 25 4
20 10 44 0
25 88 115 20
16 43 72 10
8 106 114 1
22 32 74 23
16 65 81 3
29 75 126 7
5 85 92 0
27 137 169 22
26 53 91 13
23 99 141 0
16 107 136 2
13 97 112 28
6 123 132 6
1 92 93 9
25 128 166 28
24 130 164 10
15 38 56 10
23 70 93 26
18 2 30 6
20 100 136 14
11 83 102 1
9 0 15 7
9 21 35 26
4 136 140 19
8 73 85 5
14 128 144 21
24 114 153 0
1 126 127 4
2 7 10 6
2 58 60 14
17 146 164 18
26 19 64 20
24 143 190 5
2 98 100 15
11 13 26 15
11 105 118 13
15 71 98 2
11 3 20 26
14 18 40 13
24 88 133 19
1 146 147 1
27 73 102 11
1 10 11 29
4 79 83 25
23 92 117 11
9 101 113 22
12 13 33 28
1 89 90 23
7 91 101 11
14 22 43 29
12 71 83 7
5 91 99 27
30 117 167 5
14 76 95 10
20 73 106 23
23 21 52 12
11 13 32 15
1 111 112 18
2 20 23 23
19 10 40 23
10 124 143 7
28 80 116 21
7 26 38 29
14 117 134 7
4 99 106 2
26 37 85 7
13 11 25 9
16 90 117 17
27 136 175 27
6 15 24 24
24 6 36 25
30 60 94 7
27 110 154 28
5 78 87 2
29 105 158 24
13 148 163 18
14 26 41 16
10 47 57 0
5 13 19 24
29 5 41 0
28 129 168 23
29 115 155 11
30 57 116 14
9 101 113 23
27 100 137 24
10 88 107 17
21 95 132 2
7 16 23 27
14 124 150 16
18 58 88 20
24 106 143 28
11 82 101 14
21 76 116 8
20 64 97 10
28 126 156 9
30 50 84 26
9 9 18 13
24 129 158 14
30 105 136 18
1 0 1 4
27 47 84 21
6 123 130 0
5 85 93 21
9 56 71 13
18 102 131 8
16 47 74 24
9 68 79 28
12 10 25 27
19 143 169 19
29 62 111 13
25 3 35 6
8 72 81 18
30 92 123 10
11 143 160 17
19 85 112 21
16 46 72 2
8 103 112 9
29 7 50 4
30 31 75 14
1 74 75 24
9 100 117 22
1 144 145 19
10 128 138 11
30 148 205 14
12 34 57 16
11 128 146 28
4 134 139 3
15 20 43 3
30 92 135 25
11 132 143 8
4 72 76 2
30 16 50 29
9 146 156 23
17 4 28 12
1 2 3 3
19 68 90 5
10 141 154 11
17 10 29 14
6 96 104 26
26 85 135 0
23 56 98 15
1 114 115 28
5 3 12 10
8 137 150 19
10 122 139 1
22 116 147 6
25 92 131 27
18 85 113 12
2 91 93 6
19 99 121 16
12 64 78 15
7 121 129 8
29 119 164 1
24 134 165 29
29 95 143 12
6 96 104 17
14 63 80 19
17 71 88 19
20 38 71 8
17 137 170 0
12 48 71 23
1 78 79 5
10 61 73 28
30 113 154 22
2 93 95 23
17 89 118 14
23 137 168 15
8 2 13 0
20 98 118 25
21 87 120 28
23 15 45 3
6 11 20 26
27 135 168 27
26 31 69 23
18 73 91 2
5 21 30 8
30 39 78 10
22 78 101 14
2 18 20 13
8 92 102 20
8 74 86 10
24 72 100 13
6 36 43 5
17 73 103 18
6 6 12 27
23 48 74 11
26 112 161 21
6 4 13 29
7 54 66 19
16 88 112 15
3 132 135 14
8 132 147 16
10 60 72 6
15 55 83 28
11 38 54 1
18 66 88 4
22 43 86 5
20 24 46 17
17 91 122 26
6 100 106 28
25 50 85 23
23 45 79 25
14 134 152 7
3 68 73 19
19 149 182 29
28 111 163 4
10 103 119 26
17 8 37 19
5 82 88 7
1 71 72 12
25 22 65 22
26 125 163 2
21 25 50 5
28 19 48 2
14 38 58 2
19 91 115 11
5 96 101 16
8 99 111 4
19 53 75 22
30 19 57 14
7 88 96 11
25 87 130 0
16 21 50 23
1 48 49 5
26 55 97 6
22 141 181 0
17 12 38 16
29 43 74 9
29 0 54 1
13 138 158 16
27 14 42 2
26 126 155 8
18 148 182 18
16 11 38 7
23 22 63 22
1 32 33 6
2 75 78 29
14 111 135 27
25 11 44 18
28 111 144 21
28 45 100 28
12 69 90 26
8 91 101 8
4 123 129 20
1 124 125 10
1 22 23 25
8 146 160 12
23 18 49 0
29 16 68 21
8 15 29 17
21 141 177 25
14 70 95 29
16 100 125 2
21 125 160 23
15 19 44 12
20 56 78 4
8 43 53 29
1 125 126 27
1 69 70 2
13 145 163 22
5 126 135 2
16 43 63 3
13 3 18 3
12 60 83 9
25 90 129 4
5 123 132 20
8 101 109 7
6 90 98 15
23 144 173 24
15 9 33 28
30 29 76 29
19 45 74 18
16 50 70 24
12 34 53 9
27 31 80 25
8 9 24 24
20 106 133 12
5 20 29 22
30 94 129 28
8 144 152 28
