450
16 54 82 18
32 45 97 39
17 62 85 39
19 88 111 15
45 151 199 11
2 105 107 8
2 94 96 35
24 223 270 44
38 73 133 36
29 18 61 43
30 195 249 16
22 0 35 25
31 191 236 30
6 111 117 39
37 126 177 13
2 194 196 16
15 86 101 4
37 96 159 40
8 26 38 7
30 15 66 1
38 132 174 30
24 65 109 15
12 159 171 2
32 48 109 35
24 98 123 4
43 112 187 11
7 128 138 0
40 205 253 33
39 80 137 20
35 148 213 1
23 161 203 4
20 146 170 42
9 185 199 9
2 138 140 14
38 193 251 42
36 195 247 15
22 58 84 15
34 106 141 39
27 3 46 10
30 150 204 21
17 125 155 2
13 0 22 10
13 31 52 40
6 205 212 28
12 110 129 7
20 192 215 32
36 171 230 0
1 189 190 6
2 11 14 10
3 87 90 21
25 220 246 27
38 29 95 30
35 215 283 7
3 147 150 22
17 20 41 23
17 158 178 19
22 107 147 3
16 4 29 39
20 27 59 20
36 132 199 29
1 219 220 2
40 110 153 17
1 15 16 43
6 119 125 37
35 139 178 16
13 152 169 33
18 19 50 42
2 133 136 34
10 137 152 17
21 33 65 44
18 107 126 11
8 136 150 40
45 176 252 7
21 114 143 15
29 110 158 35
34 32 77 18
17 20 49 22
1 167 168 27
3 30 35 35
28 15 59 34
15 187 216 11
41 121 174 31
10 39 56 43
21 176 201 10
6 148 159 3
39 56 129 11
19 17 38 14
24 135 176 25
41 204 263 41
9 23 36 36
35 10 55 37
45 90 141 11
41 166 234 42
8 118 133 3
43 158 236 37
19 223 245 27
21 39 61 25
15 71 86 1
8 20 30 36
44 8 63 0
42 194 253 35
43 173 233 16
45 86 174 22
13 152 170 35
40 151 206 36
15 133 162 26
32 143 200 3
11 25 37 40
21 186 225 24
26 87 130 30
35 159 213 42
16 124 152 21
31 114 174 13
30 96 146 15
42 189 235 13
44 75 125 39
13 14 27 19
35 193 235 21
45 158 205 27
2 0 2 6
40 70 125 32
8 184 194 0
7 127 138 32
14 84 107 19
26 154 197 12
23 70 109 36
14 103 121 42
17 16 38 41
28 215 254 29
43 94 167 20
37 4 52 9
11 109 122 28
45 139 186 15
16 215 241 25
28 127 166 32
24 69 108 3
12 155 168 14
43 11 75 6
45 46 112 22
1 112 113 36
13 150 175 34
2 216 219 29
15 192 207 17
45 223 309 22
17 51 84 24
17 192 220 42
6 202 210 5
22 31 65 4
45 138 202 38
16 198 214 13
5 108 113 4
45 24 75 44
13 219 233 35
25 6 42 18
1 3 4 5
28 102 134 8
14 212 231 17
25 15 43 22
9 145 157 39
39 128 203 0
34 84 146 22
2 172 175 43
8 5 19 15
12 206 226 29
15 183 209 2
33 174 221 9
38 139 199 40
27 128 170 19
3 137 141 10
28 149 181 24
18 97 118 23
10 182 194 12
43 179 246 1
35 202 247 43
43 143 214 18
8 144 154 26
21 95 121 28
25 106 132 29
30 58 107 12
26 205 256 0
18 72 107 35
1 118 119 7
14 92 110 43
45 170 231 33
3 140 143 35
25 134 177 21
34 206 253 23
11 3 18 1
29 147 176 38
31 131 180 42
35 22 68 5
9 17 31 40
41 203 253 41
39 46 103 35
27 110 137 4
7 32 45 13
45 59 118 15
33 117 152 21
2 27 29 19
12 138 153 30
12 111 130 15
36 108 150 19
9 54 65 8
25 110 155 27
8 9 18 41
34 72 111 16
38 168 239 32
9 6 19 43
10 81 99 28
24 133 169 23
5 199 204 21
12 199 222 24
15 90 109 9
22 82 124 42
16 57 80 1
27 99 132 6
33 64 129 8
30 36 69 26
25 137 182 39
8 151 159 42
37 75 127 34
35 68 120 37
20 201 227 11
5 103 112 29
29 223 274 43
41 166 243 7
14 155 178 39
25 12 56 29
7 123 131 11
2 107 109 18
37 33 97 34
39 188 245 3
32 38 77 8
41 29 71 3
20 57 86 3
29 137 174 17
7 144 151 24
11 148 165 6
28 80 112 33
45 29 87 21
10 133 144 16
37 131 196 0
23 31 72 35
1 72 73 8
39 82 145 9
33 212 272 1
25 18 57 24
43 65 111 14
44 1 83 1
20 208 239 24
40 21 62 4
39 189 233 12
26 222 271 28
23 17 57 11
34 33 94 33
1 48 49 9
3 112 117 44
21 166 202 41
37 16 65 28
41 167 215 31
42 67 149 43
18 104 136 39
12 137 152 12
5 185 192 30
2 187 189 15
1 34 35 37
11 219 239 19
34 27 73 0
44 24 103 31
12 23 44 26
32 212 267 38
21 105 143 44
24 150 188 3
32 188 241 35
22 29 67 18
30 84 118 6
12 65 80 44
1 188 189 41
1 103 104 3
19 218 244 34
7 189 202 3
24 64 95 5
20 5 29 5
17 90 122 14
37 135 194 7
7 184 197 31
12 151 163 10
9 136 148 22
34 216 258 36
22 14 49 43
45 43 113 44
28 68 111 27
24 75 105 36
17 51 78 14
40 47 120 38
11 14 35 36
30 160 201 18
7 30 42 33
45 142 194 42
12 216 228 42
6 99 109 38
15 125 142 23
16 209 239 11
11 171 190 41
12 170 186 40
43 30 93 17
23 119 160 33
3 149 152 41
7 199 211 35
16 19 42 4
27 191 219 9
10 129 144 10
41 56 125 21
29 38 67 44
44 74 133 35
34 88 137 30
38 0 42 15
2 211 214 7
13 53 70 3
4 58 62 41
2 132 135 36
44 134 190 43
40 164 236 0
33 154 198 8
18 86 110 9
21 36 60 43
31 119 156 17
39 207 281 32
7 100 112 6
25 148 190 11
32 37 83 13
6 123 131 26
40 31 98 30
41 217 277 38
19 197 218 19
18 203 223 43
37 23 92 12
41 46 113 32
31 27 73 12
32 196 254 5
4 140 146 31
11 51 71 8
44 206 282 30
25 61 107 36
3 111 115 0
31 35 87 30
23 218 241 34
22 43 68 24
2 223 225 34
19 92 125 26
13 152 169 44
21 216 240 18
12 155 169 9
17 185 209 41
43 186 237 11
10 11 28 35
35 47 104 24
42 23 81 28
35 205 265 0
39 154 201 24
36 137 191 34
44 214 264 9
25 95 140 25
10 109 122 10
43 119 172 11
15 145 167 6
14 133 153 20
4 98 102 11
28 149 190 27
25 213 258 36
3 97 102 22
14 186 206 12
25 113 139 14
21 215 240 6
7 80 90 16
23 155 180 5
16 124 155 24
1 171 172 0
33 96 135 39
30 220 275 20
8 40 55 26
18 170 202 29
20 76 105 8
21 99 126 16
14 198 214 33
40 200 250 35
37 10 69 1
35 75 126 6
23 5 32 14
35 121 181 26
34 66 103 30
14 115 136 12
6 188 197 34
38 28 88 12
42 29 103 15
8 175 190 4
39 71 136 19
11 221 238 34
7 128 141 25
36 132 185 13
23 73 116 41
35 161 207 16
20 212 240 28
35 88 137 43
18 224 256 43
38 24 63 6
12 183 202 11
7 1 11 14
29 106 159 37
40 220 273 6
45 72 161 12
27 213 266 34
7 3 11 35
35 117 168 17
13 172 193 42
5 17 23 19
21 16 37 13
25 134 161 18
30 152 211 22
5 171 178 13
37 192 233 5
38 155 214 5
1 100 101 4
14 90 104 40
5 127 136 22
43 156 207 24
42 170 218 4
25 215 247 23
10 84 95 11
44 21 91 34
24 201 231 4
3 222 225 10
30 17 59 24
43 10 68 5
30 127 163 3
25 102 141 2
8 8 23 41
13 175 200 0
44 11 98 2
19 21 49 41
29 202 244 20
25 167 206 7
1 0 1 17
40 118 167 2
15 54 83 0
4 41 48 38
6 91 100 39
3 68 73 24
3 63 67 29
1 25 26 18
