150
8 63 73 3
15 6 34 5
8 55 65 2
2 44 47 14
11 28 46 6
1 59 60 14
9 57 68 7
6 68 76 0
12 71 87 2
3 64 69 6
3 52 55 9
9 59 72 5
4 65 71 13
4 32 36 10
15 23 47 2
13 32 57 8
5 21 27 2
4 43 50 12
7 17 26 4
9 17 29 11
5 69 75 7
3 38 43 5
14 47 64 13
4 57 63 10
12 47 63 4
7 24 31 9
2 68 70 14
2 55 57 10
15 66 94 13
3 33 37 12
7 1 9 9
6 66 75 9
10 46 61 13
14 6 24 14
13 48 66 4
1 62 63 2
7 37 50 4
14 53 74 4
4 39 46 6
1 36 37 3
5 61 67 7
3 17 22 12
9 70 79 7
1 11 12 9
12 9 22 12
15 21 47 13
2 21 24 5
4 70 77 5
6 15 26 3
7 55 68 3
11 7 26 14
10 1 13 0
12 15 34 14
6 31 38 0
1 36 37 12
8 34 46 9
1 54 55 12
3 41 44 0
2 68 70 12
8 61 70 0
15 49 73 0
5 71 76 14
15 71 88 14
5 10 18 3
8 13 28 13
14 35 61 2
1 44 45 6
4 32 38 3
4 27 34 12
13 40 56 1
11 13 33 3
6 16 26 14
3 70 73 4
14 24 40 7
12 31 43 10
3 43 48 7
7 72 83 14
5 64 70 14
14 60 76 10
10 48 66 12
13 61 77 4
2 14 16 13
4 25 29 6
9 42 59 2
7 26 38 6
8 59 72 4
9 26 38 1
2 34 37 2
10 13 31 4
6 31 39 3
11 58 77 13
13 71 89 4
13 3 19 3
13 29 46 0
2 67 70 11
12 12 33 11
7 69 81 5
11 47 66 0
15 39 65 10
1 58 59 9
14 9 26 1
4 50 55 3
13 60 75 6
11 50 66 7
15 74 96 13
3 6 10 3
4 15 20 4
10 45 55 4
6 9 19 9
14 53 74 11
10 45 59 13
7 27 36 4
1 18 19 1
5 48 55 12
8 4 18 0
6 71 80 3
12 67 79 8
13 65 86 4
7 57 65 7
9 52 68 13
13 3 19 6
14 70 84 10
10 73 84 12
14 39 58 10
1 17 18 7
5 58 65 2
10 34 50 7
7 70 78 12
4 72 76 4
10 11 24 12
13 24 48 12
12 59 75 13
6 40 48 5
10 22 37 1
10 10 27 6
5 40 46 10
12 21 39 13
6 6 12 13
13 18 39 14
14 42 61 12
2 50 52 12
8 66 75 14
7 4 15 7
6 74 83 4
1 13 14 7
4 37 43 4
8 43 55 5
10 44 56 0
12 71 87 9
6 33 40 12
