100
9 473 875 4
2 739 340 3
7 316 268 4
2 795 613 0
3 559 850 4
4 248 280 2
0 871 343 2
7 193 977 0
0 862 176 4
5 915 549 0
4 868 579 2
3 156 98 2
5 882 451 2
3 791 201 3
7 577 62 1
8 354 87 1
7 785 365 1
3 61 624 3
1 282 408 0
6 830 618 3
5 971 101 4
6 152 524 1
4 169 751 0
9 278 183 1
1 963 329 1
3 563 925 3
6 684 672 0
5 339 550 4
0 104 661 1
9 61 823 4
8 401 927 0
7 527 959 0
5 619 638 2
9 157 713 1
6 670 699 2
5 243 109 1
1 75 461 3
9 514 512 0
6 247 53 0
3 173 152 3
9 541 123 0
7 30 291 2
3 953 348 2
0 101 616 1
7 56 514 4
0 912 51 3
3 910 799 1
6 630 399 2
4 993 30 1
3 805 70 2
5 62 627 3
1 193 964 2
5 967 830 4
3 168 269 2
4 586 567 1
0 545 853 2
8 455 78 2
5 820 296 4
6 614 543 2
9 146 622 1
0 203 361 1
2 506 834 2
3 46 440 2
4 509 562 0
7 651 455 0
8 239 793 1
4 883 782 0
7 477 426 2
1 537 2 3
9 675 249 3
3 247 237 3
0 703 887 4
8 731 291 2
3 896 956 4
2 263 29 3
2 615 524 0
0 11 652 2
3 497 68 1
7 30 982 4
4 665 760 2
6 436 719 4
0 32 815 1
7 230 650 0
4 593 637 3
2 609 883 4
7 655 476 1
2 807 641 3
7 491 221 4
3 628 282 1
8 871 180 3
8 489 744 2
0 215 856 2
7 15 738 2
5 838 232 3
5 381 184 3
4 13 883 3
5 988 262 1
3 687 966 2
3 160 86 1
6 510 843 2
