200
9 1403 99 4
3 12 1920 0
3 516 269 0
6 1450 1467 2
1 1149 1012 1
6 1201 1123 2
0 1823 44 1
0 281 1734 4
5 82 1932 4
5 611 227 1
6 1157 1593 2
9 1171 1048 0
5 1761 1391 0
7 399 914 1
0 1241 1065 3
1 1073 1177 1
8 425 517 0
5 872 1520 0
0 1821 182 1
4 741 1511 1
8 188 1748 3
9 1955 238 1
5 216 1212 3
4 548 543 3
5 178 45 3
6 605 1100 1
7 1885 1684 0
6 816 1335 4
9 670 1374 3
6 824 440 2
7 1096 361 0
9 143 1483 0
0 1208 414 4
4 261 1607 0
5 146 957 4
2 1785 1836 1
7 632 278 1
6 870 1448 2
1 1004 352 0
5 745 1472 3
8 356 235 2
2 1499 511 0
7 689 71 1
6 663 412 4
7 1382 927 1
1 1712 279 0
6 1989 238 1
3 534 1336 0
6 358 1832 2
4 1044 873 0
0 1773 307 0
0 892 51 4
5 1049 1495 1
6 1093 35 2
6 1662 26 4
4 434 974 0
1 729 734 3
4 1612 587 1
9 1061 656 0
4 1278 78 0
6 1589 871 0
7 734 1404 1
6 1448 1190 3
1 1070 1380 3
8 1099 438 1
1 1274 1634 0
5 1235 1573 0
5 1148 399 2
2 983 405 1
3 1824 1911 0
8 1333 1665 1
6 76 1131 0
8 671 1397 0
8 1490 1080 2
0 127 1718 0
6 1148 1259 2
0 939 1907 2
6 905 1915 1
8 1328 340 1
9 320 1386 1
2 1965 1526 1
3 588 1329 4
0 333 1218 3
8 417 490 3
0 587 1148 4
3 86 1859 4
5 1256 325 1
3 1990 1148 0
7 1045 1701 4
2 1830 369 1
1 1974 1157 1
0 265 7 4
1 263 1608 4
5 987 1279 2
2 1843 933 4
6 785 1999 0
2 1895 759 0
8 1824 1027 2
2 1096 581 0
0 553 1812 0
6 938 1482 3
3 1182 289 4
7 1977 944 0
3 1821 1859 1
3 1933 1503 4
5 1271 208 2
9 1482 500 2
8 1670 994 4
2 1554 1923 4
2 99 847 0
9 1007 1341 3
7 683 1485 0
9 1057 935 4
8 240 666 1
8 371 128 4
9 1229 727 0
0 937 794 1
0 443 738 4
4 1511 575 4
9 36 469 4
1 791 281 2
2 5 227 3
5 1380 899 1
9 1379 1023 1
4 1217 424 2
8 1098 1591 2
6 894 806 3
6 1372 1240 4
8 1062 1720 0
2 1376 1313 2
3 688 1199 0
3 1603 726 2
3 1716 349 2
0 1643 1615 2
4 1543 1405 1
6 1148 1060 3
1 1547 643 3
1 296 927 0
4 861 1381 2
6 1758 268 3
2 1222 1814 1
9 937 107 3
9 630 951 4
8 722 1533 4
4 811 405 0
0 1756 1659 0
3 624 257 2
9 266 168 0
4 213 27 3
9 172 1702 4
8 137 1240 2
4 1389 839 0
4 126 68 3
0 1629 436 0
0 392 1098 1
7 665 529 2
4 68 161 2
5 116 617 1
2 142 1771 3
2 66 1005 4
7 169 657 2
5 1092 1520 2
8 1289 1891 1
7 180 1042 1
3 261 1095 2
4 1955 1410 2
7 601 1513 4
5 1501 1389 2
8 69 410 1
8 203 759 0
0 620 328 3
4 1330 233 2
4 893 919 1
7 1260 1220 3
9 514 1638 1
8 902 1430 1
1 1033 1272 3
2 865 837 0
1 1800 564 4
4 34 1963 3
8 111 184 2
9 605 1523 1
5 432 31 0
8 690 1662 1
9 1177 1150 3
0 1800 1274 3
4 96 220 2
8 679 1179 4
4 140 908 2
0 1556 1385 2
9 1927 1795 3
2 1164 699 0
3 518 412 1
3 419 1926 4
8 245 369 2
1 938 164 4
4 1482 560 3
3 771 1953 4
6 714 981 2
0 1590 1993 0
