150
3 938 736 2
9 69 909 1
7 1194 1494 0
5 550 702 2
5 1084 1150 2
7 34 460 3
7 842 468 4
2 1344 1083 3
6 914 1078 0
2 695 934 1
3 145 186 3
0 1158 1218 0
9 418 1139 0
2 391 1480 0
7 1249 1083 2
5 1450 165 2
8 1187 1206 0
2 148 1066 3
7 1493 342 3
8 386 551 0
4 814 1145 4
6 827 1205 2
4 248 618 0
8 7 511 4
8 1138 760 2
4 1231 908 3
8 402 498 4
9 692 1421 0
5 193 532 3
2 576 156 3
5 312 1220 2
6 714 620 2
3 1432 834 1
3 932 1136 4
6 1031 1151 1
0 565 370 3
1 663 1137 3
4 1406 183 4
9 1289 239 0
6 1018 1084 4
0 1385 496 1
8 526 524 4
3 1365 1257 0
5 1370 284 3
1 42 501 2
5 1229 472 3
1 830 243 2
8 172 1330 3
9 1428 267 2
6 1113 169 4
6 1000 487 2
4 1220 1130 2
4 1493 628 2
6 304 289 3
1 1446 501 4
0 1252 617 3
9 668 628 4
4 1083 765 1
4 479 224 0
9 1302 461 1
7 1286 981 3
7 317 1249 0
4 1022 1000 3
3 237 293 0
1 866 280 3
7 1110 1337 1
1 904 52 2
4 1046 673 3
6 1092 1233 4
0 26 39 2
5 107 689 2
7 502 1051 4
4 811 124 3
9 960 1499 4
3 983 1035 1
2 1491 1243 0
0 1123 277 0
2 1403 446 1
9 925 1478 4
7 378 1150 4
3 890 529 2
1 1182 692 1
9 78 1422 2
4 285 228 1
7 233 954 4
2 1213 1079 3
3 698 982 4
0 1486 1450 1
7 999 320 1
2 1381 706 2
7 1424 1450 3
4 1170 1033 4
7 1319 820 0
6 844 396 0
2 276 26 4
2 570 143 3
1 1252 287 0
5 425 411 4
4 966 42 2
7 421 637 4
7 1246 1151 3
0 290 680 1
3 1043 410 2
5 975 10 3
9 40 1430 4
9 435 7 1
0 729 603 3
7 1433 117 1
4 69 1424 3
9 838 555 2
7 454 379 4
8 409 658 1
6 95 710 2
5 346 794 0
9 461 237 0
0 102 126 3
6 430 79 1
9 531 232 2
9 92 398 0
7 232 1293 1
5 1207 794 3
0 488 642 3
6 494 1012 3
1 1481 661 4
3 562 269 4
1 375 256 4
3 1300 1139 0
9 69 693 1
5 147 818 2
6 1463 764 2
6 651 706 1
1 1298 1294 0
4 116 1108 4
8 204 1256 4
8 1454 739 1
3 603 240 4
1 728 1375 3
2 83 212 4
3 1020 563 4
2 938 941 0
9 124 165 3
1 618 203 2
3 39 39 3
7 114 633 3
0 977 520 4
2 1109 873 1
7 1331 25 2
1 741 356 4
1 1076 1478 1
3 895 1148 0
