500
8 4817 4168 3
3 1579 2206 0
4 4251 3974 0
0 4936 334 4
1 1503 3996 0
6 261 1545 1
3 4320 534 1
6 4301 1667 1
9 727 2130 2
5 410 1551 0
0 657 485 3
1 406 2997 3
3 2411 1680 0
7 2185 1820 1
8 3978 807 1
0 4365 3161 2
3 552 856 0
9 466 2597 4
2 4643 3298 4
3 3269 835 1
8 2286 683 3
3 2333 774 1
7 3007 1089 3
6 4881 4866 2
3 1422 476 0
2 4050 2604 0
8 4449 321 0
3 3327 4888 4
9 1483 3840 2
7 3909 891 4
1 3065 1136 1
8 1682 2853 3
9 768 334 2
4 4678 2710 0
4 2976 3158 4
6 906 740 1
7 1058 2004 2
9 32 919 0
6 642 2681 1
7 2916 3271 0
6 2264 1753 3
1 1307 3602 2
8 2949 907 0
7 180 2860 2
3 3045 1441 3
5 3343 4010 2
3 4004 3906 3
3 3258 97 4
5 39 4744 2
8 1270 4326 2
2 517 3601 0
3 896 2501 3
7 2413 3673 1
3 3036 98 2
8 1256 2210 2
3 4716 2907 4
1 3860 3532 3
3 2367 3997 4
1 2269 480 4
6 3344 2033 1
8 4973 1151 3
3 595 2481 2
6 1754 3684 2
8 3648 4106 4
3 3895 1558 4
7 3587 2326 1
9 1627 528 0
9 503 1662 1
2 2311 2782 0
4 2439 2286 2
6 4636 1916 4
3 271 3937 0
3 2139 4239 1
5 3800 1858 0
9 3357 3657 4
2 4876 1666 1
9 1362 2731 4
3 529 1234 0
5 941 4185 1
7 3177 3235 2
4 1997 2920 0
8 835 732 1
0 4733 1750 3
8 3345 676 0
2 3118 2807 4
7 2939 3361 0
4 4221 1462 3
1 3665 146 4
0 2135 3683 3
7 3011 4922 4
2 4490 911 0
7 4445 4639 0
8 2793 81 1
4 3249 1053 2
1 1580 2216 2
2 1391 3937 0
6 2587 1302 3
5 4198 2709 4
7 4286 930 3
8 3870 2852 3
9 3021 3078 1
3 609 2298 4
9 448 3086 1
6 2088 3940 1
8 3103 290 4
9 1587 734 2
1 3813 1338 1
6 1848 2449 4
1 3406 1250 1
7 252 4628 3
7 1704 967 4
0 1424 2326 0
1 2535 3848 1
1 650 3995 4
4 3680 3116 0
3 703 3399 0
3 2151 1548 4
9 2951 2216 4
4 3848 3690 3
9 4040 1860 4
2 2291 1631 1
2 4688 2033 3
9 237 935 2
0 3919 739 0
1 3224 2378 1
2 4995 3263 1
1 65 3294 3
4 37 379 3
1 97 3031 4
6 3042 2752 4
6 93 4209 4
5 525 2866 2
0 1460 3072 2
6 1045 2088 4
5 2123 1035 3
2 66 3552 1
1 3411 1132 0
3 3362 4126 1
4 1250 1036 1
1 3355 3246 0
3 4178 3226 0
0 1207 1365 2
9 2604 4623 4
4 344 3167 1
2 4377 993 0
2 3876 2482 0
1 1977 4257 2
2 2514 3703 1
5 2791 3363 2
8 4592 556 4
4 4237 3740 4
7 943 3321 1
7 4311 3602 2
4 560 1986 3
1 3588 2638 4
1 4164 609 2
9 1244 3221 2
1 2328 242 2
1 771 4524 4
9 1901 947 3
6 1410 208 4
3 1015 4111 2
1 946 4686 0
9 575 4218 1
6 2628 1752 3
5 1857 3835 3
8 2245 2325 3
5 4353 809 1
8 3639 229 4
1 71 3685 1
4 2555 2596 1
5 4563 4329 2
5 4154 2122 4
9 4329 2581 3
4 511 1709 0
8 27 1030 1
6 3048 57 1
9 4225 3374 1
2 1020 2780 1
0 3871 4101 0
0 539 1713 3
6 955 2800 0
4 2296 3694 3
7 3877 2564 4
1 1431 3061 4
5 2093 1435 1
1 1488 3625 2
2 3000 4523 2
6 2898 1596 4
1 3412 4168 1
5 3382 750 0
0 4245 914 2
8 4770 1299 1
2 4060 3438 3
2 3766 2206 3
0 1335 2182 2
4 2543 2581 4
7 2366 1429 3
0 4250 84 4
3 2229 3226 0
2 1434 3285 2
5 3204 1068 1
9 1275 340 1
8 4958 3212 4
5 1633 4166 1
0 3319 2690 1
8 2421 4835 4
4 2757 1192 2
7 1238 28 2
5 348 562 1
1 2685 770 4
6 2129 389 0
2 3161 65 0
7 3575 600 4
8 4355 637 0
5 2969 2102 3
6 1456 3472 0
3 3007 2035 3
1 818 3217 2
5 2214 514 1
4 921 970 4
4 2502 3933 0
4 4198 1296 3
7 4470 3839 1
9 719 4768 1
8 3661 2389 0
6 2679 4377 4
0 2887 2031 1
2 1172 1262 2
7 678 1527 1
7 164 874 3
6 3823 1596 3
2 155 4286 2
5 887 167 3
7 4886 1874 1
4 2432 691 4
2 2130 2296 3
5 1890 2823 4
7 2376 1083 1
9 3118 1687 4
8 74 1610 3
5 3791 701 4
7 1676 3071 0
8 4539 2319 4
1 3917 1883 2
9 3355 89 1
5 104 4415 2
7 535 2732 2
4 2621 536 3
2 4226 2679 2
9 2952 4023 2
6 1872 3859 0
7 833 2045 1
5 2738 3431 2
9 759 1528 1
9 2629 1710 2
1 4752 4078 3
7 3545 2619 2
1 1758 519 0
6 2034 4563 0
3 4599 1260 3
7 503 3023 3
5 1798 4540 0
6 3635 3435 3
2 292 1173 4
3 4617 2639 3
4 2515 4282 4
8 3743 4279 0
7 1181 2740 4
4 958 159 3
1 2292 298 3
7 3955 26 1
1 2217 3265 1
5 2676 2686 4
8 1506 1767 3
9 1248 3450 4
1 559 629 1
6 1802 3445 1
4 1453 4870 4
7 1680 1966 0
5 471 3244 1
6 2258 21 3
9 2548 3125 4
9 2108 4830 3
5 3129 1046 1
0 2801 4317 0
8 1528 3009 4
8 1043 3087 1
7 2405 2694 0
3 1798 3021 4
4 2965 479 0
2 4377 2289 1
4 556 1562 0
4 548 330 2
3 1095 925 1
1 1780 4014 0
2 4580 174 1
3 3109 2897 0
0 484 2408 2
4 1768 4773 1
8 1476 1724 0
8 2043 3591 3
9 1372 2327 0
4 4798 4248 4
1 474 1220 0
2 695 3170 2
3 1889 1702 2
0 4526 3532 2
3 1369 4771 2
1 2019 1798 3
1 4719 4088 3
0 873 601 2
7 2713 4535 2
3 2411 717 2
1 892 2607 0
2 2392 1462 3
4 3338 3677 4
4 1466 1006 3
8 3447 582 0
3 2000 2720 4
9 4178 4081 3
3 4967 3011 1
5 3177 1340 1
5 1719 3247 0
3 4538 109 3
7 4550 2344 4
1 4385 4877 2
3 3366 1369 0
0 1306 4752 1
3 4503 4836 1
1 3496 3337 2
9 3829 1922 4
3 3514 2188 2
2 3213 2012 4
5 3602 1489 4
4 781 4623 0
7 3116 3416 1
8 1610 1568 0
6 4752 4962 0
7 1773 3362 3
3 1859 2769 0
4 565 4565 4
6 1859 1912 1
3 542 3388 2
8 2660 3395 1
5 1799 4183 3
3 2764 2313 3
6 2898 1269 1
5 4760 1161 0
1 2385 2393 2
4 1231 1855 2
4 2870 1407 2
0 549 4464 4
9 3972 1483 4
9 3727 708 2
7 4118 2708 2
7 2095 366 3
6 3399 2958 0
2 1354 3478 1
1 137 3538 2
2 991 1131 0
7 3089 2349 4
7 664 4153 2
7 2245 1526 4
6 649 3120 4
4 1045 2076 0
8 3771 392 4
6 1414 4189 1
3 622 3840 1
8 4066 4015 2
6 1402 1388 3
1 194 451 4
2 4760 852 3
6 3318 639 0
5 1921 428 0
8 3510 3363 2
4 821 2768 1
0 744 1548 1
3 4456 2090 0
0 906 47 1
0 2302 1966 1
9 4306 131 4
8 1224 3911 3
4 939 4421 0
4 4323 4546 1
0 248 2329 1
4 4296 2906 0
6 1701 3186 3
5 3681 1320 1
9 3629 4348 2
8 3345 3811 4
5 2768 3030 1
8 1384 2255 2
1 1943 4852 4
2 3887 2460 3
4 4318 1095 3
0 3347 222 1
9 1429 3201 1
6 973 3360 0
8 4588 3219 1
4 3536 3196 2
0 1780 2686 4
2 3724 3068 0
6 2207 2838 1
2 595 4722 0
5 3984 4438 3
5 4642 2242 0
7 4293 1322 3
7 4919 1640 0
2 3536 4471 2
7 681 4021 4
6 1530 309 4
2 4320 1793 2
0 3085 3115 4
4 2467 1071 0
8 4110 2035 3
2 1512 2790 2
6 2037 4966 0
8 4047 539 1
5 3976 477 3
9 4870 912 3
8 3316 2646 2
3 38 721 2
8 2999 2883 4
0 694 4349 4
9 4871 1238 4
6 2312 343 4
2 158 1428 4
8 4386 1961 4
8 864 4279 3
7 1518 2996 0
3 2609 1986 1
9 2383 2708 4
9 771 952 2
2 895 2605 0
9 671 3556 4
7 451 2843 3
3 1288 2091 0
5 1344 3913 4
4 212 2017 3
7 3262 2952 4
5 3321 2365 1
1 2712 188 3
2 4275 90 1
3 1289 4630 2
0 2504 2998 3
4 4727 3705 4
0 4091 4525 4
6 2114 424 4
8 751 1047 3
8 2048 2931 0
2 3845 2619 0
7 1120 368 3
2 4001 4509 0
7 2773 4055 1
6 910 3369 1
4 1773 3638 0
7 501 923 1
5 18 2648 2
3 4302 35 3
2 1996 4560 3
1 2428 1963 1
9 122 1385 1
9 2243 766 0
4 4825 3081 4
7 1802 990 2
1 2562 4324 4
0 2237 2356 3
9 1439 1440 1
8 3947 3016 1
3 1135 3049 3
7 1407 1244 2
8 3554 692 0
5 1585 1363 4
9 337 3199 4
2 4272 1903 0
7 1529 3417 4
7 3483 4197 4
3 2101 1132 0
9 3819 4925 2
1 4350 3151 0
8 2315 1706 3
4 206 2687 4
8 3081 4360 3
5 167 3153 1
4 4388 4350 3
6 1245 3656 0
3 1620 2524 2
2 2823 826 2
9 391 40 2
9 3946 3697 4
5 1848 4955 4
4 3963 3722 4
0 2699 149 4
8 3701 3374 0
6 4146 2594 4
8 2035 2777 0
1 4262 4457 3
9 83 3067 0
2 2145 2796 1
