50
7 165 242 2
2 450 15 4
4 352 183 2
4 286 161 3
7 394 286 0
1 456 312 2
7 27 410 0
2 408 80 0
1 489 67 2
7 3 19 2
6 457 23 4
1 273 297 3
7 385 260 1
5 241 470 4
2 158 421 0
5 380 331 0
7 320 483 4
8 265 441 0
3 467 161 3
1 99 259 3
5 422 345 1
8 228 364 1
2 70 201 3
7 474 140 1
5 254 264 0
2 178 77 2
4 236 433 2
2 496 50 0
0 245 119 3
2 457 164 0
2 332 227 4
9 455 126 0
2 167 383 0
0 388 277 4
5 67 470 3
0 146 7 1
3 124 153 3
9 75 288 0
0 13 188 4
9 313 59 2
6 324 106 3
1 345 423 1
3 285 303 2
7 5 123 2
3 251 15 4
6 100 300 1
4 115 160 4
3 20 47 0
2 291 301 1
5 185 257 2
