250
4 267 644 1
6 1627 1484 0
8 251 2303 3
0 1903 1795 4
9 2173 1579 4
7 424 213 4
5 867 865 4
4 1798 1831 3
1 2036 2127 2
0 1045 979 2
2 669 20 1
0 871 2016 1
4 2361 1358 0
9 1066 1235 4
3 424 1923 3
1 326 840 2
8 1881 1619 2
0 1329 270 1
7 1487 1981 4
8 2241 1622 0
8 1185 1754 3
2 2419 1926 2
5 1883 94 3
7 2386 222 3
6 765 2327 3
1 1014 2058 4
2 1325 2353 2
5 179 1997 2
2 147 834 4
7 1757 2273 4
5 1957 278 3
1 2135 277 3
5 589 2179 3
3 1746 1879 2
4 12 2273 1
7 1661 1846 3
5 79 1131 4
7 384 1117 0
0 2406 2095 1
0 2388 1640 2
2 1494 558 4
7 660 606 3
8 747 1836 2
1 2253 723 4
4 1981 1383 2
1 1741 1361 1
0 824 1367 4
1 946 2270 0
3 2158 810 2
2 1303 2201 2
1 1429 91 4
1 572 1014 3
9 793 2037 2
8 1233 2006 2
8 551 628 3
9 2195 1226 4
1 1752 487 3
7 45 192 1
6 2337 304 3
9 757 187 2
5 748 510 1
0 961 397 1
6 1029 1117 0
0 818 148 3
9 97 1614 2
1 726 2225 1
6 2401 2452 3
0 507 1299 1
6 956 421 0
8 295 952 4
5 1123 1549 1
1 1799 757 3
1 2237 2159 3
1 1765 252 4
2 680 974 1
3 631 495 4
9 2378 2355 4
5 493 1177 2
0 1939 1839 4
4 1724 614 0
8 69 68 3
2 1286 86 0
0 624 1265 4
5 2121 1757 1
6 43 600 4
2 2107 1666 1
5 1841 863 3
5 1853 2365 1
8 94 1737 2
2 1052 2107 4
5 2390 935 2
5 212 1392 3
0 1620 1923 2
8 511 851 0
3 719 1963 1
5 2365 1998 1
4 287 527 0
2 893 40 2
0 327 1557 3
5 2220 1806 2
4 1359 1535 4
2 2398 251 3
2 165 2436 4
5 1488 580 4
4 1212 1513 2
5 1469 192 1
0 1339 902 1
9 1987 229 1
6 109 1107 4
1 2325 959 3
9 1846 1550 3
4 756 1763 2
5 2168 1225 0
6 1105 2214 3
6 1834 1975 1
5 872 249 2
7 1242 2287 2
3 363 672 4
6 1312 2019 2
7 1944 291 3
4 6 407 2
6 2115 832 2
2 1691 464 3
8 1633 2010 0
7 2265 2414 3
3 396 1663 0
6 1641 1278 4
6 391 486 4
8 1050 1516 0
2 2316 859 4
7 1673 44 1
6 202 2012 3
4 106 1560 0
7 1968 1790 4
6 197 976 0
1 2350 519 1
0 233 965 2
7 1978 704 1
1 456 337 4
7 2075 1836 2
1 1769 236 4
9 1567 1493 3
5 604 1209 4
5 2072 378 4
8 450 2134 0
1 816 1358 3
1 116 177 0
1 188 643 4
0 256 1428 3
0 729 2311 2
4 1937 2305 3
4 1465 1406 3
9 1042 1851 2
7 827 1388 0
9 1457 2357 0
7 1546 1192 2
1 1342 1825 2
5 810 609 0
1 2029 28 4
5 1460 2270 0
9 1079 1923 0
5 2053 209 0
0 1713 1889 3
1 279 1323 2
4 1911 339 2
4 828 842 4
9 1302 123 1
1 905 1972 0
7 1085 355 4
0 1251 2318 0
9 1332 2492 1
0 38 1202 4
6 1889 1574 0
7 1354 298 1
2 1337 2290 0
3 1548 359 4
7 1444 1871 4
6 17 295 0
9 1745 2092 2
4 1100 2348 2
1 2220 366 1
5 846 1858 2
1 1443 185 3
8 1385 2360 1
6 2221 399 1
8 1314 2061 4
1 1412 76 3
2 1154 848 2
2 932 2244 0
4 903 722 4
8 2491 1934 4
2 1149 989 4
3 2231 1333 4
9 179 614 0
1 1428 555 1
3 1602 1140 2
1 1165 2459 2
3 1702 696 1
2 1825 1608 2
6 36 1590 4
4 163 1773 0
1 1319 53 0
6 1608 1082 1
6 2116 746 2
3 2259 218 0
8 871 408 4
4 163 758 4
2 445 859 3
6 2112 532 1
3 1546 1802 3
4 1780 1182 2
6 46 1761 4
1 649 1444 3
7 213 1833 2
0 664 2136 0
6 345 61 1
5 2364 895 4
7 1205 117 1
9 372 2089 2
2 1105 2378 2
8 392 1012 1
9 1149 2021 2
0 575 2449 2
5 1022 1055 2
8 1312 1835 0
4 1804 102 3
4 1291 1752 4
5 15 870 2
5 1769 515 4
5 1904 1117 1
9 197 885 0
2 1760 1284 0
5 2334 57 1
0 1984 1943 0
6 2182 1821 3
7 1328 1357 4
3 1762 1010 4
3 564 1843 2
3 1649 2069 1
0 223 776 0
9 1224 462 4
2 2439 1408 1
4 539 913 4
1 85 281 1
3 495 2002 0
5 1085 267 1
5 86 854 0
4 2416 655 4
5 1549 425 3
7 673 1597 0
