450
2 1645 1722 1
7 3471 1807 0
6 3896 2683 1
3 202 1218 4
7 3672 1645 0
6 1723 1329 1
9 3991 3224 4
8 448 359 1
8 4222 2660 0
0 4474 311 0
7 2355 930 3
1 3876 1998 4
6 3737 366 3
7 1061 3060 1
9 1182 1675 1
5 3954 3157 2
9 2421 2529 2
2 409 1008 0
0 199 4214 2
2 3893 1465 2
1 1051 2209 2
9 3277 761 0
3 1584 312 4
9 1789 1239 1
8 868 3824 0
7 2901 1545 1
3 4314 1354 2
3 841 2092 3
8 113 774 2
4 2181 1641 4
6 3178 3184 3
2 4078 1233 3
1 3731 249 3
8 308 3925 4
3 3732 649 3
5 2874 1163 2
2 276 3376 1
1 4422 3759 1
3 4022 1052 4
3 2236 624 3
5 1940 2469 2
9 3244 4245 4
7 2421 346 0
2 1879 2840 0
6 3104 258 4
7 1621 1964 4
8 3044 2892 4
1 234 707 0
0 3706 3356 1
1 3611 3673 4
0 3782 888 3
7 4410 3574 3
2 1832 427 1
8 1885 3748 0
0 1134 3134 3
5 1321 2632 0
9 1510 2477 4
0 146 713 1
5 1206 953 3
0 629 2194 0
3 2134 2295 2
1 4170 1148 4
6 3320 3441 3
2 3312 384 2
0 3215 3395 4
1 2984 1465 2
7 951 2671 1
8 1282 1339 2
5 3347 530 4
2 1529 4061 3
9 1134 1911 4
6 113 760 3
9 4174 2867 2
9 4067 3597 4
9 3670 1363 3
5 686 3507 0
5 1739 4238 4
4 1532 452 3
3 3674 2614 2
6 109 1411 0
2 281 4341 0
7 1520 1395 0
9 3714 851 2
8 2092 241 1
5 814 231 1
1 28 2625 0
8 4136 836 3
2 1266 4344 1
0 18 1760 0
8 513 699 0
2 4010 1385 0
0 2696 2208 2
6 1607 563 3
4 2994 234 2
8 925 1076 4
1 162 615 3
9 3522 262 2
8 729 1440 1
2 478 189 0
5 915 3901 2
5 2759 3456 2
6 133 1510 0
9 331 4265 1
5 155 3641 3
1 3993 3938 1
2 2432 3404 1
3 775 3706 3
2 4492 1651 2
7 3065 2128 4
8 3432 4276 1
0 2333 1828 0
3 1895 1664 1
6 3209 350 3
3 3750 2452 1
0 3028 2565 2
3 2457 100 0
7 3298 989 4
7 359 1167 2
5 735 2147 4
6 3291 2767 3
3 3007 3020 2
8 1967 4017 0
2 4265 2374 4
9 2249 3028 3
9 3226 165 3
5 3149 3935 3
5 2849 2294 2
7 115 2102 4
8 3492 3176 0
8 575 1146 1
1 2909 3193 2
0 3397 742 1
6 3239 4496 0
7 3436 1142 0
6 3969 816 1
1 188 439 1
9 1686 1265 2
8 4258 2941 3
5 1398 3317 4
1 4016 3930 1
2 3352 1033 0
0 4096 470 2
0 2076 2236 2
8 877 2358 3
4 3667 2449 2
7 86 1616 0
5 992 1974 2
3 735 87 3
4 496 1522 4
1 1515 3148 4
4 3076 3007 4
3 628 3296 4
2 363 577 2
4 1367 3461 0
9 2516 4365 0
1 3465 2308 0
8 3269 2445 3
4 4040 1262 4
3 51 2319 1
5 1586 1239 2
1 2054 4480 0
2 3826 3097 0
4 1019 1144 0
0 764 3017 1
9 4300 3734 2
3 1850 3493 1
3 1732 1552 4
5 3130 1051 4
8 2487 694 3
7 3065 1480 0
5 3431 1183 3
4 926 3495 1
6 1584 4278 2
0 387 3070 1
2 885 2303 0
7 2534 2410 2
5 1215 2979 0
8 3396 3922 1
9 2591 62 0
8 3058 3074 2
9 3535 3177 2
9 2979 103 0
9 89 4404 0
7 3957 3585 4
1 1931 279 3
0 54 1545 0
7 2378 2581 1
2 1579 942 1
1 642 4247 4
1 1193 3013 1
2 2655 4115 3
7 4296 179 0
7 107 1018 3
8 1574 3327 0
6 1731 3487 1
9 1715 3880 4
0 1620 2515 2
4 1213 812 1
0 3080 2415 1
5 2889 3132 4
6 844 331 1
9 217 4058 1
7 1000 2246 2
1 1950 1241 0
9 2433 966 0
9 3891 2350 2
4 521 1755 2
6 3977 2713 3
9 1839 47 1
6 207 4145 3
2 3827 3036 1
7 2706 2216 4
4 2308 1535 3
2 1527 307 4
3 3835 3539 1
4 3934 2549 2
9 2152 3470 0
2 614 3305 2
0 2517 1247 3
6 4034 2345 2
6 2054 1153 0
5 1710 2700 2
4 247 386 3
2 3446 1078 1
3 941 1876 4
9 847 1110 4
1 3633 2206 0
6 134 985 3
6 1885 923 2
9 1543 3898 2
4 2787 3130 1
2 456 3073 4
3 162 2237 3
6 161 948 0
4 983 2992 2
2 4269 585 3
7 2195 3424 1
5 2403 2083 2
6 1503 2294 4
8 1745 2181 0
4 3142 1476 0
5 2130 1558 1
7 2046 1617 1
0 1261 2189 4
8 2162 3705 1
3 4260 3034 0
8 3313 139 0
8 1613 1081 1
5 4346 2492 2
6 4365 3513 0
6 896 808 3
9 199 2912 0
1 3113 3512 0
7 2415 858 3
3 1046 1119 2
2 1968 329 1
9 3568 3897 1
2 4291 221 0
9 1488 266 1
1 238 4228 4
7 3948 303 3
2 2183 3023 3
4 1317 2161 1
1 1990 4291 3
5 2581 17 1
6 3677 424 4
7 734 624 3
7 4374 2419 3
0 2983 753 2
8 473 1545 1
2 4331 2385 2
8 3223 449 0
4 1468 4111 2
2 1478 1196 2
8 4125 2011 4
2 3026 2625 1
2 3259 4007 1
6 946 3056 3
8 3435 407 1
4 4362 77 0
3 2979 1932 1
6 3626 1445 1
3 542 2249 4
7 1399 1557 2
0 193 1144 0
7 114 1262 0
1 2348 2256 2
3 2791 87 4
0 1004 3927 0
1 4202 1195 2
3 239 3872 0
1 500 2262 0
9 944 739 3
0 3219 702 4
4 3695 2473 2
2 3978 3180 4
0 1166 2757 0
1 434 1762 4
0 726 3869 3
4 3851 4399 0
0 541 2040 1
0 1945 1269 4
3 547 1754 2
2 2319 4171 4
9 224 296 3
9 4078 1074 4
8 4209 3944 1
7 4460 1180 2
0 3241 3788 4
6 4437 910 1
3 2871 2809 3
0 1618 4213 1
3 3375 1872 3
5 4199 2136 2
8 3943 4033 0
2 228 2414 2
5 1189 2416 1
7 612 3186 0
2 3395 282 3
1 3668 2507 0
5 1269 788 3
3 647 3307 3
7 462 2486 1
2 1871 3002 1
9 784 3576 2
3 2752 4491 1
7 2746 1269 2
7 342 1893 1
6 3893 2800 4
8 2122 994 2
7 1521 4168 0
9 558 4177 2
1 198 4129 2
1 2424 531 3
0 2846 3364 3
7 1381 22 0
8 4103 3616 0
5 3518 1726 1
6 180 1377 0
8 2668 8 0
9 4276 4391 4
4 1273 370 2
6 4035 2568 2
7 2156 2859 2
3 1219 419 4
6 2907 359 4
9 3856 2104 3
4 948 4398 4
2 495 1652 4
5 2022 2664 1
8 214 140 2
2 1766 742 2
0 607 1587 1
9 717 1328 3
2 2628 1595 4
9 2785 1581 2
7 1065 1157 3
3 787 2141 0
6 847 4036 0
4 1068 2586 2
9 632 230 1
1 916 1896 2
8 3593 2508 2
6 554 2649 4
7 2114 2603 1
1 4464 3104 0
1 4060 4419 3
4 684 4376 0
7 428 1914 2
8 4338 3686 4
0 4164 517 3
3 1855 1263 3
1 647 1401 0
6 4360 1971 4
3 1009 2648 3
3 1088 692 3
8 1874 896 3
3 3641 4390 3
7 806 1948 1
3 3233 3902 1
1 233 196 0
9 4380 3471 4
1 2247 2818 3
0 1277 1448 0
6 546 1907 1
9 1164 295 2
4 4063 381 1
6 2949 2676 3
8 3906 1307 2
9 1238 3189 0
3 2425 3476 4
4 86 2913 4
7 2480 893 4
9 2800 503 2
7 1651 1852 2
7 402 3229 4
9 3935 2048 0
8 3621 523 3
4 190 3383 2
3 2560 2647 1
3 295 4277 1
2 101 1729 4
9 1903 4327 0
7 3062 1340 1
9 3599 662 4
5 216 485 4
3 3951 254 4
2 3952 3107 1
1 4166 146 3
2 642 1261 2
2 2998 2028 2
9 2309 4342 3
4 2545 2633 4
5 2567 1641 3
4 2365 1017 4
0 3181 2279 3
6 594 1832 1
4 145 2722 1
2 2687 1091 0
0 2064 158 2
2 525 3392 1
1 4063 2409 1
9 4140 3815 0
0 302 2508 2
9 2577 1633 3
0 1194 3828 4
6 2024 3905 0
4 1668 2312 4
9 3259 567 4
6 3756 1062 4
5 3940 1243 1
4 921 2751 0
4 3944 3046 1
5 1190 4129 4
5 2850 291 3
4 192 3654 3
5 2952 3521 0
1 3643 2929 3
2 3724 4111 2
0 2116 1995 4
4 2582 4017 1
9 1047 3749 1
0 47 4050 4
4 2368 2111 2
5 1809 2566 2
9 4320 2928 1
9 4288 2203 1
8 206 2868 4
2 2249 3968 1
3 3471 1403 1
