400
1 855 3678 0
4 1780 3274 0
1 2409 1188 1
5 1188 938 0
1 1123 3264 2
8 698 13 1
9 2687 75 2
2 1490 1944 3
1 684 3031 2
5 320 3391 2
8 3502 1563 2
1 861 970 1
8 2906 772 4
0 729 3127 2
7 3589 1246 2
8 1698 768 4
6 1581 2047 4
3 1153 2778 1
9 3463 1484 4
6 2246 3397 2
1 3454 851 0
6 1417 405 1
1 2169 68 3
9 914 420 0
3 1231 3894 3
9 747 1816 1
4 732 985 2
7 2554 2141 4
6 2246 31 2
3 931 269 4
6 3754 2323 0
0 285 1519 1
3 3110 747 3
4 2475 200 0
2 331 554 3
1 2807 3202 3
0 1856 2341 4
8 614 2449 1
9 984 3966 3
5 794 962 1
3 2787 2204 3
9 3071 3980 1
9 138 1133 3
7 1421 2931 0
6 461 2738 2
6 554 2551 0
3 171 2923 3
9 1368 276 1
3 2333 1348 1
3 3693 2516 4
6 2924 2398 3
0 336 995 0
1 2461 2158 3
8 1506 1973 3
5 3068 3098 1
7 676 306 0
4 3968 3723 2
4 569 285 3
7 2086 2956 0
2 1440 3413 4
8 3863 2747 0
9 3843 1990 0
7 2638 3328 1
4 1247 2728 4
8 2045 3321 3
1 3951 318 0
7 1491 150 3
8 620 1037 3
0 2976 2348 2
2 2092 1668 1
2 8 1180 3
1 3614 2811 1
3 2185 2590 1
9 682 1519 2
9 3518 1500 0
0 621 1556 0
4 3162 1535 1
6 198 3948 4
8 1288 3441 2
3 1733 658 0
0 609 1954 4
5 2790 1343 2
1 1077 3534 0
1 3339 1491 2
8 3099 577 2
3 2487 3843 4
1 564 3065 3
9 1194 1210 2
4 62 3808 3
2 2214 2843 3
0 20 954 1
1 2990 2195 3
5 3894 957 1
0 1910 1201 4
2 2642 2025 2
0 77 2997 3
3 3328 1480 3
3 2533 3424 1
0 1578 2442 2
9 3220 1858 4
0 2890 2131 4
7 1497 3946 1
0 309 465 1
8 1952 1383 0
1 2999 1515 0
5 635 3803 1
0 2952 1127 0
4 2487 1020 1
4 3947 3249 1
2 3 3111 1
5 150 3745 0
6 1183 3050 1
5 564 1949 3
6 2743 1534 3
2 3248 3355 1
6 3935 3540 2
8 1390 1434 4
8 2357 286 3
5 13 3954 2
5 686 2547 0
9 2448 2233 4
9 3637 1283 1
3 756 1445 4
8 3913 3625 3
7 864 2265 0
6 1128 175 0
7 329 120 1
0 1514 1742 4
4 3120 1311 4
2 2520 3029 2
2 1166 2651 3
0 3306 3558 4
6 1013 3773 3
6 3892 3556 3
7 2411 2764 0
8 1254 3336 0
2 2922 3342 0
7 919 346 2
4 1455 1718 2
3 451 2458 1
8 2952 2722 3
2 300 795 1
4 529 3818 0
2 2785 3623 3
7 3857 2658 4
9 687 2123 2
6 1167 327 2
7 2032 1795 0
8 2295 3573 3
9 573 1580 1
6 1084 3469 1
7 1553 2969 1
5 3160 1843 4
7 262 1879 1
2 1516 2133 3
9 932 2354 3
8 1275 3996 0
9 987 1949 1
3 145 1599 4
6 2283 857 0
8 734 3179 1
7 272 2170 1
9 1524 3244 0
6 952 32 0
7 1378 2119 0
9 828 291 1
4 2783 2542 2
1 2226 3322 4
5 1308 636 0
5 988 1424 3
3 1021 1739 1
5 2463 523 2
8 211 2801 3
0 2166 35 3
2 3721 1366 4
9 100 2753 3
1 983 3685 4
4 65 1384 0
5 3291 155 2
1 1515 2152 4
8 2744 1837 1
3 2237 1999 0
5 1094 74 2
4 3657 371 4
1 3173 1482 1
8 1257 2146 4
9 3670 1483 0
0 1878 1799 4
8 1255 993 3
5 2580 1554 3
9 2669 3404 2
4 1466 2996 2
7 2661 3646 3
8 32 3121 1
8 2358 2683 2
3 1512 1936 2
3 919 12 3
3 538 2910 3
7 1965 3782 3
6 74 3996 1
6 3028 1762 1
8 1192 2070 0
1 625 413 2
4 417 2631 1
8 1494 1569 0
4 1182 3866 1
9 1483 2854 2
9 158 614 2
7 2522 3873 0
0 2839 1592 3
9 2980 2063 4
2 732 25 4
5 2821 2312 2
2 3697 575 4
4 3762 236 0
9 2944 2170 4
7 2628 3235 0
0 3686 1119 1
5 2037 2718 4
5 3598 3853 3
3 80 863 4
0 1422 3748 3
5 354 4000 4
9 1433 2054 3
5 3398 1557 4
6 2936 154 0
7 1011 3435 4
4 185 682 4
7 1379 2780 1
3 1014 2444 0
5 1264 3430 4
3 3389 11 0
5 205 3283 4
1 2600 1318 3
2 2343 204 4
4 3831 1915 4
0 2901 1111 4
4 2394 2560 0
7 3059 3505 1
8 525 3862 2
0 3697 548 1
6 581 1782 4
3 3898 514 4
9 2845 1308 2
5 2658 3842 0
2 486 3585 4
4 2409 3177 4
6 909 2257 1
8 2381 1185 1
3 2376 1071 2
3 2804 302 1
0 2690 3170 0
1 265 168 3
0 2667 321 3
5 1748 3371 1
4 1191 1444 0
0 684 518 1
1 1303 307 3
7 356 3202 3
7 3244 2165 2
1 1200 2023 3
5 1753 1928 4
2 3572 708 0
7 1776 1264 0
8 2563 1564 1
8 1584 683 1
4 1910 2819 1
1 617 2550 4
8 561 270 0
8 2168 3153 2
2 974 262 1
2 1906 1629 0
1 1509 555 2
6 1505 3467 1
9 3438 1974 4
2 417 655 0
8 3178 510 2
6 3267 1301 3
2 737 2601 0
0 1461 2528 0
4 2555 2179 4
8 3136 1798 2
7 899 701 2
7 3162 1646 0
2 384 3274 3
5 2616 1552 1
9 3360 2463 0
7 1568 3823 2
0 2647 1852 0
3 3464 1853 1
9 3365 1969 4
5 1805 280 0
8 2214 3828 1
2 3830 3636 3
2 2244 1324 2
2 3063 3167 3
2 1384 1929 0
3 2400 3200 3
5 3831 3480 2
1 3497 910 2
2 3350 1893 4
0 708 2399 3
2 2980 1873 3
8 238 571 2
6 71 2738 4
9 2773 2441 1
0 392 906 1
0 1521 3962 1
9 462 3163 2
4 1962 760 4
8 98 973 3
0 1319 2398 3
9 84 1058 4
5 2306 52 2
9 2399 1619 4
6 2454 2694 1
0 1304 3504 4
9 2366 1712 1
8 1695 1258 0
3 3203 2322 1
4 2176 403 3
3 2501 3825 3
9 84 682 2
6 594 3202 2
1 382 3039 2
3 2818 2603 2
7 1783 1260 4
2 3255 2856 1
8 1638 3224 4
6 2195 3142 2
3 617 650 0
8 1201 1930 2
9 3426 822 0
9 2482 852 1
5 1592 520 0
6 186 862 0
4 212 1180 1
2 661 219 0
8 994 3776 0
5 393 2641 1
8 3422 1883 0
7 3301 234 4
3 112 1518 1
6 1197 519 2
3 3841 668 1
5 200 2870 0
1 2981 1520 3
9 518 209 2
5 3957 3703 3
8 1397 3078 1
1 1261 702 0
7 3655 358 3
8 3399 3018 0
9 1990 2979 4
8 664 2564 4
1 1086 62 0
2 3958 979 2
8 3813 343 0
8 2670 2220 2
3 3807 3745 1
0 138 3532 1
5 465 2783 4
6 795 797 2
6 1580 1984 2
4 1653 2382 2
4 1295 27 2
9 2095 188 4
5 2485 2877 1
8 2117 3487 2
7 3532 3837 2
6 882 1046 4
6 156 2589 0
2 181 3516 1
5 2778 1239 2
4 2175 2700 2
8 1007 2788 0
4 401 2334 0
6 1932 1285 0
7 3267 389 4
4 1211 85 0
5 1227 1956 0
4 854 681 3
4 2586 20 2
1 1192 585 4
1 2387 3778 4
2 2123 3869 1
6 3977 2840 0
8 2501 759 0
4 2577 2015 1
6 3074 3132 4
9 1439 2670 0
1 1421 487 4
8 363 2456 3
2 3106 1159 1
0 839 1624 4
3 1387 486 4
9 2206 1418 3
7 3896 2199 3
8 177 3342 1
7 3067 2789 0
