300
3 573 1859 0
0 151 677 2
3 264 1219 0
4 1801 2037 3
2 2758 2048 4
6 449 865 3
2 538 2771 1
0 653 1708 2
3 1978 1945 2
7 548 167 4
0 2706 99 2
8 699 891 1
3 797 2419 0
2 1733 2199 2
9 2873 1044 2
8 1869 1016 3
0 1196 1671 4
9 1729 698 2
5 1090 2529 4
8 1004 388 1
1 935 1195 4
1 1062 2520 1
8 1371 492 2
3 2036 635 4
8 2140 2250 3
9 2620 1318 4
7 1618 874 4
1 1948 2693 0
7 1734 2818 4
5 2384 294 3
2 521 1333 0
6 1005 766 0
0 225 2350 3
2 475 155 4
9 1557 203 3
4 719 2803 3
2 1190 2698 2
5 2152 1827 1
3 1951 1483 1
9 2491 447 4
6 2560 853 4
2 244 173 2
8 600 36 1
6 2222 1037 4
3 739 428 0
6 1402 981 2
5 1138 1583 2
6 248 794 1
2 1029 2853 2
8 2042 166 3
3 1841 2625 3
7 387 2064 3
2 1024 847 2
9 2650 1486 2
5 2286 219 3
4 924 1269 2
2 2882 1656 1
0 1498 524 0
2 2051 2157 2
6 2830 384 4
0 74 489 1
5 573 144 4
4 752 1459 3
4 1004 411 3
1 2766 26 0
3 1748 711 3
0 799 1553 1
3 692 1335 3
8 1898 2347 0
2 349 2083 0
9 832 1557 3
2 883 1355 1
1 1267 941 3
3 711 1297 1
3 854 1185 4
5 1292 87 1
7 878 378 4
7 2708 1046 3
9 159 2250 1
4 2942 308 0
3 2375 1830 4
8 1819 2661 0
7 1655 1885 3
8 1238 2402 3
8 669 1246 4
0 436 2829 0
0 99 2730 0
9 1451 829 2
3 711 96 0
4 2722 40 1
3 2587 1694 0
7 1985 1118 0
6 1936 2335 4
9 387 2088 0
8 1348 133 1
0 1488 2553 2
8 2289 2355 1
0 457 2754 4
6 2994 1868 0
1 2820 2669 1
8 2158 1732 2
7 794 1799 4
6 1866 2837 4
5 111 705 1
7 1936 917 1
8 1864 1437 1
8 2279 875 1
8 2220 73 3
6 1336 978 4
9 2426 289 4
0 2071 2400 0
1 2290 1591 2
9 2764 312 3
4 444 2591 2
5 2229 640 1
3 2159 677 0
9 143 1098 1
0 630 1203 2
1 2552 2111 1
6 1832 1348 4
3 1867 1793 2
2 2905 34 3
2 2303 57 2
8 561 1169 4
8 1532 1061 2
3 1541 536 4
4 1325 2714 4
8 599 2978 2
2 2594 1797 1
3 2787 1423 4
5 1184 1720 4
6 2697 2834 2
0 2489 46 0
8 506 1874 4
4 1184 2408 1
1 1159 772 0
7 1947 2003 3
1 266 1002 1
3 932 1948 3
1 288 515 4
2 165 204 3
9 436 2365 0
6 2760 2364 3
0 2391 1402 3
0 2391 2520 1
2 1006 610 0
2 52 1246 1
0 1145 2166 1
3 69 1627 1
3 2690 505 4
8 26 1205 0
5 459 1858 3
4 1298 2695 2
2 1815 1646 3
2 328 2605 2
6 2834 2570 0
8 2399 890 3
0 719 1901 3
7 2506 771 0
7 2771 1448 4
2 1136 2576 2
4 2191 131 0
0 475 466 1
8 1340 1349 1
0 636 1269 3
1 1820 202 0
9 902 357 2
8 2695 347 3
7 1692 2907 0
6 2034 891 3
1 1727 1491 4
1 2637 443 3
6 365 8 3
9 2595 2168 1
4 1066 1983 4
7 1565 1290 0
8 2177 918 4
9 52 859 2
9 2886 1276 2
2 2494 2899 3
8 1139 1539 2
3 534 1146 1
3 230 2856 3
7 1438 2120 0
8 2319 782 3
7 2387 2286 3
0 1779 421 3
2 1116 1596 1
7 2216 286 4
8 1127 1564 2
5 966 2907 1
5 0 2754 0
2 1372 398 2
3 1595 2531 0
5 2665 1193 0
9 73 491 2
6 126 864 0
0 1919 440 0
0 2914 2041 4
0 2830 2190 4
3 1648 1605 4
2 549 1757 0
8 1065 2346 0
2 1801 2135 2
4 2766 1856 2
8 2351 111 2
0 2490 1344 2
5 1108 772 4
6 2431 2972 3
7 420 747 0
0 598 86 0
6 1751 2153 0
0 502 2055 2
8 2705 1022 0
0 2210 1390 3
3 79 923 2
7 2390 762 3
3 1043 2608 4
8 2362 2836 1
6 2810 521 2
1 1303 714 0
2 1963 2452 0
7 1826 205 2
2 2938 413 2
1 1036 2730 2
7 728 518 4
5 984 1229 2
9 55 2048 3
8 1223 297 1
9 510 239 1
3 147 2274 2
3 2613 2334 3
5 2763 49 4
0 1532 1252 4
0 490 1599 1
6 1671 1864 0
5 1747 723 1
0 2870 2849 2
5 2596 291 2
2 2340 2124 1
8 595 1386 0
4 1850 687 2
7 1377 1005 4
2 2925 2203 0
9 2038 1641 1
2 211 544 1
1 2335 2168 2
1 460 300 1
7 2236 856 1
4 780 751 3
3 1149 206 3
9 2961 1379 1
2 463 638 3
4 416 2945 3
9 1159 1268 1
2 538 2215 1
2 198 2034 0
1 2264 749 3
8 394 174 4
8 2579 2539 3
2 1624 1274 4
4 30 255 4
5 929 170 4
9 536 2567 0
2 2113 2463 2
8 2204 32 2
9 2330 1852 2
6 926 1419 1
4 975 1320 1
6 590 2518 2
3 625 1666 2
3 379 1376 3
7 311 385 2
2 1276 2061 1
4 1408 877 2
4 1430 2081 0
9 2940 2004 2
9 1906 1095 0
8 2048 2517 1
1 1366 12 0
8 2038 2772 2
8 1482 2885 2
8 524 1862 0
2 3 444 0
3 2717 1766 3
3 1954 211 4
2 719 666 3
0 78 1677 4
3 2811 2533 3
9 169 1118 3
0 2914 1115 1
4 110 994 0
4 1700 2017 4
1 412 1140 1
6 1137 2303 0
0 646 2652 0
7 443 1307 0
9 1955 2236 2
9 2496 431 2
8 523 563 1
