350
5 1790 1110 1
8 3368 2532 2
5 55 1056 0
2 2521 3308 3
5 420 3191 0
9 1243 36 4
0 287 2287 0
0 1328 563 4
4 3384 2865 1
5 3214 100 2
5 2293 3023 4
5 3158 3350 4
4 3091 972 3
9 2142 2149 1
7 958 1888 0
3 1474 2994 4
4 2720 576 2
1 1503 1393 1
0 1583 1000 2
0 132 75 3
9 2002 2934 4
8 931 3295 1
1 2360 2654 3
1 1600 3192 1
4 1629 1233 2
6 2638 1049 3
4 1500 2773 0
2 3062 2120 0
2 1522 2049 4
0 2688 1532 2
9 3478 181 2
5 2748 328 4
9 729 1298 1
7 1096 543 0
7 1464 2803 4
2 819 2690 4
4 2331 2751 2
8 588 3010 4
4 846 3337 3
0 2934 1665 4
2 3483 1689 0
4 2075 198 0
4 1380 286 4
3 1646 3086 2
7 1833 1181 1
1 472 1952 1
5 3435 1643 2
3 1843 299 1
8 1387 776 3
4 2300 3399 0
1 1643 1113 2
1 38 2201 4
3 68 458 0
5 3434 2918 4
7 3039 3357 3
5 2818 1905 4
0 918 402 1
1 2110 1879 2
3 3035 3163 3
9 342 1004 0
9 1150 1152 0
5 22 2317 3
7 2388 2705 2
5 1935 2745 0
6 1407 3368 1
8 11 1206 4
6 3250 1493 0
4 2644 298 3
6 175 1287 3
5 1225 2135 3
2 2432 2853 1
2 2078 1437 0
1 1004 1941 3
4 3197 1043 2
8 414 1635 2
3 1655 996 2
0 1160 2363 0
8 1163 691 1
7 731 1196 2
2 2427 1896 1
1 2037 829 0
9 2729 3126 2
4 41 2091 2
3 1856 68 1
7 1171 2072 0
0 1095 898 0
6 315 1827 0
0 1371 166 0
6 135 2473 1
4 1060 3282 4
5 2459 1059 3
1 42 1320 4
4 2699 1580 4
8 510 743 2
8 3483 3068 1
0 2075 1090 3
3 2206 1022 1
9 1810 2918 4
1 53 210 4
6 340 2925 1
4 134 766 4
5 2723 565 4
2 1930 1678 1
9 1606 378 3
1 2182 825 2
9 44 2289 3
8 951 2171 0
0 261 2615 0
5 419 1723 3
1 118 1521 1
3 1410 1391 2
9 1658 1559 1
2 1826 2702 4
8 2312 226 3
7 3213 18 2
6 2689 1454 0
4 1334 1480 0
1 2707 1374 3
6 626 2409 2
4 1073 993 3
6 1028 1427 0
7 234 154 1
6 2680 2065 4
4 2491 2862 3
8 3309 1798 3
7 154 2209 0
4 2191 3374 3
0 1605 896 2
0 2343 3229 0
3 1229 1831 0
8 3097 1059 4
9 2406 3087 4
4 538 909 2
4 3270 198 4
2 1284 658 3
2 716 3040 0
4 543 2826 3
1 1164 89 4
0 218 1478 4
7 1287 457 3
5 2617 1226 2
8 2638 595 2
2 1407 829 3
8 3170 1320 2
7 2486 1357 3
0 1449 2615 1
7 3124 498 0
1 524 1391 4
9 2028 647 3
4 700 3017 3
3 2058 1187 0
6 2463 678 1
9 673 210 1
0 2184 1667 1
2 479 1007 4
2 302 1643 1
2 1204 1529 3
5 2865 624 3
9 622 3209 2
4 3317 422 0
2 137 2708 4
6 3476 1099 4
6 2155 122 2
6 2405 1558 4
5 605 1165 0
6 1984 687 4
7 872 2877 4
9 149 3195 1
6 50 388 4
0 1447 3341 1
2 2091 2644 0
0 804 57 1
2 2172 1853 4
8 2081 1068 0
9 2361 1339 0
6 635 696 3
5 1038 18 1
5 1876 427 2
2 1844 1857 4
6 815 655 4
0 1458 555 4
2 2490 2964 0
9 2798 1247 0
8 2692 2236 3
2 348 2047 2
3 1760 1458 4
1 2322 3487 0
5 755 3200 3
2 1382 221 0
9 3385 128 4
3 2468 1173 0
4 3033 718 1
8 1803 2409 4
1 1933 2620 1
3 2347 487 0
3 3197 372 4
1 3024 2514 3
7 3185 2945 3
0 2224 2179 3
0 2611 361 0
4 2529 1494 0
8 2599 2455 2
2 1148 3011 2
7 460 3449 3
0 3159 3053 3
5 2343 2594 0
4 2311 1522 4
2 1669 1721 2
2 184 1633 4
4 1785 1577 3
7 988 1438 3
4 1531 1278 1
2 2485 651 4
2 1532 867 4
5 2145 3433 3
1 3208 701 1
5 3327 1901 1
6 586 2680 1
3 594 830 3
1 2187 1304 4
6 3396 2355 1
3 1204 2891 1
3 2456 1336 1
7 2267 1299 2
6 2103 3312 1
6 1886 304 3
6 929 2996 0
1 622 303 2
4 431 2163 1
3 1131 607 2
3 2619 1649 3
7 517 2314 4
6 211 2092 4
3 1384 2828 2
8 2903 3423 0
8 1632 3147 0
1 1620 1047 1
7 810 67 0
1 2014 3205 2
0 2060 1669 2
8 1797 1441 4
9 304 960 2
4 813 85 0
5 2020 2777 3
8 1148 658 0
8 855 1141 2
5 1794 328 0
5 1224 1606 1
2 1720 2996 1
9 1724 1488 1
4 1703 2141 2
2 1413 233 1
2 2971 1636 0
1 1156 2550 1
5 1248 59 2
5 2925 2942 4
3 279 381 0
4 159 3049 3
3 2948 234 3
3 48 3387 3
6 339 3334 3
6 205 1587 1
8 2361 2130 3
0 1362 1844 0
3 1876 3163 4
7 3162 613 0
6 2812 3464 1
3 604 1185 3
7 2558 42 0
4 19 143 3
4 1814 230 3
9 1195 2574 0
8 1506 1131 4
5 1733 1729 1
8 2080 884 2
7 2877 1443 3
0 2275 1282 2
5 2954 2182 1
4 2431 1037 2
8 3002 3209 3
3 3105 1278 2
2 2876 1035 1
2 1175 4 0
8 1591 2019 4
8 1948 1289 1
9 567 17 3
0 433 2668 4
0 802 678 2
5 1652 66 3
3 3308 1264 0
1 1785 1304 2
5 1723 2137 3
1 617 3234 1
3 771 2040 3
1 2117 3209 4
5 3306 3227 4
7 1994 1911 3
6 2567 2466 2
6 346 479 2
4 1104 3098 1
2 654 1020 4
6 1749 2476 4
4 1075 1702 4
6 448 1710 4
2 3341 1685 3
8 3004 38 1
7 714 1178 1
1 1194 2536 4
1 3046 4 3
0 1722 141 4
0 3076 1645 3
0 780 1802 3
6 971 1231 2
7 1494 976 4
5 1012 1004 2
7 2891 2679 3
0 1649 2018 3
4 3271 688 0
2 1683 764 2
9 983 1024 2
3 3212 1105 0
4 1252 2590 2
9 2920 1033 3
0 2708 2088 1
2 927 326 3
2 1056 360 2
9 2302 2227 2
7 3358 2478 2
2 103 303 4
6 1344 3281 2
4 3198 1054 2
9 262 1400 2
8 2268 3427 3
5 2851 1960 0
2 1426 1187 0
5 3142 3353 1
5 2160 1567 2
3 985 2543 3
9 2665 552 4
7 773 103 1
4 2963 1031 4
7 3345 416 3
1 2228 1735 3
5 1031 1659 2
7 621 58 2
0 1376 3208 2
1 2818 2485 0
4 2465 2003 0
7 1820 2288 3
9 597 718 4
