300
0.25 0.4375 0.625 0.8125 1.0
237 8
213 19
82 85
87 82
70 90
283 44
242 53
174 43
115 69
191 31
91 104
42 60
22 227
197 73
91 14
263 40
122 113
209 2
44 217
121 64
74 127
80 169
118 75
151 80
79 43
202 4
29 47
11 195
56 127
198 40
96 51
187 71
270 56
245 71
235 22
10 94
220 14
232 48
127 85
24 217
125 28
187 41
284 48
261 65
272 46
35 115
167 7
161 64
66 149
9 161
205 44
230 5
103 108
264 67
160 21
54 167
19 187
237 55
129 49
56 72
122 40
85 149
239 55
77 22
106 48
11 23
45 120
32 90
152 37
138 29
59 111
123 124
148 23
118 93
186 41
144 37
77 113
120 27
284 49
166 40
180 63
260 4
265 64
171 77
103 59
285 47
282 47
196 30
293 40
286 45
72 20
194 9
61 74
256 73
253 5
164 84
223 27
189 58
62 146
65 53
143 54
261 44
183 59
42 69
108 92
222 66
122 2
253 67
266 67
45 8
191 67
175 68
270 48
233 72
280 49
214 44
195 14
135 71
248 59
260 67
220 46
254 36
63 160
291 37
77 130
155 70
108 160
205 26
79 126
279 34
247 61
195 59
134 43
90 49
129 27
233 65
177 49
164 23
26 60
10 61
37 225
77 17
254 61
80 3
249 50
13 123
74 39
40 182
249 6
21 219
260 67
59 182
214 15
201 47
288 43
87 62
245 51
281 52
194 48
89 168
290 35
102 49
94 156
284 40
284 49
198 15
136 47
259 50
213 34
111 2
69 139
46 53
24 124
286 48
32 147
67 58
168 43
210 63
217 58
99 145
45 178
285 44
124 2
242 70
296 40
155 28
118 133
198 55
190 60
81 79
143 20
297 37
179 32
266 70
270 51
213 16
163 26
26 189
59 27
277 46
147 18
244 2
87 87
141 65
167 36
267 68
66 144
292 38
23 131
80 171
236 19
37 142
129 69
165 24
150 15
13 76
290 42
133 39
295 37
43 97
49 144
210 28
269 41
215 39
225 28
277 54
56 73
276 36
201 59
36 98
86 129
50 61
298 36
108 14
159 101
102 146
181 76
9 5
153 50
256 46
93 24
78 41
294 39
42 220
133 44
142 43
10 188
35 221
205 36
44 81
155 93
96 118
92 44
227 43
111 21
99 108
155 45
83 169
103 164
42 71
35 125
65 17
199 45
141 88
228 35
131 19
60 115
20 109
91 42
87 60
207 43
108 58
10 194
10 100
259 67
1 231
300 34
247 34
197 16
243 13
117 132
240 24
197 9
132 43
23 53
249 40
282 52
4 215
242 20
101 128
144 79
1 170
67 73
232 67
94 34
226 61
164 65
145 76
66 142
197 47
