250
0.25 0.4375 0.625 0.8125 1.0
107 10
87 123
31 118
45 159
152 60
205 36
229 43
76 75
143 44
202 35
94 82
189 56
238 35
132 27
150 45
63 70
42 14
124 52
39 127
197 35
93 64
229 39
103 35
41 46
83 106
89 45
86 87
88 55
39 164
77 115
209 56
179 19
3 187
168 20
113 62
21 5
222 52
58 57
84 69
41 106
17 133
139 23
155 32
35 126
100 26
7 46
158 3
170 66
96 101
229 39
176 35
184 29
18 25
157 50
150 56
38 169
84 16
97 115
191 57
178 42
206 36
131 74
34 183
31 31
207 54
80 125
45 55
206 45
29 131
99 53
167 54
210 43
181 26
157 49
203 56
184 16
37 154
141 64
143 51
123 6
107 62
113 38
76 112
212 66
121 89
151 41
164 13
39 57
80 28
151 62
59 49
168 34
5 114
249 33
185 23
122 32
157 23
107 67
232 48
2 69
54 14
207 53
29 58
152 45
24 156
63 142
144 58
58 11
155 62
207 35
115 52
238 44
140 49
234 44
217 45
55 47
62 61
107 40
137 40
104 38
3 123
207 4
170 40
25 35
10 49
238 33
192 18
194 18
186 44
114 30
41 83
111 1
26 82
56 81
133 26
191 35
234 48
1 87
237 37
176 33
1 197
163 46
95 98
214 3
209 50
213 35
14 198
26 128
130 60
106 10
188 61
172 53
77 139
70 80
45 57
4 28
21 24
21 197
188 33
116 60
19 166
153 49
153 59
76 34
181 4
57 89
214 51
162 53
16 23
211 57
106 67
233 47
229 38
250 31
30 170
93 51
69 41
50 34
10 97
56 140
120 61
65 39
154 60
35 49
97 62
90 31
59 151
57 43
179 39
149 54
236 39
130 41
143 5
120 62
63 145
228 39
207 12
123 50
246 33
94 33
82 45
193 45
178 13
196 43
108 50
34 55
159 56
151 60
153 44
127 43
243 32
161 54
27 157
247 33
100 98
207 33
31 61
25 124
63 133
32 44
231 32
136 18
62 55
99 22
83 44
28 80
106 33
117 21
82 3
62 55
202 49
205 15
17 113
21 30
132 20
226 54
154 62
96 5
131 45
1 169
16 188
63 54
45 89
242 35
207 60
195 55
169 46
115 33
68 34
180 41
