350
0.25 0.4375 0.625 0.8125 1.0
308 59
112 169
69 82
196 74
276 46
317 44
127 62
13 97
41 236
176 77
48 158
294 8
290 69
1 48
309 49
24 244
150 6
264 37
325 50
324 45
220 27
348 44
247 60
239 14
193 108
118 81
9 283
91 106
56 63
118 163
150 37
280 17
235 25
31 238
255 85
192 55
92 75
231 62
260 83
271 82
111 76
319 65
346 44
143 124
11 49
294 62
15 47
42 115
208 72
14 133
58 219
300 82
341 51
272 85
53 102
288 51
282 56
258 18
172 53
177 73
18 282
185 103
61 65
16 109
184 74
227 83
133 35
101 26
60 238
292 68
43 197
224 61
348 45
189 114
6 139
191 71
230 45
309 48
240 3
1 290
202 56
279 73
323 53
126 154
261 72
299 66
260 38
195 111
282 69
80 69
198 71
312 75
93 64
348 46
247 62
280 21
74 21
64 55
171 74
22 75
14 264
224 44
242 9
314 73
18 148
93 113
126 10
268 24
265 48
267 65
157 61
118 60
154 132
168 78
212 60
259 32
249 10
99 165
121 21
214 16
197 45
158 117
325 70
151 136
219 48
222 32
139 85
242 38
18 235
219 20
132 148
171 34
62 209
82 3
333 62
183 113
26 164
276 86
297 50
141 93
80 79
214 58
172 61
50 196
101 87
230 68
232 68
127 30
243 53
323 52
178 43
228 74
338 45
149 104
76 118
77 175
321 48
192 91
202 27
109 2
281 4
155 56
181 82
320 68
152 88
257 53
65 139
349 43
322 47
60 204
329 56
209 70
129 19
83 93
158 131
182 80
122 136
297 51
109 74
24 26
39 159
87 89
66 4
271 70
63 49
191 46
40 149
127 121
67 213
188 81
135 80
90 15
170 110
115 81
272 75
327 53
97 108
259 20
80 9
278 73
113 178
314 72
266 79
103 44
209 81
9 177
127 54
251 77
154 112
157 12
125 32
21 100
16 58
64 48
124 82
311 60
271 64
262 42
171 81
171 41
90 98
10 230
271 7
21 56
146 57
242 44
40 146
115 85
349 42
226 83
206 93
196 60
57 133
42 71
171 124
162 12
276 53
228 73
292 13
68 95
69 16
169 25
245 59
346 42
131 95
199 3
231 55
330 53
235 42
171 58
243 33
265 40
99 50
250 83
236 3
215 43
247 72
332 53
236 51
350 42
212 40
113 69
262 81
128 174
316 71
349 42
344 42
174 72
76 134
191 15
81 65
167 50
149 25
164 52
145 110
196 55
177 8
123 55
75 213
84 166
263 34
70 230
163 130
65 41
182 15
186 43
166 15
312 77
222 63
253 46
319 44
248 62
219 72
203 106
100 7
169 74
236 14
30 266
206 19
124 142
282 67
283 68
338 44
151 133
319 68
105 168
194 17
312 57
187 46
291 50
189 97
46 49
40 207
326 57
284 63
219 78
116 5
36 153
163 137
177 60
148 37
64 203
176 74
165 16
333 50
312 78
202 11
85 96
343 43
216 42
140 113
37 123
176 64
151 36
86 197
114 154
170 39
73 139
217 71
45 14
120 132
62 208
231 6
194 12
236 42
190 104
163 81
266 47
44 56
48 186
