150
0.25 0.4375 0.625 0.8125 1.0
126 34
26 69
64 54
120 27
35 13
49 16
52 19
9 95
105 16
57 33
69 22
148 21
9 5
23 48
150 19
118 24
4 21
42 37
120 20
132 31
26 22
78 2
24 75
146 21
84 19
77 54
21 20
15 13
104 7
112 19
124 9
29 30
146 19
63 50
46 54
114 25
58 16
30 99
72 23
68 42
1 26
5 30
57 77
65 65
38 74
51 18
144 21
38 54
145 18
82 43
119 7
110 16
113 31
133 24
90 25
14 98
61 63
3 18
125 8
77 2
67 20
24 37
47 75
73 19
122 24
66 31
27 52
94 29
11 63
127 30
119 18
148 19
135 25
99 18
24 97
97 4
7 32
127 21
68 6
118 12
98 12
5 115
40 20
116 12
106 28
125 30
96 31
26 26
31 57
99 33
132 18
134 27
122 29
74 36
81 29
103 19
104 24
5 58
86 34
2 30
82 21
15 12
61 36
98 19
96 11
80 30
83 41
97 11
131 29
89 3
140 17
62 43
19 94
75 31
104 6
10 75
72 1
118 24
21 56
45 30
36 78
123 9
63 59
75 18
59 49
81 32
62 21
106 30
130 24
71 60
19 20
21 104
4 112
27 19
4 21
91 28
148 17
11 106
90 21
86 10
89 18
56 79
146 20
98 19
49 18
47 59
141 25
51 22
150 17
113 15
