200
0.25 0.4375 0.625 0.8125 1.0
99 50
88 6
17 6
153 43
79 31
128 30
83 69
186 40
150 22
141 22
91 38
138 35
138 48
10 42
2 123
146 25
30 1
15 87
4 49
138 24
8 116
164 43
58 84
25 57
130 37
95 19
13 44
97 19
190 29
177 48
97 50
54 13
80 84
42 133
130 35
18 49
83 62
140 27
147 28
47 26
182 26
42 33
186 37
44 119
163 43
19 98
73 39
36 29
170 5
91 28
179 41
48 68
66 86
199 25
68 44
128 38
4 42
19 27
153 37
70 68
142 25
170 32
173 36
48 5
65 34
157 9
139 37
188 29
199 25
137 15
148 39
96 68
115 20
127 50
194 25
51 116
41 95
25 54
72 35
27 38
74 66
92 57
168 29
151 34
100 38
86 29
55 110
78 72
177 35
134 14
121 10
92 75
81 29
65 94
16 75
133 29
121 43
153 40
23 26
107 40
179 32
147 31
196 25
39 99
30 55
2 44
147 28
171 36
129 8
123 25
134 25
77 63
93 48
97 65
41 79
130 31
84 10
144 37
163 44
114 64
16 27
110 25
126 41
113 11
94 38
117 33
118 25
157 8
111 44
76 39
94 21
120 10
199 23
77 36
136 43
14 99
82 15
41 12
89 13
105 26
98 29
55 62
177 42
138 19
174 25
65 69
199 24
108 28
69 33
190 27
78 30
156 17
104 45
121 35
77 92
146 33
160 34
78 23
4 117
21 24
44 65
54 24
162 41
42 91
185 30
39 99
93 26
60 33
51 14
165 37
112 33
3 12
74 33
181 32
199 22
106 23
102 57
75 75
1 38
63 71
193 27
90 39
189 27
168 26
32 75
169 10
17 8
47 84
1 98
65 23
71 40
157 10
2 28
149 25
43 131
26 57
190 31
26 119
16 154
125 20
