500
0.25 0.4375 0.625 0.8125 1.0
60 31
438 113
206 87
230 162
60 145
374 67
63 347
80 216
470 84
231 146
32 94
223 79
463 90
362 84
174 71
307 131
61 325
470 96
85 305
495 68
462 94
346 77
314 99
72 61
135 288
7 95
258 44
170 175
447 112
236 56
42 74
151 53
275 156
85 128
180 162
320 2
324 111
288 84
375 80
494 68
279 88
354 73
24 224
64 176
76 100
457 85
353 76
2 368
260 107
305 118
417 10
280 57
32 283
212 78
407 13
352 61
65 336
66 332
382 13
314 107
331 38
497 66
442 92
190 166
231 71
441 80
300 4
417 109
285 86
275 61
81 126
185 169
380 95
12 246
348 72
364 48
221 92
109 205
100 123
71 46
108 273
319 99
220 125
190 218
204 12
165 269
281 127
171 153
430 89
173 87
88 150
453 102
367 109
152 275
152 152
145 66
488 76
105 226
104 41
210 61
156 85
118 224
186 96
344 82
188 85
4 225
379 64
348 92
262 153
305 12
246 16
446 108
354 85
214 104
123 315
275 49
225 140
328 101
463 68
304 79
213 189
198 61
49 193
76 62
315 72
300 101
213 143
271 37
382 107
252 49
53 221
110 118
379 27
204 102
106 238
122 93
12 124
411 2
119 98
392 107
404 64
121 225
299 79
73 215
105 68
441 115
116 223
283 130
472 84
76 233
389 25
375 87
372 49
458 77
341 109
132 90
415 87
314 119
47 121
384 5
7 19
54 90
434 105
295 142
302 56
181 133
125 274
43 297
229 204
194 224
272 113
302 81
357 5
9 70
150 264
253 18
465 76
423 4
305 113
26 348
322 81
223 100
126 253
469 85
29 368
418 92
408 6
77 74
36 122
291 104
18 144
479 71
176 251
429 115
94 71
412 99
224 6
35 231
198 54
300 32
49 229
182 107
267 49
334 118
473 71
185 141
242 70
412 85
332 112
212 126
264 118
500 60
205 88
449 66
252 117
496 63
284 67
464 88
392 12
244 151
386 61
488 71
98 280
454 62
459 61
238 31
382 90
415 60
123 63
219 138
464 66
411 2
349 51
126 203
244 132
500 60
139 151
194 171
177 106
410 97
227 67
156 76
217 223
401 110
103 247
242 95
179 168
371 23
248 96
44 280
321 90
456 81
117 200
374 81
11 186
99 127
417 73
72 217
390 92
226 111
67 201
384 81
41 90
258 158
273 59
102 50
494 60
124 41
93 165
79 251
27 110
486 61
298 118
270 77
5 314
301 55
224 45
375 81
489 66
429 90
476 62
480 62
489 70
9 230
442 81
271 133
348 61
171 173
27 61
400 108
460 65
11 105
370 69
377 60
486 62
6 159
321 9
127 268
87 92
321 83
449 99
221 69
367 70
7 135
368 7
143 254
126 77
297 76
279 62
452 96
417 20
296 139
354 17
419 77
405 89
449 90
334 80
319 34
413 90
459 77
103 54
294 136
489 61
271 159
91 104
438 76
207 199
74 106
31 161
292 122
449 105
38 51
363 110
488 63
231 192
164 242
51 302
243 101
199 174
481 69
245 174
239 7
404 104
391 18
122 243
196 135
339 72
244 133
217 71
328 108
219 141
64 25
299 102
52 228
25 317
105 82
278 72
80 134
199 98
439 83
425 75
347 82
240 80
488 71
90 139
234 184
348 67
76 49
224 45
23 127
30 194
187 201
131 294
376 44
375 11
481 61
397 31
143 84
31 297
234 100
182 145
38 315
273 148
20 408
277 55
184 256
326 7
482 64
340 5
389 117
121 246
438 62
141 284
394 18
119 116
273 109
91 139
185 188
216 71
26 291
413 111
122 269
30 350
386 61
317 116
98 97
449 88
274 56
470 81
177 129
490 60
110 176
407 82
246 126
278 65
418 92
172 132
18 286
333 107
160 78
279 63
332 71
148 89
240 113
7 66
154 248
59 272
92 49
176 111
124 286
269 83
114 300
48 59
272 76
172 117
328 35
438 64
338 97
363 105
297 102
382 83
434 5
25 230
182 238
281 75
250 85
163 123
135 39
216 104
55 297
113 57
297 62
17 221
322 67
492 65
223 162
191 145
327 68
335 22
217 195
161 40
110 138
387 26
238 35
402 38
405 108
492 62
481 66
228 149
465 93
400 100
137 40
195 18
452 85
12 13
105 101
347 20
236 90
203 57
231 97
146 60
110 299
119 258
444 107
201 2
320 12
493 66
244 186
186 101
419 116
197 152
110 170
289 102
373 99
280 53
427 102
170 108
34 25
310 47
191 127
