400
0.25 0.4375 0.625 0.8125 1.0
279 3
368 64
299 13
247 50
128 89
136 56
388 49
253 2
236 61
246 20
300 52
229 47
222 87
394 54
384 63
382 64
178 114
306 75
128 166
177 110
25 281
121 82
189 69
144 200
280 44
260 74
333 3
256 12
184 93
380 50
302 49
387 60
277 81
90 22
370 56
92 204
246 85
136 60
228 96
220 93
238 64
85 168
336 87
155 167
187 39
383 52
200 93
311 59
202 104
77 245
396 52
292 88
306 37
23 45
125 214
192 35
85 179
108 176
172 57
176 122
212 96
71 174
296 57
388 52
86 87
114 62
5 62
199 131
169 168
345 76
175 134
79 88
122 156
315 32
94 228
239 27
211 117
211 133
40 135
231 58
61 280
330 8
153 12
77 59
163 57
34 297
63 156
278 56
261 74
115 202
5 329
30 64
38 56
191 77
348 86
1 314
181 50
114 75
326 79
43 83
151 84
356 79
337 66
127 36
108 58
219 85
279 67
350 78
116 20
240 34
345 9
188 78
255 77
20 123
380 55
67 160
364 54
86 10
29 176
185 56
157 52
264 84
51 198
275 16
43 9
23 125
77 199
169 120
176 123
225 64
182 56
309 78
223 131
355 53
128 79
121 142
164 136
359 84
306 29
163 76
99 211
65 201
11 222
370 58
40 53
376 59
42 189
57 26
37 271
222 21
7 85
246 89
175 77
119 54
34 4
317 79
9 37
236 69
244 86
394 51
51 55
357 47
296 4
104 37
167 68
117 84
285 61
328 69
63 124
170 16
248 58
278 4
67 176
51 19
217 107
220 118
20 111
235 95
163 49
37 76
240 55
146 178
128 65
307 91
391 50
375 65
346 61
317 59
115 119
68 182
3 84
223 47
227 55
299 62
329 74
158 63
142 51
112 125
388 50
76 51
14 200
271 70
93 88
143 51
8 52
106 163
374 65
263 64
203 53
175 147
326 53
127 104
125 30
394 52
208 115
36 57
248 107
101 98
148 41
105 74
47 91
9 112
387 57
64 2
217 11
256 47
15 297
336 11
188 62
48 13
194 12
90 147
312 34
213 27
41 223
185 49
187 76
381 58
352 65
374 69
188 70
375 70
342 62
86 68
269 64
142 54
53 285
191 59
157 77
158 69
32 63
68 174
351 74
260 29
14 255
226 41
131 52
123 37
330 60
304 17
139 156
311 76
88 51
355 55
292 49
11 169
308 25
107 61
129 8
295 4
321 68
341 52
194 77
231 87
277 82
134 13
70 140
106 48
82 65
393 49
269 33
146 65
219 60
120 107
85 13
400 45
200 54
304 47
21 217
311 13
131 85
171 2
22 47
305 68
44 247
180 70
353 86
211 145
251 23
149 4
381 60
297 61
313 22
217 131
123 132
341 3
320 80
346 48
275 56
78 81
184 173
294 40
54 84
69 156
267 64
329 10
250 30
188 43
292 59
253 94
316 35
72 88
68 78
293 69
141 121
284 59
345 83
271 77
305 29
189 46
178 92
168 154
260 72
364 74
358 64
136 165
318 62
234 39
269 77
100 118
388 45
95 51
173 102
64 76
370 70
333 47
274 66
15 14
377 63
129 31
71 270
245 84
142 176
84 121
111 69
369 66
175 62
230 55
281 64
317 44
325 77
193 151
166 113
281 29
244 69
144 59
111 76
45 290
137 16
108 52
102 55
2 179
290 38
53 111
35 288
224 116
238 83
2 303
161 79
357 76
357 55
261 32
285 81
148 113
138 79
174 76
53 65
193 151
139 110
24 210
130 116
3 288
315 17
7 220
360 61
152 57
284 9
278 24
269 37
98 231
