100
0.25 0.4375 0.625 0.8125 1.0
88 22
8 58
48 20
3 68
57 19
71 23
99 13
88 15
2 83
10 72
21 35
67 17
36 2
67 22
71 4
1 88
73 16
81 6
59 14
49 19
68 4
36 22
86 14
100 13
65 24
86 15
89 21
61 24
68 20
88 1
3 19
47 28
97 16
80 2
88 15
61 9
41 2
36 17
48 13
100 13
31 18
60 10
69 11
31 19
66 16
84 16
30 27
44 21
10 31
35 6
73 13
55 8
73 11
86 20
87 3
63 4
22 22
71 17
64 25
14 23
58 21
92 19
59 18
63 10
26 17
31 41
28 2
84 13
63 22
67 11
57 30
57 19
97 12
29 19
88 22
36 21
69 22
80 20
4 60
99 12
22 13
51 12
51 36
67 20
22 21
22 57
43 15
46 12
9 47
85 12
17 2
36 52
12 11
87 20
23 20
8 65
60 28
3 87
82 18
26 24
