450
0.25 0.4375 0.625 0.8125 1.0
250 122
263 83
351 58
24 89
197 105
328 26
347 89
123 47
38 341
341 98
77 133
382 101
59 165
53 307
24 158
181 167
294 42
306 97
44 303
162 111
400 98
187 110
134 111
243 98
109 195
145 217
84 34
292 47
285 10
220 95
190 48
232 62
182 93
174 189
372 60
421 63
426 72
71 245
62 139
446 62
245 55
145 82
111 188
223 166
6 350
138 65
122 14
20 102
244 117
345 12
143 13
303 97
233 118
226 105
72 128
194 3
336 90
95 252
1 10
331 61
51 100
359 14
390 90
423 81
38 22
394 91
245 96
331 90
301 75
264 74
400 75
108 238
211 47
299 94
135 99
232 27
228 66
323 27
36 77
2 74
121 79
363 2
201 18
117 109
393 99
96 87
388 103
49 227
168 112
35 337
372 78
422 62
35 256
203 30
126 4
166 82
60 239
226 27
55 175
356 24
29 178
4 10
23 180
125 47
397 87
301 71
220 55
300 17
119 81
301 87
206 21
264 15
12 62
389 72
106 197
79 40
197 159
185 152
448 57
374 14
379 86
201 63
342 78
117 51
363 16
263 79
267 117
14 47
24 81
154 146
141 205
263 96
419 85
202 146
174 213
48 33
353 7
92 119
241 81
52 301
398 64
129 55
301 56
222 53
233 84
297 1
398 71
76 243
206 141
369 61
384 67
391 6
47 31
354 2
17 88
351 15
125 90
254 83
259 100
373 66
372 68
224 95
51 261
190 3
100 8
213 33
308 99
176 61
10 74
394 97
373 55
419 71
61 15
373 18
216 93
422 56
239 138
189 199
404 57
439 65
170 90
74 288
343 58
405 49
8 77
308 57
314 84
390 3
301 85
278 90
66 50
220 159
216 159
251 94
144 5
184 185
438 52
276 7
222 96
143 177
35 95
185 67
429 62
425 61
228 170
377 48
1 115
198 22
300 34
185 110
267 43
134 73
213 72
90 133
86 44
259 101
60 233
121 95
304 60
435 60
403 76
63 273
142 201
322 2
191 71
109 48
146 226
300 7
381 60
437 52
219 54
266 3
71 170
431 59
136 14
22 133
157 243
76 237
344 23
59 78
307 51
106 50
22 334
54 270
355 32
80 227
138 236
15 341
203 72
67 308
189 77
415 79
248 99
400 66
293 61
245 74
306 74
35 51
44 126
77 323
151 11
248 93
340 75
5 58
409 60
210 71
170 74
191 22
189 76
150 119
343 17
191 137
164 50
228 120
209 58
192 191
221 72
119 35
342 97
328 51
250 44
34 173
114 90
111 65
348 89
301 68
337 3
340 46
246 70
360 69
118 102
331 8
266 8
435 51
204 90
73 265
211 33
340 71
397 66
396 69
59 82
353 13
249 108
152 245
439 51
280 31
141 45
353 31
145 233
321 23
295 70
332 79
9 386
123 234
39 288
264 52
203 52
178 45
440 59
141 190
7 59
150 67
217 118
417 71
305 45
430 61
10 66
282 87
88 88
392 68
278 98
143 85
78 69
14 179
217 40
306 92
78 19
221 180
247 102
416 77
37 332
135 200
278 96
18 275
176 121
394 82
74 119
421 51
334 60
300 33
410 65
229 92
332 29
39 31
213 58
83 294
370 9
80 191
237 95
323 57
48 188
18 298
289 11
103 75
92 48
412 63
13 190
236 28
276 51
217 107
31 204
60 87
172 47
87 161
98 43
166 72
53 16
206 35
187 130
356 88
87 200
44 116
239 18
304 88
194 122
381 14
310 12
35 57
213 23
374 13
245 102
264 68
57 83
10 80
168 152
87 92
302 90
338 30
169 148
344 89
378 92
231 53
301 100
330 79
268 83
44 196
108 212
256 129
144 211
383 4
297 73
382 50
382 17
19 348
323 88
406 65
80 203
361 80
330 41
357 67
149 94
132 201
447 49
379 23
254 54
287 81
411 61
117 66
405 85
74 326
262 3
56 22
261 36
271 109
447 49
176 85
102 25
408 76
230 54
407 65
268 88
438 61
150 4
214 137
164 224
137 191
158 201
160 95
108 143
294 53
