50
87 1 396 1521 15
297 202 67 2455 75
59 249 39 1206 74
2 470 123 1428 37
64 139 345 2100 23
315 244 118 2547 80
315 2 104 1358 38
183 308 409 1765 96
164 317 351 2887 42
242 282 13 2148 83
58 391 184 2525 26
402 442 378 4784 66
230 306 332 2928 25
342 100 310 2498 86
480 49 164 3136 89
362 139 346 2239 48
333 218 252 1951 41
297 69 305 1324 95
243 9 393 2261 9
118 333 445 4344 12
353 183 362 4483 42
226 262 169 1577 70
300 47 50 694 12
139 409 314 1224 51
326 127 239 1290 78
408 459 181 1053 46
402 190 209 2587 18
448 285 391 1880 5
384 182 16 1299 76
352 439 294 3433 27
253 493 351 3009 41
177 231 355 1375 22
177 237 339 1199 1
52 323 234 1416 29
284 387 473 3523 25
366 329 107 3644 19
385 322 311 2022 44
424 146 251 2491 63
288 472 433 1844 7
447 160 17 1265 40
54 314 412 918 43
417 28 40 1204 77
387 433 456 5497 2
218 199 108 1366 23
309 107 398 814 59
8 6 250 586 79
395 41 372 3673 92
304 221 409 2289 50
449 418 166 2649 98
337 136 387 2885 8
