150
438 1208 738 6835 71
306 1086 1092 3654 19
188 638 88 1786 90
1260 859 182 7353 23
1243 1169 1031 14198 93
1437 819 291 4009 82
424 1110 312 5398 48
649 1065 1262 7510 58
16 854 561 2785 60
387 880 201 6926 6
1050 383 976 10298 1
481 539 1229 7766 95
808 384 507 6942 59
1107 306 1129 12265 11
268 649 601 6857 56
1307 862 1497 6059 85
1061 85 467 3425 94
443 10 1154 4242 35
715 1289 492 10957 19
142 975 937 2881 98
398 1493 401 5458 82
1252 1400 1423 16126 91
1443 91 298 4080 56
1490 552 631 9415 12
31 82 460 885 60
815 1385 912 10708 75
1313 944 1112 14988 54
1178 1431 1277 9031 51
1494 671 871 11335 99
785 861 439 5219 100
42 801 44 3034 49
1468 1206 121 11044 63
1327 1399 1288 13821 15
1223 650 545 7585 79
383 1182 202 4442 37
516 254 722 6160 52
1280 1312 86 7471 55
309 783 563 7204 37
834 1154 1126 12870 27
236 1459 789 10592 75
369 1221 198 7893 94
1040 56 293 2557 71
1030 396 664 3877 16
812 419 1419 12093 63
777 1140 1169 4321 41
71 380 1102 4751 91
1448 894 840 3924 4
576 1235 1361 13393 44
932 1235 1094 3430 65
1470 365 399 6076 69
885 479 886 4708 58
587 242 75 1446 52
438 1419 1417 5371 35
304 789 616 3092 53
790 1384 800 4855 50
1321 566 616 9329 27
1427 1194 1060 13681 96
632 706 1218 9474 40
1417 807 278 3074 42
557 120 547 2940 32
261 714 1266 7515 12
487 135 729 2562 41
395 350 413 3150 26
1398 988 1161 11808 39
1087 798 748 6254 19
1313 1028 83 6423 94
1481 379 669 8412 74
1136 91 1470 6104 46
871 301 1067 10701 30
802 1243 456 7347 43
1300 1472 203 11701 75
339 278 1370 5586 14
1036 699 294 3198 20
182 818 679 4787 56
504 443 288 5004 7
492 685 93 4115 28
986 92 572 5456 43
1385 129 60 6748 93
863 988 58 6511 25
695 796 993 10298 75
835 261 1108 2672 56
288 1176 694 10643 28
1268 386 664 8290 1
1457 1390 1447 13441 74
858 1469 485 11163 98
1405 811 615 9065 22
727 211 502 3620 78
852 1138 213 9676 25
938 890 1291 13725 21
402 1179 13 5930 11
1459 720 947 3959 65
647 249 367 4230 33
1414 1169 362 9666 86
593 1167 376 2894 98
1072 50 1278 4816 44
916 116 5 1482 25
766 1254 1350 12708 11
1235 546 1300 5248 24
1254 892 392 5594 35
55 1185 1263 9176 95
492 792 1472 10987 47
1468 189 1038 5591 13
786 94 129 3801 94
1053 348 1446 9427 13
614 562 720 7416 84
1028 340 1383 3500 54
358 371 673 6262 37
956 1120 1081 7223 75
1435 290 1427 13241 86
623 671 481 5360 51
1002 756 1415 3201 68
1219 1175 1127 15121 85
587 1123 1304 12417 29
451 1162 954 5207 2
77 1212 720 2397 59
834 1496 203 10960 91
1254 322 154 4669 6
359 1330 685 7726 27
520 702 356 7702 46
718 578 1023 11515 58
261 1220 94 7701 9
890 754 1209 10292 25
326 453 224 1485 41
1109 1176 350 3436 90
979 1155 1433 8665 62
26 300 1177 4711 27
740 490 418 3129 100
4 1137 903 6123 71
489 1014 1407 13295 69
923 638 429 9733 35
1290 992 470 11917 52
1433 228 1130 9045 12
702 806 1183 5575 44
1494 684 1293 5720 64
1449 506 7 2149 5
779 88 1258 5095 63
1 1038 117 4296 43
859 1325 50 8391 2
1033 110 134 5218 87
873 454 73 3900 69
525 310 214 4541 42
1377 263 534 9396 29
151 625 1048 7840 66
96 1365 1359 7425 79
1409 459 988 13107 31
35 1291 1356 5791 100
1001 159 523 6118 22
478 1099 1056 4719 50
983 362 764 2442 3
133 1040 701 3153 17
