300
1258 1534 613 14762 58
2477 2424 1548 14770 5
2465 1945 372 21419 46
2808 1984 1691 16649 67
2204 1362 898 8931 96
117 1107 91 5611 44
1477 985 1187 5410 52
1790 1882 2391 21108 76
2445 602 2205 22216 21
449 2835 1528 12454 53
2252 961 1853 13712 56
1813 237 2210 14073 13
2087 1862 1955 8165 43
2868 695 513 6181 49
2645 1539 493 9599 32
1648 1234 485 16641 42
973 2864 480 10274 6
1004 167 367 5472 41
809 2455 812 9659 21
2166 2678 1337 28342 74
1503 1440 1114 8968 33
2800 1516 2070 25264 65
751 2660 841 17968 68
517 387 2362 5008 8
970 2535 663 10543 87
957 75 1213 7610 92
250 893 1804 7414 47
1399 767 1176 15533 72
1227 127 233 5369 71
105 115 2592 13883 89
2543 2138 1671 15049 30
871 1688 644 10683 59
1369 2001 2616 17825 52
2352 306 544 7204 55
2922 1780 697 6698 98
1072 1028 1621 13199 9
2134 1426 2114 27676 80
1805 1858 1194 12478 22
2669 359 1495 11445 27
1663 1997 1805 12086 14
1962 615 642 15513 84
1338 979 678 7872 50
118 1669 1267 5313 34
24 523 299 2299 39
1277 137 2308 15466 9
404 427 1175 6484 17
2324 616 984 16395 53
167 2804 1512 19162 93
1209 1458 2439 8303 37
948 447 753 8286 97
2321 488 592 7501 100
534 2978 1750 15151 2
2867 2749 1641 9404 65
741 607 1878 11427 6
1850 2536 2272 13929 34
760 298 350 5824 91
2460 2360 1822 12849 87
2670 1304 885 21529 60
2272 906 1437 17454 61
1022 1089 477 7807 37
1585 1337 205 8049 74
261 227 358 4119 33
1482 2887 2762 25475 91
856 2984 1113 20425 89
375 2048 2986 8733 78
1728 2178 337 20275 26
535 655 420 3554 52
147 2084 2643 21310 42
2 2983 530 6303 39
2741 1245 1813 11874 2
2174 2326 2459 29903 37
634 943 372 5726 34
380 206 1255 3849 87
1694 2022 915 14449 57
736 2699 477 6070 31
2117 702 117 4731 43
2490 79 821 5526 87
1885 2520 2434 23498 37
1228 916 4 2685 47
1288 517 1647 13161 88
1134 2634 2153 14175 21
1939 1725 563 8400 17
2301 2643 1578 11505 63
1791 2041 2843 21508 40
2772 2784 1777 35380 54
1097 1897 1254 15139 56
835 1553 880 12172 10
2856 2574 662 21340 73
2283 315 493 7807 14
1665 2808 2843 11292 31
488 2121 876 17358 80
1200 2250 2332 17763 95
2113 2345 1718 19209 63
2466 313 1152 7521 89
913 2992 1165 8603 57
468 664 838 3320 20
1418 722 1540 4021 27
1201 1553 1926 19542 96
2315 2959 576 27214 24
2087 56 92 2485 58
2802 2396 208 21333 35
2891 1750 1771 10658 93
2825 363 2022 17664 81
480 2260 2133 14021 71
1494 1518 1504 12935 10
10 1084 1710 5460 64
730 260 578 2076 29
2182 236 2867 7037 65
35 1746 425 9702 59
1988 2537 477 23237 69
1831 218 499 8169 72
2673 532 1815 20177 93
773 248 188 1505 77
133 2041 23 2674 11
2293 2685 2870 11159 35
2536 2205 2127 27043 9
184 1805 1556 11662 93
951 1726 2131 16419 66
322 1983 1737 10252 24
1105 2190 2246 6772 31
2270 301 1860 17805 56
891 2913 1165 8500 72
1816 324 2886 9731 53
2655 2048 1055 12585 74
1469 818 2057 7354 50
2606 1044 1784 19850 58
200 1897 1817 9040 77
1404 1903 1198 13457 31
2485 2131 995 14306 8
1533 34 2202 7096 87
2295 2726 446 20398 53
857 1809 301 8846 9
725 2114 2212 10762 83
1317 2387 588 20880 35
825 2552 1292 20411 44
1193 2253 274 5690 13
2332 1321 1031 11557 88
2385 1581 2953 23780 24
2449 362 397 9545 11
1060 256 966 8159 7
2911 2759 336 12961 69
877 2903 2844 30910 2
2805 2426 1466 31041 24
601 169 581 4371 79
2445 1255 2657 28613 25
576 1053 2640 16632 65
1577 2540 2451 23969 82
641 987 315 5501 54
30 440 2779 14949 79
209 1041 901 3927 14
1178 2789 1856 6723 91
1105 2904 985 22283 86
587 6 2139 3715 11
858 1857 2114 22488 73
1200 73 2136 7774 98
1030 2703 1259 8320 45
776 2715 2127 10142 84
2947 1207 2157 16294 60
169 643 825 5642 84
402 1880 2551 13470 65
1407 367 37 6482 1
1140 1491 696 7453 68
1165 716 1888 13840 5
2789 738 373 4261 7
1140 1544 2398 12767 86
386 1479 2028 12267 92
126 2654 42 7433 11
2659 683 942 16307 37
650 1915 691 3474 92
87 750 1718 2925 33
358 2801 1813 21507 34
2056 1741 2995 8043 53
1497 1436 1571 17499 13
407 880 692 9747 65
2161 1628 1126 17218 23
2379 1270 596 13556 76
2947 2231 1754 17736 25
1893 2191 1651 25174 49
1716 1103 2218 17356 63
2515 1497 145 5304 82
2815 2639 2545 20210 48
1947 2114 1785 23322 29
368 2046 2231 23174 11
2776 546 2431 24979 22
2385 1067 701 12665 52
1924 461 1011 5814 4
1956 2172 2731 29617 38
179 1616 781 3984 18
2409 1163 1443 14517 84
2428 170 284 13715 9
307 2942 1149 17066 90
471 1249 1923 12263 56
673 1620 53 8535 38
1180 2156 1494 20366 62
2175 240 1796 4478 13
1725 2652 1378 9128 93
1608 2586 2179 24369 74
1613 1797 2292 22425 46
295 2611 1858 8157 38
753 2459 1235 6110 8
2042 1031 853 4246 96
951 2018 1952 10883 71
2159 1457 687 12772 46
1138 1044 2052 10315 64
1850 2319 1215 17511 42
2672 1027 1830 11658 83
2741 1756 82 6187 43
2666 1355 632 22925 68
1465 2552 2382 31886 60
1000 226 1875 9318 83
1965 2848 1206 8444 62
2950 343 2485 22961 35
1930 2942 2501 14874 33
2675 2804 849 12365 10
1383 383 1414 7207 11
238 210 646 3200 47
2861 684 2880 6695 2
2421 2035 1086 24645 56
1135 1595 1118 5379 46
338 2947 64 8371 93
2252 1850 2593 12966 26
929 1076 33 2601 38
2563 2404 1613 23340 26
1438 1476 2930 14729 62
1100 104 167 4814 37
2707 575 1201 12375 34
1178 1916 733 10624 84
2001 516 2422 22380 30
2127 2030 2036 11958 24
1718 1829 1317 9884 28
1261 281 436 6785 86
488 2980 1400 19528 5
2597 323 1957 23294 42
1142 895 2401 6759 95
1220 1447 348 9643 43
21 2598 2894 10530 44
2366 2362 1427 16243 41
2176 522 2560 14300 9
2342 2118 828 9039 56
463 994 923 2978 37
419 2855 1313 18313 99
921 823 1599 16071 57
2641 2597 1144 25710 49
835 1370 311 8191 64
1968 2320 2782 25858 22
433 2048 123 10609 24
1213 1347 1000 13155 13
1956 128 507 4528 12
424 2602 982 6936 50
2569 996 327 13204 90
2067 2908 1084 6607 86
1568 2753 2414 21197 21
1159 1615 1654 5698 5
1505 2174 2176 9013 32
133 631 954 8291 28
1439 352 2274 10913 3
2838 19 2831 10457 74
584 645 2616 12124 17
2278 2296 2447 7858 22
105 2654 2549 13219 11
1332 2827 2538 18915 73
116 947 2054 5928 21
581 557 1447 3849 47
2962 2321 2830 38407 91
1759 1992 2931 12561 51
2768 1702 2354 21245 20
2212 618 2671 14410 55
1032 1476 1173 9589 83
1245 1025 577 2932 34
2241 1454 1707 25699 35
2745 2169 455 23464 38
2188 1033 255 7319 5
994 1088 2678 5665 49
1349 776 1876 18507 5
273 1361 1229 13324 28
2544 792 466 17891 44
81 2582 2472 21851 85
844 1206 1028 7311 13
2496 1665 1711 13978 70
983 1094 1005 4279 92
370 2447 2772 18146 51
2995 394 1432 11985 65
1125 871 835 5088 7
2362 1196 2179 7305 24
588 915 1641 7856 79
683 484 378 5881 53
779 1695 2319 12980 61
310 1279 52 5039 81
127 2215 881 15899 70
2984 2808 2865 37185 2
1066 1645 1479 6546 73
2418 2003 631 21496 56
2566 1391 1250 19924 97
1479 2545 507 16383 15
2127 34 1308 9189 100
584 1611 1126 10215 46
2011 2230 2629 33909 99
995 362 789 6196 30
2501 2675 2225 7729 71
929 2713 2078 28474 44
