500
1851 4887 4389 37938 73
176 466 2844 12783 74
4345 1063 2800 36078 90
3999 2076 1653 30670 93
1241 1786 2942 20404 10
4375 1753 4515 52893 92
1223 2838 4731 9486 50
1890 1385 1043 15183 81
4813 3473 3083 55836 16
4385 1884 1450 30216 42
2809 4318 3213 33938 19
1833 2248 1575 20960 84
3854 4232 2384 23275 20
1166 4461 4586 38109 40
1936 856 1809 21719 76
1376 4672 243 17906 54
1367 715 2879 16954 14
4501 591 3607 29211 91
3803 2041 3565 41221 7
658 951 1843 8543 19
2707 760 1812 15786 32
284 995 288 5078 33
3486 2416 4125 14218 86
4221 4114 3864 48085 44
1895 2681 2884 19696 43
1114 2773 3336 8918 85
586 4048 3273 20056 96
1082 160 4300 20879 17
2946 305 4014 33705 28
3428 1379 330 5813 50
4564 4562 4884 62641 51
2022 4586 4995 33676 83
1556 3038 3555 31047 2
3683 2012 3916 44377 39
3634 2775 4540 21508 79
4346 679 3778 33126 94
3078 68 2766 27455 21
3840 1762 3753 15376 4
845 4231 4765 38565 58
4216 4301 3444 44178 1
457 125 3136 16327 81
4860 3918 1949 46686 56
4113 2958 2496 14128 42
1887 241 1639 8515 57
2154 2463 3278 29082 69
4327 3399 2226 18514 93
781 879 4051 23378 95
4636 1082 1563 31735 56
317 3181 3902 29012 17
2471 4116 3828 27967 70
4139 2220 844 23275 75
1293 1681 4688 24515 35
4707 3309 4848 62424 81
4336 3616 4928 60699 13
4914 4542 4767 60240 16
1849 2381 1508 9282 12
2328 3550 389 17316 64
3879 4240 618 35994 65
3202 82 749 16098 19
1035 3717 4381 22537 21
194 692 535 3985 11
3843 3959 969 15410 32
2436 3850 1742 26069 79
4725 2194 540 12878 40
1996 1260 4609 12608 17
2506 190 3747 31308 43
2754 985 3443 35329 67
3135 1115 2810 30157 26
2098 2176 2537 22237 84
2963 2674 3146 15284 74
2638 324 4013 19500 19
3189 3012 2662 11364 41
3421 4393 4130 16305 75
3353 1641 4907 26610 2
1046 1141 434 3306 7
3857 555 3718 24528 49
2526 3499 3026 40537 4
3819 3868 2745 45812 5
971 1041 1679 17123 13
2578 392 2148 18318 37
2118 54 1706 11629 9
577 4479 3693 29980 78
4573 1082 174 23621 21
2485 3992 1372 31725 67
3199 3773 4975 44571 25
1990 1124 4163 9207 77
2585 4206 2927 30689 36
34 2080 3094 8317 55
4290 2152 897 17200 86
4485 4133 3486 18108 57
4071 2755 4004 35675 37
175 355 3686 14829 10
2762 4238 34 15029 85
1701 1158 4502 12923 94
255 4353 2420 12618 22
33 2148 2316 19724 10
3081 2135 1538 8601 48
1379 4258 3093 23371 98
4439 1698 4868 22686 28
132 1313 4082 6129 2
1652 2277 3292 14090 74
927 2204 3165 16899 50
1099 4318 3654 39604 41
2728 1127 4770 42533 95
1044 4556 4428 39108 18
4796 3486 3719 49288 92
8 4481 2927 30932 67
695 3524 3460 37295 40
3644 2252 2975 43129 100
1637 1913 2791 28390 6
449 2068 4374 16563 48
1769 3172 1771 17277 13
3081 3835 3201 43050 8
1106 1389 2316 7453 64
668 1996 4294 9772 3
3925 3295 3735 31837 43
1679 1131 2997 5929 1
3319 223 4251 32732 67
1089 1332 2383 17301 35
4387 273 749 23889 89
904 3743 1182 11101 29
2333 1045 4425 22296 69
408 966 1971 7706 3
2919 1641 2967 31183 63
4389 3306 1436 25790 70
3589 248 630 12109 71
1843 3857 4412 21359 68
214 1856 668 9644 13
2020 3311 955 30571 70
2649 4960 40 20777 77
451 1668 4647 11031 78
678 4780 1562 29833 25
4471 2953 1268 9420 38
1583 2858 1339 18968 67
1706 1910 4810 39336 75
1956 2064 559 11448 78
3759 4848 4837 34318 30
1886 2723 446 8486 43
3614 2914 877 24661 43
1542 2783 4919 41369 18
3231 3443 3457 26229 46
1270 2207 2825 12019 62
1387 4268 2449 22584 94
1932 3609 2532 33181 65
3267 4176 2518 42017 55
4868 3490 766 10755 30
301 4517 4180 31408 3
184 301 3441 4216 53
2741 1130 498 5856 82
4794 2420 2642 11116 50
2479 3413 3038 9693 6
1316 1420 4946 17343 56
4205 4917 3591 45005 9
4767 2057 2742 41683 69
2408 1224 4298 16526 21
670 4030 2221 20326 20
2932 1747 4189 37394 43
1444 179 2979 22328 57
2124 2664 2936 23441 65
630 1615 550 13287 97
4202 3505 1502 14385 93
1971 245 1128 14087 24
2220 2366 4554 17839 33
595 4411 952 24989 91
1844 3197 3656 26380 27
2805 2669 169 26677 46
704 3446 338 21493 74
3995 1596 4096 18655 31
3244 4676 1251 45578 2
4414 2019 4896 46970 75
1768 953 4343 15426 9
794 3974 2099 31322 33
1957 2787 484 19017 77
3646 4461 569 26633 81
4597 4681 2953 19338 40
4258 3973 4507 13252 86
2893 933 1479 5985 88
2312 1686 1653 17153 49
3058 963 848 7276 90
496 4122 1879 17988 4
2091 2590 4211 38673 35
2766 3657 4102 39444 21
1655 668 3237 22789 78
4428 3594 299 38722 52
589 3149 2127 9315 72
4792 4629 3932 23856 14
4919 3379 1742 26825 47
1545 2359 345 13243 26
3817 266 218 9212 37
3297 4296 4527 35003 66
1376 1010 1101 7999 9
2246 2121 4293 37157 62
1191 2968 234 9858 63
1036 2702 463 15894 44
4343 1088 1253 7676 13
4789 910 4086 47718 38
4826 4581 1434 29146 70
1751 1479 3368 32555 46
1974 1467 1572 16191 64
1356 4162 3653 42419 97
957 4178 3065 30073 34
61 4888 1522 32009 60
2941 1505 1154 16271 48
3556 1039 320 10464 10
2683 547 2458 11829 48
1877 3528 4701 35760 14
4991 2930 3211 47238 89
368 4623 3289 13742 42
3401 4466 4358 29384 77
1446 3208 4108 17684 80
1697 670 2677 23886 11
3389 2800 1588 27984 92
1982 2882 2131 32669 52
1346 4854 3793 23837 33
3964 319 2353 10964 20
2443 2705 3480 37811 94
4903 3056 2024 31007 15
4872 64 4686 44094 76
2305 286 1851 18327 68
2941 464 377 11576 45
4457 3066 856 28036 62
3374 1043 2897 14082 74
2525 1072 985 21704 85
4338 4633 4454 49034 87
3690 2240 3486 41995 5
2013 1382 1031 13009 100
4483 1484 1507 32863 11
2707 1843 779 24684 97
4789 655 2821 31933 7
1132 1083 2128 9074 79
4252 3488 1632 46853 48
1574 1106 1199 13934 41
534 4105 4595 46040 48
1292 4409 4650 19873 94
1928 2415 3957 13006 17
3993 3997 838 17543 27
179 3638 4037 32662 54
1648 4474 1831 11337 83
1555 2012 135 6559 11
1050 800 2794 16773 94
3329 1461 332 16381 95
3213 921 1113 9667 37
1128 2978 659 6140 44
4312 1765 4349 23930 17
38 1520 4560 28277 81
3656 4344 4554 30510 14
4780 1671 412 33064 47
4785 2441 557 8978 59
526 3915 4644 20583 100
1415 4232 4230 23818 69
4254 3277 2531 14478 98
3244 2460 2137 22981 40
132 2657 898 11958 2
526 4088 3010 7752 57
2529 4723 3588 44286 2
4418 2983 3865 53289 44
1384 1699 4070 22886 58
1582 3194 577 15895 62
2235 2003 2386 9349 70
148 3382 461 5841 81
977 3125 4192 29425 41
2578 1892 2838 10110 41
4894 3800 4944 41566 89
3818 3618 667 17595 84
1732 586 951 3677 44
4615 3600 2478 21079 79
4474 721 3867 36428 97
3527 3369 3416 48112 7
3899 1447 3667 33811 1
2295 135 4713 8495 13
2814 2272 1294 27165 22
2347 3594 3639 27332 51
4647 1394 1111 35596 22
814 3623 3934 10447 12
2679 4847 2278 48243 8
2056 1212 2812 21325 28
85 894 1696 11262 92
4517 3697 4523 53789 73
957 2041 3277 24411 29
4652 4372 3176 49967 33
1168 4205 43 24369 41
1071 1608 4663 22234 29
4570 2810 2552 22322 62
1063 1127 3806 17915 88
113 4988 3443 40768 65
890 157 697 6267 50
1548 2941 4123 41155 34
1481 3903 3689 35088 7
666 2903 2205 21135 28
429 2834 587 17610 55
3517 3744 3155 48208 69
3715 3309 974 16528 62
3702 1863 2250 36540 56
2364 2585 82 22749 39
2530 2472 3359 9384 6
1066 2807 2732 20323 44
1670 730 980 5895 86
4502 3374 2392 48692 81
2020 839 2994 15130 37
2154 2110 1778 29010 96
1136 1727 915 13778 26
1089 1741 2008 8886 67
3668 488 3818 26458 59
4560 76 282 19923 26
815 3822 2280 20918 84
2685 2408 520 7670 12
1528 2135 2334 10602 48
833 3553 3702 22796 48
3869 4459 2216 23612 1
4587 3436 3578 25674 58
4021 69 2555 20502 88
2333 4764 745 37803 73
3294 4156 4040 48670 4
941 4207 3737 24985 94
1934 1143 2724 21206 28
3206 645 4149 11543 39
4734 4632 3238 55184 69
694 2274 1165 9917 84
2105 1838 2710 28740 61
712 4320 1126 25446 99
753 4971 4054 19539 57
2112 2110 3475 35242 63
266 11 2611 4592 2
802 4434 4812 13905 2
2110 1201 3115 22886 55
1883 959 2116 11770 44
1195 886 2313 19974 15
1047 3129 1927 8878 45
80 3554 983 17797 13
3435 1550 1258 27584 15
672 784 3472 15508 12
1644 2885 4740 22058 60
4968 1009 4826 46331 21
4853 4635 3989 32034 71
1488 825 2692 13665 47
4369 777 2823 12374 70
4563 1773 1746 31973 16
1371 1301 3145 18864 8
3528 3939 2691 32858 82
953 2705 2198 24868 21
1655 3238 1369 9852 49
3566 466 282 20704 12
3700 2086 2327 20448 30
853 1583 103 12249 66
3950 753 4092 28821 29
1884 3987 4769 35468 87
4423 1149 4377 38429 23
3332 263 1768 24531 94
715 639 926 5556 16
599 69 745 2124 55
4302 3197 1019 22531 13
251 2776 1308 21362 99
1062 3270 4877 18377 98
443 1275 3777 25806 39
1547 975 218 3471 71
1055 4488 1900 14592 68
261 3375 2106 11648 5
833 4092 2680 36367 33
2535 3289 37 17477 75
4757 402 4442 38044 12
1458 1631 2756 24878 52
2763 3450 2348 20245 42
1057 2076 3002 6487 30
2909 776 4972 17279 36
1722 4 4629 7421 16
2730 3378 2350 36486 13
2513 4760 4653 44122 96
4221 1550 3963 41987 27
1625 4551 3287 33419 65
4833 1151 4407 31726 39
3118 2619 240 7158 73
384 4487 1707 28398 6
2856 4328 3516 28680 36
1945 3551 3945 12057 38
27 1221 161 2088 22
3585 4074 3727 51595 85
4626 1696 459 17210 49
4825 1789 1488 40176 63
187 3703 2205 9855 94
1593 3324 9 16901 64
318 678 3601 5415 79
209 4175 726 17261 24
2833 1971 4036 13406 27
3588 2154 3529 16556 29
271 4414 1061 18512 41
1634 3000 2923 10155 8
2579 182 1138 18631 95
3373 2201 542 11754 66
2878 3070 4910 38547 80
797 3085 1358 17297 15
555 2696 1481 11035 50
2373 1419 4910 15785 63
4640 3966 3575 48887 66
1755 4341 4046 19712 19
1395 2271 1340 24287 22
2600 2085 325 5237 36
347 3347 4612 31935 37
1729 1101 3271 20733 74
1421 607 4414 10223 11
3754 1263 3805 22936 96
4623 3381 1057 15560 5
3316 227 4484 25835 98
4849 1724 1939 18888 21
2225 4648 20 8523 25
4230 2990 4000 11476 77
2251 2720 4234 39384 54
4224 1173 609 29306 31
1382 2032 4250 37117 5
4894 4641 460 28948 23
1843 4071 4747 28034 73
2980 248 1084 15458 42
505 3769 4759 34444 54
4590 414 2234 21429 24
4811 3159 2167 16035 75
625 1997 401 6464 35
3073 4738 4648 35110 54
1713 2034 841 15545 9
2104 2969 2513 35677 49
758 4754 1982 12008 29
1994 4213 1278 19482 89
877 4192 3278 41613 75
2150 5000 2456 35917 62
4841 4515 2299 29058 76
1748 724 4484 26770 41
325 4797 3901 25545 14
825 4692 1402 34235 20
2545 960 94 13153 85
4109 4708 2366 14777 91
840 607 4063 24551 48
4998 4833 4896 40002 92
3473 1401 1074 12128 18
1775 2966 3726 37035 13
258 2230 1116 10393 24
1793 3419 3036 12460 79
58 2191 2248 8380 49
1319 4694 2063 18895 74
2858 2707 4796 12584 85
2399 1356 1351 5890 55
2683 4145 384 17394 59
1853 1432 675 13800 93
3483 4009 4563 55341 88
3743 1798 4904 50612 56
4740 1826 3312 25490 34
4023 4237 4544 51776 92
4272 3958 237 16475 42
2193 142 3809 29596 6
4318 3021 4147 34572 5
667 493 3236 13792 94
1515 3890 1699 18316 25
855 3321 458 9764 54
2769 3605 2514 17329 1
3815 3767 2364 20710 75
3888 808 4027 29882 94
916 1083 3164 17288 38
1364 4506 4423 39059 91
501 4729 708 14035 9
2230 1673 106 16994 67
1867 1342 4405 10588 85
1273 4551 1834 26801 54
3114 2920 3060 33786 21
557 4046 4168 8844 67
1287 780 563 3115 7
2181 4703 1079 35967 23
3804 4006 489 30605 28
2481 1126 2614 7589 86
671 4767 4301 32563 70
56 3851 3900 32962 29
1837 2970 1605 11628 29
2384 460 4317 9269 11
2115 4089 865 13418 30
4977 1420 4327 42682 2
173 4361 1479 22594 20
2856 4384 1481 34181 11
2775 3637 307 25925 55
1098 3881 4543 36970 100
4205 4277 2036 20402 73
4799 705 2929 10685 69
816 1463 2078 16787 7
253 4896 2859 15899 60
4986 3291 2140 28432 24
84 691 2493 13169 19
518 2215 3539 7122 5
3998 3221 3037 49901 69
3219 3518 456 16818 22
228 40 3596 10922 70
4634 1929 1208 9836 66
2867 3211 3176 17271 42
3190 2363 3343 11748 46
3653 4129 440 27899 62
2043 1382 453 13655 69
1303 1263 1646 11584 92
2225 3968 3930 41182 16
977 2922 2262 25944 47
2537 4348 2320 20762 68
2379 1114 3179 28597 92
1574 2205 3842 32520 78
587 3690 59 14423 98
4426 2012 658 10556 47
453 638 234 6372 35
163 4008 1270 8725 20
