400
156 1043 3530 10046 99
1350 3692 3833 12783 52
1824 2129 3481 13526 44
1089 3140 2049 23786 15
3591 3250 2783 16935 68
3606 3668 555 31637 43
482 3310 261 15706 57
3977 2955 866 13215 29
2795 1231 1023 15323 64
2167 3241 2456 27563 24
3940 3721 2439 31530 3
2360 1049 268 18382 24
2375 740 2411 18930 9
736 2723 671 19751 29
2791 2648 511 29168 41
909 3656 2293 7629 83
883 1901 3794 15588 79
2717 81 2962 21100 98
3919 1480 3703 22868 23
816 3441 260 20523 73
1413 2019 2896 9268 28
876 3638 583 16602 44
966 562 599 6479 72
1565 137 1025 13222 68
1278 805 3295 20615 63
3579 747 3702 17184 28
316 2815 870 11791 2
114 1127 2397 13387 57
2054 817 347 8121 10
1222 2369 139 15058 86
3147 607 2223 29238 58
442 426 519 2992 99
1767 832 1197 5264 33
41 2851 771 13072 16
3427 2331 2586 29210 29
3522 913 3072 22684 47
503 1262 3883 10805 7
1666 1847 1301 19044 27
2303 2372 170 22283 35
1321 1591 2157 13658 90
992 613 1237 5778 46
257 3387 3391 11550 74
3334 75 1911 10256 41
10 3349 3498 7318 75
3295 1284 1387 21162 19
2414 2566 2535 23165 59
2551 1300 3305 23207 88
3642 829 2199 32173 51
2014 3461 1217 17214 95
3971 1429 3554 32425 5
3782 2993 2886 38415 22
2115 1905 1716 9673 32
480 896 1786 8691 97
3121 207 850 15781 11
548 3463 183 17084 53
836 378 2473 3735 28
1036 3875 2176 13644 63
2726 178 152 5709 39
3969 947 1835 11828 60
585 3745 3422 10326 20
3449 2743 2689 13764 66
3730 1356 2680 27825 97
2799 679 2392 11590 87
1015 3224 3613 11263 50
3705 3177 2193 30567 58
468 1849 1548 5131 94
3442 2316 3067 23411 25
1331 2791 2118 24450 59
2362 2195 1000 24394 77
3755 3197 3746 47972 99
3256 474 1222 8978 70
2912 630 502 16100 8
1090 1025 2639 16309 58
1990 3841 1297 12391 8
1988 174 3220 15749 26
1203 3034 259 11304 50
2698 1488 3724 32035 77
3077 217 3774 28176 9
2514 1537 2858 18639 65
2563 2971 3595 33715 75
2247 1366 965 7877 38
1760 859 2098 22114 43
239 992 1571 9641 95
2685 1919 3399 20707 78
781 3796 3935 21537 90
2081 2410 3373 27392 16
3295 396 1684 14784 34
2415 3433 794 13358 18
1865 378 1944 11075 26
2300 1536 1167 13573 26
2137 3007 2635 12330 64
1865 3419 3534 20923 38
3695 788 3257 24922 37
856 877 3798 9214 47
3893 2710 3730 38698 2
2621 18 3637 10996 4
1108 325 885 5700 87
3739 1053 1297 6298 18
2449 1817 301 8559 46
2653 3764 3305 15216 13
2525 1113 1642 11595 92
3726 1140 2244 10005 44
1004 3467 1342 22914 30
126 1748 2916 22770 66
1665 1391 3098 21913 80
1722 1800 2418 8180 39
648 1803 3223 27962 66
114 892 1017 2561 80
1557 1311 1512 5053 18
754 51 1888 3894 73
2063 2172 2934 26928 10
2574 448 2415 9343 3
2577 1273 2423 28801 55
3118 3045 3609 44366 2
3860 1082 3438 9747 45
2788 3722 3558 46451 22
1246 2930 2458 32422 42
2433 3043 3771 28444 61
787 3932 3065 23380 36
3417 3878 102 9376 92
2432 3249 264 18616 19
2753 1679 642 18334 19
3807 3437 477 27854 86
2111 3185 1500 14893 85
3941 1659 949 32167 30
1862 299 2086 16395 4
2446 401 1571 18258 57
1954 2681 2356 13679 19
2119 3993 967 14577 7
2563 200 105 6144 9
937 1067 1588 16872 43
579 1891 991 14959 2
3820 3641 829 18364 45
3869 963 331 18966 21
2265 2689 3650 27657 64
3067 3156 1453 26315 53
3293 1268 737 25685 82
3846 216 888 20581 28
3772 1924 818 27049 55
721 2968 2263 20472 85
1723 2808 3400 17424 17
509 3897 2137 14311 41
922 972 2808 13317 39
2728 563 3733 22820 84
3054 3706 2236 26227 69
2386 468 1904 17304 97
2573 41 2920 13694 20
3176 1492 3830 21714 1
67 1527 3131 12798 43
1151 145 1401 9892 25
3358 3817 1218 29192 12
3894 1405 1604 7272 98
2299 1971 2026 19991 21
3042 449 3620 10041 44
744 1230 240 8818 41
2970 1937 1598 17220 13
2590 1375 310 19628 55
1786 2238 3644 21385 67
804 450 2232 5914 90
458 1277 1807 13755 90
1201 2488 798 11474 44
2455 2288 3889 28894 4
465 3745 3497 12261 99
1679 2839 1271 10268 92
1923 442 2359 20676 49
2896 2548 2091 31674 69
1843 1119 63 7946 55
584 3071 131 18110 22
61 1299 2404 16764 65
2451 3540 202 12069 48
3973 2525 1396 25821 38
1913 1874 826 14566 2
660 1963 433 10805 26
2245 1486 1275 5709 16
231 902 2199 10462 40
2320 3236 3469 12236 21
746 3066 3139 34126 98
3195 1655 3799 12722 82
3136 1791 3555 16007 19
3283 2183 2103 36938 43
1903 682 2614 6682 63
2027 182 3365 19726 74
233 2753 2523 10666 32
3027 3908 1277 37138 95
2034 1972 52 10882 74
3760 2348 1490 10530 6
815 325 1798 9622 22
1762 2228 3267 19935 24
3533 204 981 8164 10
300 3416 1588 17201 56
1513 978 3775 23544 63
547 3987 3124 31550 37
1443 2337 3982 17152 19
1109 2182 1950 7799 49
2365 3895 114 9739 52
2488 2203 1806 24841 64
3999 302 2539 32687 84
1871 2334 1907 27571 54
2567 2936 2688 14297 86
1600 3299 3280 15699 92
342 2660 564 7805 77
256 3273 2132 23124 34
376 3788 167 14517 99
2972 64 109 15243 24
146 2920 653 11624 90
2659 2726 1783 19288 25
3554 1255 62 20264 77
3417 1064 1394 18169 52
1305 877 122 8386 50
3101 3150 3541 15864 19
1578 3296 3747 9835 36
1139 3695 3728 34416 97
2852 2202 337 14003 52
3802 2960 3473 27428 80
76 3086 513 16855 25
863 969 1311 12508 23
375 1359 3541 11863 58
3768 1967 719 12013 64
2157 3963 579 21903 46
740 591 555 8562 65
3985 1455 242 24754 21
1987 3653 160 14554 34
263 2864 2115 20861 37
1156 3853 1815 32789 90
2370 3337 3435 19387 80
1560 1628 3248 22008 2
222 1522 1546 10237 16
1502 2406 3847 9186 67
1174 2183 2042 17982 18
1361 156 3887 25058 13
739 3621 325 17335 49
3148 425 2151 22909 95
2156 673 2616 13424 16
1977 2092 2452 16503 49
1892 27 1741 11703 60
258 661 792 4271 2
2455 2952 304 24407 91
529 1338 2578 14744 2
3010 207 680 18280 3
1975 3778 3714 26120 52
512 296 1956 5740 96
3355 1102 316 10689 47
717 939 3364 8375 67
650 1234 594 4812 65
1322 1218 2391 13082 47
1037 3985 1671 8139 43
932 2748 3646 8913 99
3895 1752 3237 36367 31
2726 1511 3671 35620 96
3702 1331 1832 18923 72
2122 3996 3172 42099 78
880 2318 3639 23631 19
2130 881 1111 12724 59
1625 1044 1307 5580 33
49 3142 1798 13141 40
1481 851 1985 12613 78
603 55 2971 14371 49
3245 3235 1562 30807 23
1287 1829 2560 5886 5
331 3006 3344 10102 3
1202 2820 2501 17335 27
111 3656 1487 20691 98
1440 1000 2438 15512 81
2564 414 1050 11808 93
3495 3762 3701 13579 68
139 455 3173 7375 91
3131 599 211 17796 30
2878 676 2875 16952 86
2989 2594 2218 24873 57
2006 1810 2560 19947 37
1259 721 491 9295 37
2583 3426 1436 8602 31
1484 1187 3817 13479 67
494 973 3181 5186 76
2977 444 725 6490 19
2907 707 949 9726 84
1141 2711 3927 17290 77
637 2188 3447 22860 28
2791 3107 1665 28329 69
2225 3292 3916 22982 28
2054 541 3976 25623 51
1653 1801 1790 12742 71
1312 3043 620 9645 29
3308 624 3576 10264 64
753 475 402 2554 57
1359 1380 1159 17941 17
2862 406 3057 12367 57
245 353 3459 5797 95
3776 2361 3021 23141 6
2369 1276 915 19675 90
1461 3087 1345 19835 27
3387 3732 1794 21084 59
1448 3741 1510 21422 89
2874 1815 2454 26772 58
3416 1741 3763 33253 7
608 3761 2815 23300 81
903 191 1829 4052 49
638 809 1156 10415 28
1677 2269 2583 11731 21
2522 1123 3807 17944 80
3354 1019 138 13322 87
1370 2088 3849 21561 73
3489 1422 2453 30686 27
3047 1296 1884 29296 92
3411 3706 2637 39652 1
1156 919 2436 9889 22
2226 815 3617 13345 73
41 430 181 2558 99
1919 1170 3940 16721 78
3865 2380 1048 27967 38
1971 1928 2001 24866 100
2689 3205 1335 13807 63
1321 67 3119 18648 33
76 2700 1526 4723 30
3953 3072 1368 38338 73
185 2533 350 4403 86
1322 3616 458 24251 73
192 957 3233 5186 81
2526 380 181 12222 3
773 879 1939 4594 22
2875 2325 3094 16992 17
667 1282 3094 13873 42
2216 2705 1815 29732 88
2551 858 1350 10989 7
3522 1965 851 15778 20
1816 2361 1504 13270 56
599 3129 2514 12902 32
2862 259 2782 19768 61
3933 802 1403 18322 1
1442 211 1233 5257 51
3480 3910 2739 41602 30
247 164 412 3397 92
1250 2714 3318 24813 60
2286 3809 3971 19054 38
1410 340 20 3530 66
3127 2202 2864 33998 6
3852 2533 3170 32209 88
1556 2018 1281 19961 95
2863 1552 1823 25182 78
2399 2231 3235 12776 87
2193 2782 2971 8522 52
1257 3497 2843 23231 30
1874 996 3028 26817 30
3200 2868 495 15465 63
365 3470 210 13409 74
3754 1616 941 28596 84
171 1767 3683 26554 18
893 2537 2312 23124 16
3321 1164 3791 36689 49
3325 3310 23 21927 73
993 1545 2301 16943 90
3634 688 610 7939 50
330 3485 2935 31070 67
3044 2821 2059 22883 27
2657 351 1905 11169 76
1689 284 2360 19556 86
3150 3293 891 24842 69
967 3073 149 14499 64
85 2653 412 11703 39
203 3644 3887 28019 2
264 3429 78 3903 7
605 2969 246 13985 54
3522 297 582 15552 70
484 1606 1222 14312 56
1166 2653 3143 30325 50
670 1435 2225 8709 24
3886 3230 1577 29074 18
3027 1674 2140 19844 94
3083 2959 3739 10569 70
2129 581 3387 21299 62
1564 1930 446 10147 18
3680 3015 202 8438 12
3517 2436 1944 37144 31
3412 1806 3767 44268 4
2801 3834 3853 13804 32
3259 2976 3697 33145 90
462 1291 1647 9369 6
598 915 3403 21452 67
1633 931 1708 5483 45
68 152 2540 5667 7
3158 656 3468 8647 92
2355 3484 3454 30544 65
1963 905 2812 17947 76
708 649 2733 16297 51
2846 794 2467 9937 92
3138 3768 2760 35431 100
3921 617 3893 9679 31
2952 1550 3299 17459 71
1964 745 3289 28768 43
2015 1479 2238 10038 76
283 1784 1599 11074 35
671 1327 906 5062 99
2709 2214 3161 8098 30
2218 1512 382 18341 43
3409 3384 131 24040 31
2800 3827 144 18812 46
3886 2867 767 21861 88
1721 794 2616 9739 76
3843 1634 3621 39850 69
49 2210 421 5930 84
