450
3788 3616 3005 31374 35
1261 3064 1819 13930 30
4351 1998 3603 24020 58
2818 3730 3149 19651 74
2808 1129 1497 16270 23
4334 79 740 18479 47
3530 868 2070 27462 46
3934 1273 3575 13706 83
2189 1721 3452 8818 65
146 3716 1215 6466 25
3910 3329 3293 13867 97
3880 3194 3912 38725 83
1303 534 1039 3256 40
2934 707 1802 20851 27
3757 77 250 11272 100
3090 1906 2158 15593 62
2445 407 3854 20174 34
1165 1117 1969 15520 98
2296 4089 4079 18958 59
3202 3179 3481 16787 19
634 3702 479 22921 43
2907 1694 2050 18037 41
1497 1921 1995 23991 48
3775 3678 2070 25003 20
790 2065 153 7673 43
1630 2055 2699 30658 19
3322 4326 1087 33835 21
728 2193 571 4195 50
440 2607 2600 23409 23
1426 3244 3754 12196 21
2646 3548 2221 28173 34
1966 1587 1774 11902 28
4134 347 1131 16211 88
1262 4018 576 10583 5
641 574 731 4751 13
373 1713 31 10508 15
3966 1931 2237 39131 76
2642 3464 1747 33737 91
726 1353 280 11456 62
2254 692 854 18553 52
580 3640 1259 24147 47
3210 2352 3441 30435 68
3007 2346 570 22961 48
2477 1779 726 22412 57
1949 2195 2829 19533 51
790 2793 106 8732 20
3808 3808 3993 23831 87
1180 4148 3336 12155 81
947 4107 3715 34839 99
3330 2100 1760 20824 93
168 3289 1953 8499 76
3216 3817 2282 18615 64
3479 2118 3413 43681 64
480 3168 4378 13626 55
751 153 3552 17964 18
2350 1409 3928 31081 20
1783 643 1607 18159 80
3912 88 4224 25907 59
648 231 120 4412 12
2363 3661 326 20721 81
2940 3333 2327 35306 77
3031 72 30 7751 66
2543 2472 4124 10442 30
1886 2253 2331 6769 82
1745 4360 2034 27202 94
2475 4485 2048 20302 28
1678 2678 552 18725 66
1316 1325 702 6435 25
3055 467 3728 32279 3
2813 3892 3310 22307 72
200 3737 515 19805 88
2512 2915 3420 30310 86
1431 3871 4482 43648 6
3965 2478 2264 15537 54
2941 2116 4425 40649 66
2466 2464 2733 29237 46
2653 2166 2587 25722 29
1271 2637 2899 16839 70
1603 4183 1265 22601 28
1596 1929 2074 7740 44
1864 1002 1755 22890 91
2517 4346 3952 26575 69
875 3715 2012 6815 12
854 2163 1746 18322 42
1198 1765 2104 19883 91
240 1590 3441 16930 69
1346 116 3362 16608 39
3250 556 2702 16539 59
155 3256 224 10031 55
520 2126 1039 3829 78
2919 228 4246 31591 44
1720 355 2569 15093 86
130 3068 1753 18497 68
2149 362 1463 8777 38
4346 2911 374 17690 41
2871 4411 898 10425 80
706 2358 4194 24254 76
743 4155 1398 17810 87
1246 4328 1322 17742 56
4120 1284 3717 26190 39
2696 1741 1042 11989 70
3775 2339 535 14130 55
1812 579 1931 15883 97
2863 4185 759 28049 29
3304 1604 4128 24583 4
191 2845 4025 13947 75
2409 630 3608 15390 56
1129 1493 4320 27831 56
994 1751 200 4843 67
3040 840 4031 33091 82
3380 3624 211 19510 87
1737 4343 3947 18080 8
575 2832 1228 6516 11
2960 2479 3794 25181 63
97 2862 1636 19768 25
3786 2541 1102 19333 48
1397 101 618 3001 46
230 2049 2282 20059 57
4022 2471 1586 15043 16
2310 3310 526 29708 67
512 2670 2138 16054 51
4157 4035 84 28236 88
1418 2019 1529 21754 30
2140 3154 350 11375 46
1508 623 2514 9305 18
1418 4404 1157 19030 90
1494 925 1553 9022 55
506 4183 176 21235 53
4479 4440 3047 46222 62
491 4411 3328 25375 10
3349 3541 536 8195 32
3147 4312 594 15369 84
2604 1127 40 11040 71
1259 3504 2975 29233 49
4041 277 2217 21086 4
4054 351 3250 16991 16
3324 4263 2094 43533 40
2745 947 377 15180 90
1448 3897 1869 10716 15
3253 1171 1373 20785 40
3505 3315 1572 17845 36
407 4139 3671 37461 64
3813 1857 3945 25801 79
3078 4044 57 12389 25
2757 270 841 8389 77
3342 2427 3293 17649 65
2664 3078 3894 14646 50
4007 3223 3405 44592 30
178 3635 2195 20700 89
4290 2175 3479 36928 75
2094 2612 3930 22361 73
2718 2629 2089 22175 58
3107 2125 3991 28026 92
4384 2957 3922 56062 71
3645 2328 49 12456 15
4447 3353 1551 27387 93
1383 291 248 8823 16
227 2233 570 12155 76
3318 115 1512 10022 28
3384 1714 496 27139 27
4419 2379 691 10392 26
2420 1631 537 7540 25
3548 2036 791 31837 38
3093 2865 4207 47853 78
1991 3702 655 18691 88
4250 485 3603 31357 60
3309 1510 4004 10288 69
774 4110 3559 27932 98
1724 3385 2304 28749 34
3138 3663 316 17665 40
3626 4292 2894 35438 100
2422 3724 185 10602 73
242 3771 4462 32585 92
2879 3913 1622 21231 59
655 1158 1124 5364 15
3123 4220 1534 16267 25
950 4394 1549 23402 95
4236 1311 4450 44555 31
667 2881 1014 20287 57
469 3168 1780 7866 17
3905 4474 2335 32907 33
2269 1464 3145 16846 62
182 3367 505 7482 29
798 3267 2315 9887 93
3060 4299 2053 15064 4
2007 3919 3624 35327 16
2988 2573 3451 34360 61
2734 2016 2066 30201 82
1001 339 558 5630 12
4081 1747 1128 28867 49
2760 3410 403 12833 19
3747 1077 2794 22265 28
2546 4388 2717 28033 84
449 3965 3189 15666 32
1733 1008 2287 18253 63
4402 473 2498 13917 81
2302 2598 3721 14627 100
439 719 3468 13961 39
1350 1246 1424 10725 91
38 2560 605 15563 57
4227 4339 2929 17090 90
3196 422 4197 35190 75
1181 4267 4199 47464 12
685 2646 3942 26750 61
3704 2113 3872 26465 20
2669 639 89 16181 24
914 3531 2237 32179 81
2824 2930 4414 30849 21
1622 3781 3218 41643 49
4148 2040 1990 31394 34
22 2922 18 12818 53
621 2723 595 4391 78
1392 2045 159 16655 34
1555 998 3347 15609 3
3439 32 1466 24464 42
4332 3807 4454 52099 62
4420 3305 3127 51301 76
499 1866 2397 18225 25
2907 3920 3508 48677 11
2479 936 712 8190 14
880 3406 1868 21808 100
3140 3039 4452 16903 100
1422 2755 1675 18767 98
3842 3551 1491 44040 88
3853 2702 1551 37931 73
1709 830 3814 6481 87
1922 4369 3477 13984 9
479 2049 1039 15151 55
813 2457 2226 7622 2
4388 1239 2140 38611 8
3235 330 2721 16519 98
3930 4369 3020 18385 62
2665 4204 509 23932 96
1359 953 3430 28143 100
723 1037 4197 11742 4
3086 1676 3168 27849 95
1085 2368 2433 17231 26
4178 1239 2277 38004 79
77 2299 2552 8032 2
842 3129 1335 18187 56
3720 91 1743 18437 46
4187 1520 2323 21558 52
1787 3576 940 17366 17
2911 400 1645 8582 44
502 2001 4464 27743 27
903 1052 1373 4484 98
2961 3867 2841 16016 99
82 273 10 1193 6
1792 3496 3485 39405 2
2368 4448 4311 31325 9
2933 745 2410 21615 55
190 818 210 4973 90
4469 1767 394 31145 90
2476 628 3386 23818 49
923 4127 2996 35191 13
4194 247 547 20940 64
3301 2348 2916 19260 19
4425 796 2761 16119 81
4488 3251 3031 44234 17
2786 2867 4194 10491 80
2171 3020 4309 23325 2
1469 165 777 5398 89
3354 3172 1262 12594 47
893 3055 1597 7610 79
477 257 634 3979 77
1772 1903 2698 15988 82
3884 3916 2848 44342 82
3924 4469 2319 49553 38
2101 2056 3416 8517 61
867 414 3312 9118 31
2551 3171 3875 15228 44
2466 2311 893 10120 14
1887 1654 407 16744 99
2916 3105 2870 38851 92
2326 1511 522 8036 43
28 4241 2265 31390 20
570 3385 1877 13805 18
4204 3249 4071 30009 80
2789 281 3342 14299 30
3303 429 3480 35901 15
1835 445 637 5190 25
3815 810 2390 25110 25
2275 2213 2597 18121 58
3690 2783 1777 38083 66
3152 3118 3679 22728 46
2881 4208 462 33474 26
2974 1740 1470 11227 2
2068 2213 3474 37202 69
2991 4377 1551 9396 2
2017 1758 639 10580 25
1662 4170 3264 41346 67
2953 2493 247 12074 14
3498 1114 4192 13084 27
34 1973 3301 10851 6
3502 566 1505 10049 52
4374 2953 3240 28774 25
1885 2886 1673 9326 7
686 1990 2237 12244 15
1623 2223 4336 33865 99
1919 2675 1398 15239 8
4489 278 958 7305 23
538 1644 2143 14609 96
2323 3257 3853 25944 66
4059 1417 4435 19137 34
1376 3917 4135 15375 63
3792 479 3951 15441 24
757 1221 2035 15527 38
272 1801 3501 11683 29
3937 117 1270 6790 86
2362 1795 3162 17745 36
3974 3963 422 14870 29
1044 2300 4139 11685 21
1722 1599 3202 8322 100
2057 429 1674 12909 51
3009 3096 40 7891 58
4176 1396 2030 16521 78
4476 3439 3734 12859 21
2097 4296 2462 20635 36
3453 577 2318 9137 31
1591 4244 4030 10000 93
2960 3497 2678 11320 10
4057 4298 2332 16762 34
981 3440 3576 12101 23
3759 1040 2207 30341 86
4 1485 3958 15020 55
2405 1287 1047 8596 100
2220 2199 2670 10092 34
3199 1491 3148 12244 50
3517 2253 2047 28104 68
267 1662 1534 4909 33
1463 182 2983 17306 100
2702 1835 1445 12098 46
4296 2408 2371 29791 60
2168 1767 4006 11773 9
1952 3252 1818 8788 97
392 3849 991 18530 84
1372 2519 2852 33183 5
3453 3368 3023 36265 33
1487 1696 3680 19879 87
1728 3788 951 7654 49
962 652 812 5336 63
3627 3907 1338 32692 87
2644 4062 293 8034 54
1570 1315 1239 18303 57
2297 1689 1839 23260 50
3214 4154 30 17998 80
3372 766 3512 25538 51
106 1903 2315 5221 98
3045 3983 1068 14393 58
1546 3032 137 17084 79
3 4160 312 17654 22
2136 844 1790 20999 58
2027 1503 754 9134 31
4382 184 1832 27163 32
2601 946 310 15656 64
980 2807 1557 22100 87
4134 914 1326 8738 98
1761 4 4167 23173 1
1305 687 3209 23708 28
1944 2853 495 9527 17
364 2387 1713 19275 33
3182 1310 701 10381 16
2953 2745 2159 36416 68
3056 4361 774 21577 54
1463 3991 700 20066 77
3524 2493 109 17409 97
1655 7 3647 15780 80
2636 1251 4166 20049 64
2255 2171 3904 31766 63
3151 2777 1783 12558 89
3635 405 780 10418 70
1242 681 3210 20182 14
3562 4157 1294 14098 17
3246 4459 2811 39114 46
4092 3715 4235 21133 45
3367 2399 132 15127 51
2747 1763 3095 29501 68
569 3715 2159 27655 9
1332 615 1227 9978 44
1223 1637 2146 5543 7
4435 3572 2440 31680 13
1339 2757 1304 22128 55
4083 1974 29 21966 95
3325 3367 3481 21556 5
2095 2976 1335 18136 61
3980 550 3588 27685 83
2738 2858 1009 18074 36
59 2278 2941 7905 52
1621 3738 3887 9395 36
132 2700 333 14182 4
1890 974 960 14059 42
835 185 2352 3701 53
4327 1015 1406 31527 89
583 3875 502 12199 22
224 2949 3816 23720 39
1733 886 1 9227 92
55 1017 164 2921 22
1671 1036 2470 12835 39
3764 905 1241 29133 57
694 1170 3206 19147 95
1362 2310 3048 25022 61
3626 1711 3984 18518 36
411 376 2868 14694 5
1413 4167 4345 20980 99
284 3419 3257 16380 90
2860 3371 4147 42685 48
2566 2063 1654 25946 83
4048 149 1401 12661 28
403 3082 2545 14652 17
711 1342 1695 3947 38
2300 1705 4210 11680 10
964 3282 195 8425 62
2592 1626 2065 29971 5
231 764 3129 16987 57
3740 2911 4468 14782 34
1175 981 1992 4263 59
1771 3593 2593 29839 46
2073 1551 805 4490 99
553 1093 172 7766 58
990 2601 2019 23266 47
3635 124 3592 14560 49
3604 2183 3420 15434 95
2492 4325 912 9017 60
2045 1906 1447 6098 13
4268 4202 1805 42014 87
2209 1227 1872 8734 91
3048 1525 3561 32364 36
1751 3626 602 28480 34
2057 4315 3893 10410 33
847 466 3089 18390 50
676 3998 3470 21908 74
1509 1391 3846 27105 85
3967 2795 1977 38662 51
818 2424 3132 15516 98
451 495 2516 16048 5
479 1966 4378 14901 38
1789 638 3184 6502 52
379 2395 222 12525 27
2252 4264 612 31981 2
3967 1608 4090 10794 30
3934 550 606 18943 34
2933 1786 2797 18853 40
2977 1666 1643 13624 44
684 1660 1923 10054 68
2171 1360 2453 18367 50
4203 3950 3593 30813 56
3226 3733 2351 23615 88
256 2078 2677 10087 47
4263 2092 2403 24717 26
1321 1093 1358 17552 88
