250
907 1702 1259 19227 1
2043 2257 1858 12089 13
989 2137 187 16303 94
2083 2182 691 14303 63
1821 1891 2246 19060 48
1509 1991 1269 18681 9
1904 1041 1422 21367 91
16 1257 2454 10250 95
406 110 491 3736 46
2445 2005 1731 19784 47
379 395 800 5528 20
1455 378 1663 8372 38
1834 2066 1772 25308 34
1085 928 2185 12604 45
1392 1142 1077 7865 44
1517 566 686 7649 30
1338 2461 469 11939 31
1100 2173 2492 19847 26
1694 1542 2247 24491 55
1784 567 2040 18867 83
115 2418 1883 16998 54
692 267 936 3476 83
1418 2085 1004 13860 6
1070 2476 624 16779 63
2371 32 457 7820 30
482 991 2024 15418 47
406 2262 2029 20206 5
1506 681 1912 5660 97
1521 1203 1940 14851 53
2386 938 1887 22680 71
2308 1381 38 5045 39
2467 1659 1383 14271 53
820 1975 476 10620 9
1605 2092 1059 7957 54
55 1353 945 2821 65
765 1356 1598 5913 42
1875 2153 2190 27290 3
517 2235 1403 19742 100
569 295 2132 11953 85
461 597 627 4383 48
1336 983 1824 5650 22
1566 237 142 9129 56
385 2463 1274 7147 33
2195 1753 504 16913 40
1798 1525 2293 26049 10
2329 466 449 14182 9
1759 1267 2230 18398 78
2105 357 671 6106 11
2098 1731 1716 9421 51
578 204 2417 3398 81
1223 1902 863 4395 1
1755 2322 1657 15395 94
302 564 1301 5144 89
2139 1696 838 14423 51
2346 2468 206 16284 31
2232 941 2019 7959 84
28 978 1715 5958 23
1277 1729 104 15166 51
676 47 45 3315 70
411 1935 1787 15478 41
726 174 711 5856 61
2170 2234 1679 11447 13
2340 845 2144 26490 57
1427 1917 1496 12150 5
2020 1711 2383 13515 84
2387 2136 1489 22453 59
878 961 1836 17460 3
1672 2404 721 6470 17
1008 141 2190 8440 82
1196 2173 1870 6520 59
847 1562 292 12855 21
2394 1910 725 11370 35
1546 183 470 6320 77
1653 1372 1547 22617 95
1328 356 2035 16754 28
2328 1479 162 5365 71
1562 1671 1525 17220 77
672 2252 1478 15493 10
18 432 437 1167 2
1070 788 894 13109 98
914 199 1049 6042 97
171 701 51 2731 14
2075 1974 50 14596 78
419 1332 1164 11532 52
1227 35 65 4225 90
2214 1998 173 6350 58
370 1742 132 7085 70
2401 919 943 9736 24
307 606 2216 5864 71
232 552 1926 13225 57
1825 2074 2011 19678 7
775 1650 405 4182 80
238 1958 2402 21800 66
1086 1342 2391 14600 14
746 189 1434 5049 92
421 137 1806 11789 65
1441 613 2205 20261 29
580 894 450 2177 64
456 315 915 7736 41
1316 832 926 12561 59
858 256 2226 13725 58
2194 1014 1920 22448 8
1821 2299 954 9941 35
2224 785 2110 17568 83
1791 799 1808 16914 66
1234 1481 1035 11772 66
242 286 1045 3803 23
172 2026 979 14265 9
785 1784 1874 7894 89
141 223 1491 2294 76
140 1136 1786 12395 3
510 684 1893 7523 8
1099 2405 2305 10814 35
1181 1860 473 6193 100
276 945 2397 11586 74
2258 339 697 14168 17
1671 527 658 8319 7
1656 367 712 7838 95
18 1056 2360 10165 86
1407 962 2479 22209 68
2305 1357 376 19959 17
754 2019 1794 8963 29
1537 361 1447 12050 73
450 524 1247 4911 29
29 729 2088 9628 64
298 590 507 2070 23
426 1404 555 8779 15
512 2127 578 5212 37
2355 2395 122 9971 5
609 496 569 8026 69
1127 2320 5 10926 41
130 595 858 7727 71
1807 1067 150 11731 16
1170 2053 1380 4738 71
2010 1760 2265 22255 57
919 415 2043 8393 12
1939 1179 1846 18793 26
1725 1593 1412 8881 76
438 1371 1809 13072 49
1309 2236 303 15651 48
1926 1664 1343 15455 15
1533 2084 610 16349 83
1450 1793 1234 8316 46
2025 277 1081 14583 29
1945 2468 1773 29057 68
1907 2391 64 9086 15
871 1454 675 14290 56
1349 85 204 2934 94
2397 69 147 12455 54
265 368 729 2880 9
740 2285 1382 5469 80
1106 1952 1952 15646 64
2088 1441 2374 28083 52
1624 1945 1381 5140 72
7 162 613 3228 74
1316 151 1200 5828 31
79 1768 2062 14099 71
1391 2412 862 14706 50
1354 1120 642 5432 43
1752 1047 750 12236 20
1992 1018 134 9298 64
1178 1184 1972 20015 49
208 618 1757 7502 66
1924 1271 1636 19272 58
481 661 997 6442 34
2063 97 1291 14561 79
2317 678 1602 14321 64
2105 929 1435 7092 36
2321 582 518 3422 23
1945 1250 1458 11669 3
855 815 2336 10452 91
1909 997 2118 19157 62
2065 2380 135 13367 66
2198 2056 2292 6635 86
480 1830 682 12524 86
1141 823 1823 10069 64
653 79 372 3191 98
1475 1477 2448 15195 100
1917 768 914 5591 52
2118 870 941 5343 63
1328 2066 1781 17964 60
439 1163 359 7338 3
2312 2341 790 9920 85
1986 624 2410 17506 74
1070 1075 2024 10130 29
2357 222 336 13509 90
1056 695 716 8990 14
1607 1611 2365 19322 89
1854 1900 682 14281 42
476 1559 1285 16420 66
1419 2319 1278 23540 82
1028 2308 1006 12644 7
875 1370 2253 10125 68
351 1384 443 6618 83
32 960 2371 8088 47
2363 519 1221 11507 36
2094 1824 1504 18516 3
45 1068 295 2459 35
1412 2405 1889 26734 99
27 733 2444 6421 61
543 1012 1812 14801 90
755 1771 2187 17451 72
1901 2452 1469 6412 1
990 2353 1964 8650 10
1554 1550 666 12099 4
1646 2237 574 19825 78
1859 964 2 11693 46
1490 2338 2060 24984 12
928 1466 2047 8552 73
2067 370 576 13373 22
1139 1333 2496 7031 85
2376 502 250 5283 22
1044 1127 2430 19516 91
689 2229 1484 17259 73
1304 67 2317 13991 93
675 1728 41 2453 31
1602 1434 2283 14729 76
1366 1867 1355 7254 13
820 37 1590 4781 98
2119 2125 375 18978 97
971 2086 114 7630 74
253 1722 364 2980 94
1062 1266 1535 8835 56
2120 1190 553 10883 93
1495 1085 971 6492 2
2449 1117 834 12973 12
1997 1762 1652 23502 57
1675 1182 1899 20000 80
2191 474 979 7101 79
2095 2268 573 12109 33
838 1688 1071 10205 99
631 448 846 6855 68
567 1802 1063 10688 56
1435 88 261 5742 49
2044 1678 1171 13004 92
993 1299 633 8714 28
1007 43 1013 5550 86
2135 380 1455 19827 35
2205 1937 1100 14120 34
1238 2308 2478 20913 87
1218 844 1654 4366 94
2234 2046 322 19101 50
1729 524 2278 21650 94
1349 619 1474 10620 79
1727 1223 1705 20219 44
272 768 1083 7656 88
2287 948 814 5731 63
2202 214 1464 12300 34
653 797 1790 15764 47
1474 1280 2212 14956 3
