100
645 931 949 11011 5
888 672 578 10474 33
271 676 741 7239 5
652 298 286 5555 80
286 271 479 2250 99
306 426 322 1741 26
972 358 663 9728 89
847 783 683 5118 12
601 60 875 2525 78
630 995 177 2493 46
810 423 754 4582 39
172 680 394 5013 55
542 330 856 6287 71
438 333 492 5288 53
735 748 791 3211 52
783 95 395 3460 85
307 401 540 1523 71
381 764 945 4979 34
358 154 146 1419 34
301 407 458 2170 33
671 142 873 7076 64
284 679 197 2850 91
438 279 187 1257 42
614 818 868 9937 71
448 378 333 1452 23
777 976 276 9132 66
766 683 643 5853 72
612 995 227 6385 96
969 347 237 4215 72
846 345 622 6668 56
526 127 569 5659 41
293 596 411 3455 6
512 668 143 2306 61
559 222 79 2118 15
575 449 324 5779 53
601 302 573 4137 32
114 602 734 7048 99
145 970 371 2271 73
358 352 991 2098 29
896 722 241 4452 63
224 628 871 4464 38
724 842 284 2597 94
94 698 642 3647 64
496 175 410 3819 41
574 278 223 4634 83
889 311 492 2668 71
18 124 526 2991 99
125 293 292 3293 97
430 738 389 3359 44
676 411 35 5004 7
615 506 594 2180 22
869 941 438 4001 14
441 385 81 909 36
512 495 128 1954 9
53 870 387 5793 35
469 484 396 6081 95
228 580 811 3268 91
710 685 139 5260 60
526 338 295 5023 84
386 104 863 3270 96
443 157 984 1618 83
886 130 101 3388 89
294 264 45 1128 67
334 387 443 1222 15
452 675 637 6502 77
133 87 80 457 79
350 49 805 5495 46
213 701 173 4042 60
415 304 168 2810 90
590 522 593 7027 56
495 79 584 1179 23
639 49 670 3610 73
485 97 343 3305 65
344 100 673 3606 92
262 550 400 5912 93
857 975 759 8744 34
120 246 534 3685 76
587 487 79 2659 69
555 765 776 3704 91
293 356 440 3611 3
315 685 48 2609 95
845 216 900 4477 46
965 869 209 7547 33
940 20 900 7503 2
885 472 286 2264 18
552 44 275 3789 11
106 133 702 2388 34
464 374 101 3635 35
470 164 170 2947 82
480 28 149 780 85
951 136 870 2414 56
782 958 828 7389 43
173 578 8 1437 24
63 616 81 1135 75
72 685 313 4180 37
972 636 821 6607 27
549 931 233 5117 85
961 323 267 5368 93
249 127 83 1643 36
225 768 777 4479 78
