350
2725 1616 3176 9248 3
2265 3254 1932 34354 91
2392 2108 3260 19296 64
2247 2696 213 21256 21
195 1793 732 4364 34
2055 1229 115 4251 74
1126 1080 1107 3665 80
2690 895 2948 16523 34
1746 1233 750 16520 31
2830 472 3168 17319 72
1179 3313 208 6448 62
1226 2055 1802 14371 39
2929 217 2957 12802 44
2181 1283 3445 25687 48
3300 1954 2092 21287 82
3339 2814 1594 17921 83
1224 1900 2441 10764 83
293 2350 223 10910 26
935 2690 2855 20598 11
3427 2783 349 9580 91
632 1414 3224 9123 60
2770 1878 2737 35299 85
2183 810 2200 19391 2
1617 1293 1292 6311 72
1137 1054 2749 23282 100
2297 1922 1275 24317 38
2816 2946 293 9405 7
3401 665 786 20710 59
125 1299 3347 13421 44
2640 2196 491 10015 82
1824 2720 2561 23520 41
1807 3172 2955 17476 91
82 15 2251 7038 21
1410 3315 923 9194 30
3332 3082 3284 24587 36
608 985 3075 6575 8
2958 1068 3235 24390 24
1740 228 2582 22079 22
2651 2077 97 17237 60
2022 2622 1278 11842 79
2296 1373 63 18388 47
2676 1382 3058 10836 15
2425 3363 597 13984 14
2750 2694 1783 9938 73
1443 3091 2786 18578 82
2688 455 2117 10585 5
2033 832 611 16971 91
2995 944 1283 10346 11
2285 1370 1975 11931 3
1708 2245 647 14420 83
970 3415 2315 23471 43
2398 404 686 8993 18
36 2034 2376 11293 54
781 783 963 3189 44
945 2581 1283 16099 23
2152 2962 1835 10407 30
633 3133 2307 24174 41
3208 1758 1278 7134 49
3310 730 1958 14074 11
1749 714 59 4171 88
2152 272 3382 11898 15
2211 2043 675 19209 90
2477 305 1499 15393 59
2561 373 1100 4803 36
1117 564 2649 7673 50
2659 577 240 15695 10
1346 2745 68 16046 81
2350 746 1456 14068 41
1678 426 2092 13859 48
2381 2056 2115 30614 56
1903 960 3407 28483 3
973 1313 2676 20171 87
1764 1176 958 17751 13
289 163 2144 6973 90
2879 2367 2673 32088 50
1377 2813 2622 33476 60
1014 1503 1462 8068 84
1536 2548 481 17268 98
2649 2556 67 21268 10
2943 3137 497 28081 3
316 583 3114 19239 49
2095 2397 689 20027 71
132 500 402 2291 61
40 2407 3452 19384 83
688 1060 1548 10026 97
2476 2237 3424 39581 12
531 1875 2225 18269 29
1759 2544 2541 9921 73
3279 440 705 13657 39
830 3255 2556 13467 41
1330 1181 1578 6536 77
3121 1014 540 5866 47
2137 2295 2359 33424 87
635 916 643 4251 63
2378 299 899 11655 49
1718 1343 971 13265 83
1771 3248 1849 12074 79
3130 1517 1215 28786 57
1902 2489 3242 8945 77
319 1915 2896 25108 40
847 2925 3277 23266 67
1592 3016 477 11986 99
3101 844 550 5644 99
3233 2651 996 7310 81
590 2761 745 6719 95
1429 3203 759 11966 65
876 93 2206 11982 63
355 2213 1105 6103 69
3369 1317 2070 13364 52
3296 2856 977 29398 1
1437 1343 3473 26706 46
547 586 1433 4516 56
262 2231 2136 8140 36
2984 1068 3162 8769 53
1943 1101 2376 23379 88
1745 219 1111 10159 70
411 1235 2577 16507 9
1910 1251 38 13267 47
3370 2309 2194 25141 44
1800 2311 974 22951 55
1578 2854 1812 8523 42
3298 3277 2281 19000 62
2743 543 2905 21062 26
2178 906 2811 26191 62
343 2692 1122 13596 76
234 3083 2253 17023 46
1108 2286 3093 31836 58
2021 3032 1881 9442 92
1206 1984 906 18934 29
603 2840 2950 17934 54
1944 1196 222 10159 91
2371 2556 3276 10373 62
1265 78 2371 17437 55
1076 2139 3314 24598 51
74 2864 3256 16385 88
1086 3007 1644 16280 69
2019 1352 331 18116 62
1953 462 1876 8561 40
2411 233 1684 7413 84
71 619 329 2841 15
1149 1715 1704 6315 10
2463 82 2121 6282 27
210 876 1914 10409 52
1795 2270 484 14730 22
3480 2751 460 21440 12
11 2918 1136 15502 32
2042 1773 1196 8422 18
2197 2938 1125 15017 43
435 3375 2666 6820 62
1821 136 3373 12192 14
2919 1873 449 23117 22
1117 331 21 3395 60
792 1338 528 6300 19
440 829 2688 7890 95
1564 412 2637 17988 40
1913 638 575 14738 39
1565 2404 1043 22327 93
1802 1953 3033 13007 44
27 1888 86 8295 31
2976 395 266 7923 51
2620 477 1099 9621 16
3069 196 2126 15100 46
2301 2228 2539 8718 7
604 1260 1716 14956 76
2569 3087 1021 31785 14
2806 2440 1601 10961 59
3213 1174 762 16200 94
1079 1473 747 15709 30
405 1474 2077 5362 34
2995 1745 608 23318 24
1763 1459 77 15391 66
2871 2913 2645 24607 16
3443 3248 3108 48592 2
28 2106 510 9187 87
2144 766 1379 14447 3
2193 701 338 12372 98
1005 1914 2954 9334 1
2721 3393 2056 27647 82
1749 1368 1802 18299 13
2334 3427 202 12912 75
1254 1003 3092 15924 49
2457 3088 2482 24988 22
2259 1601 1262 13134 12
492 1329 1152 3992 98
3029 2628 270 20331 92
592 805 1249 8389 43
1675 3306 1044 14970 87
3155 3002 2338 16014 90
481 1180 1866 17252 35
1925 2846 1015 23995 30
3035 22 358 6301 45
1569 2450 1822 17173 93
77 3371 2453 12650 83
3324 3476 1496 26171 61
802 2433 1701 13830 96
67 3275 3043 23986 11
2003 1917 667 5704 2
212 1516 1985 9513 78
3058 309 895 16046 64
3166 113 2093 17635 60
1023 1490 368 5731 56
3219 235 2844 13346 98
3360 2431 1032 17233 24
1514 2203 1639 9886 60
1331 1395 2571 10133 90
3022 3318 1139 18321 32
3023 2691 1704 15306 88
2075 1374 614 4759 6
1561 1553 3033 21814 37
1827 1370 3406 15558 79
16 495 2683 15806 36
979 3227 1959 12078 95
1922 3127 2849 27084 26
365 2074 944 15095 24
1904 546 2863 15670 71
614 511 249 1802 55
2666 1045 667 11805 74
652 2167 3013 6598 26
271 10 3374 11997 48
330 2991 1870 16269 90
2123 3491 1978 10410 58
2314 2995 1669 12846 53
2136 2893 1119 12325 63
2415 269 2897 21538 62
264 3037 2542 8314 71
1629 2477 2680 24486 19
2181 3020 1138 30812 47
1681 2069 884 21242 60
521 2230 3318 22272 45
192 1063 2911 12667 93
1225 1773 952 10207 9
27 2865 3487 29120 68
1351 1406 1430 11438 63
2600 2979 1154 21785 88
2552 899 3088 24852 77
3115 1807 134 9248 96
3492 604 403 7676 9
3450 37 2733 21147 52
2303 457 1221 12092 35
2259 2016 2350 31049 61
744 409 3133 9088 9
119 1775 3128 22446 99
247 2475 2562 10110 30
1860 976 1553 12015 43
790 3315 3225 32458 59
1480 1968 3189 27151 39
2218 59 1680 14312 42
385 2922 483 13458 15
194 815 3001 16233 51
2777 2802 733 11508 45
2526 1951 118 4936 39
1708 3495 3240 33238 7
2518 2627 1250 25847 22
3426 2064 2418 32569 49
1226 2301 3407 22820 39
96 3254 57 10269 27
3468 420 2390 27961 83
650 2220 2840 26898 88
332 2230 3031 17418 10
1319 909 1833 6035 73
1804 2782 2184 29515 52
638 280 1055 5474 96
3152 1865 1169 27198 28
3180 2681 2685 21490 82
2405 1519 1708 25022 60
1284 3459 3432 25231 92
839 1099 2031 18245 54
1034 908 1268 5121 30
2743 3374 1354 20542 9
1331 816 733 5878 90
1674 69 1556 14992 95
1610 1964 187 4473 56
761 433 1161 10305 19
1400 2921 2804 32153 4
1289 943 598 13629 62
1553 554 2160 9830 41
2022 1071 673 13005 46
1671 3234 2686 20953 61
1822 1420 2870 12290 20
452 1036 525 2569 32
1418 609 63 2370 36
1942 2185 816 13419 74
2378 265 564 5634 73
798 2293 269 12344 70
253 1191 533 2470 39
828 2267 944 11450 27
1890 2939 3149 16325 88
3139 3004 530 16742 60
3472 3463 1061 10917 96
489 1483 1643 16322 18
778 3074 3180 20134 75
968 717 649 8664 58
479 2919 1626 8331 22
1181 1484 3499 21157 73
2732 3349 1836 34344 77
3208 1150 1959 14253 5
138 730 2213 14109 40
1292 2547 1535 24066 23
1683 2328 527 4750 9
3035 3429 747 31256 3
1036 2358 280 11875 36
1038 2021 1981 23359 88
2289 2015 2888 23276 70
1574 527 613 8955 38
1028 902 2652 10943 35
889 2217 768 12126 24
960 1541 795 8364 97
2241 2130 2804 35711 32
2810 1233 3411 35151 17
622 2464 1598 20381 83
2118 580 2360 22841 75
3312 2267 141 27789 31
3347 1474 2322 12175 40
2234 475 1000 16638 23
70 136 1889 7908 67
1822 1554 3159 22254 54
67 1842 1384 14282 43
1483 2677 2843 15801 25
1627 3351 2564 31699 62
2348 663 1528 9370 87
1886 8 1990 9308 68
635 2865 1698 21120 67
92 2107 564 11144 96
3444 1413 1699 10537 88
2524 897 2548 27643 69
1978 825 2899 9902 91
2960 1180 1056 14138 100
459 716 1471 11952 75
866 1794 2559 9184 46
2901 2635 2185 32689 67
3059 1299 1593 20110 26
3299 2208 29 18812 38
465 711 2591 8576 59
2416 1384 3455 22145 75
1792 3058 901 21307 24
1303 1868 1169 19680 38
2391 1452 2640 28287 8
1536 1929 996 15470 65
1968 2494 1849 7046 85
3467 341 3107 22355 57
3230 1935 393 15651 26
945 1101 1823 18075 41
1727 2366 684 5692 87
1350 852 2886 12438 33
2978 1839 1104 29228 53
3130 271 2157 19356 52
2468 539 299 11033 19
3459 1012 436 11725 49
2934 1355 311 22394 27
1793 521 2474 6459 21
