200
55 753 1606 5213 62
1449 745 451 10899 75
1383 426 1752 16427 48
1028 807 1880 4929 45
647 1988 882 4501 24
1873 175 124 3399 79
688 1317 727 6493 65
350 30 1347 7908 92
252 964 467 4634 27
4 795 1432 4020 8
1614 717 1455 14094 41
1981 1956 613 12949 97
495 687 1537 12692 46
778 106 725 3997 12
1871 1014 1233 8299 93
710 315 1426 7262 8
980 112 1525 6240 67
1074 470 755 8722 65
1196 97 1065 5399 72
1447 638 1625 4815 44
1594 1911 1862 17707 88
1260 1539 1062 18412 83
238 1121 1485 13473 98
211 64 437 2863 52
1081 1418 102 10440 81
1762 1162 56 12627 33
748 687 1841 3809 61
1694 968 606 7076 6
576 997 1010 9945 80
542 1130 1993 15728 12
199 355 669 2783 2
347 211 1770 6028 31
577 267 77 2050 25
478 1367 1690 5185 61
773 848 1258 12514 20
994 45 1366 7402 90
1308 981 547 13646 90
1212 1693 209 10155 63
1664 1356 116 9487 82
1093 1331 1054 5191 18
1923 1729 123 12541 90
1225 1741 505 6405 69
1442 112 1058 12848 87
707 820 360 8300 75
1594 8 916 4787 1
224 1223 1925 11239 62
594 233 1487 9522 84
580 754 214 2680 78
1023 650 660 10543 8
1457 118 449 8700 40
588 1304 1772 15850 54
1485 1595 1729 12867 79
1154 108 1387 5579 20
316 1199 798 3896 45
1765 1294 174 10549 73
1448 1031 587 3621 13
1028 362 475 3981 3
1991 288 72 10153 20
1756 1232 913 4303 67
919 1462 1052 12833 22
866 777 1963 8965 30
423 1872 1511 10141 7
1504 1454 1179 11385 29
555 1258 533 6637 25
457 1796 395 4393 10
138 1405 54 5109 21
904 1295 1959 9606 98
1995 1512 256 15060 42
1320 464 8 4826 30
116 1348 822 5359 100
700 1084 1974 10889 98
1658 325 593 10139 10
1999 1959 201 20612 30
74 375 1214 4990 62
1438 1741 473 4657 37
909 611 349 3217 56
1295 1123 882 13927 64
1671 1568 1781 7301 52
1388 155 853 8151 65
1595 501 1022 8983 95
201 276 327 1680 78
150 39 195 840 69
493 426 486 2927 89
1992 1044 1193 20358 14
296 168 1753 2300 10
537 1200 604 8916 92
1664 563 705 8427 52
914 749 1914 7755 61
975 952 1213 10426 28
1672 39 508 10966 81
338 421 410 3650 1
162 1911 727 9154 15
1866 1128 1785 18118 4
1190 548 1268 6516 93
330 1676 1416 5500 84
907 809 828 9650 69
1626 892 968 16938 32
458 1946 1724 5539 50
367 106 1019 4595 80
907 1655 1500 4068 97
164 954 935 5025 28
168 469 543 1502 25
1872 800 1970 6206 97
1887 34 1896 13575 37
1372 1478 511 5958 25
1953 1770 1637 8468 29
1228 639 992 9344 62
325 1092 263 7567 60
525 247 644 2729 24
935 1011 850 12935 59
1550 326 1550 12786 17
1314 1890 1569 21200 43
1993 262 650 5911 40
291 1517 1369 7128 6
807 1413 254 4342 60
148 1586 1656 12983 97
1711 399 1738 10680 56
429 285 1280 3852 94
1952 551 480 12270 92
1710 1584 380 8343 63
1868 51 1156 3686 23
134 622 991 7570 35
119 373 201 3213 68
1089 1852 1995 15670 58
609 168 461 2591 57
363 1229 1584 9642 69
801 593 1654 8185 8
62 1429 439 8949 37
1417 1971 365 10405 63
1223 1530 228 10906 86
1169 179 617 4517 64
572 1875 1943 9733 95
570 145 1677 5157 85
455 1799 261 11520 7
832 1119 277 10077 82
436 1876 1166 3509 62
1648 1006 675 6851 57
1569 541 1826 18555 18
1479 1964 1510 22505 30
502 1139 278 6266 100
1865 1369 407 7076 17
732 1258 116 9234 73
1796 76 1413 14324 80
1180 208 1688 11536 98
342 1707 696 11442 34
1353 941 1527 15655 90
1756 38 699 4030 88
1296 134 729 7070 5
54 733 37 1266 6
103 1081 1122 3635 100
174 1443 1347 6139 59
1845 59 362 7849 25
1739 903 1218 10175 54
402 1589 462 8934 34
906 1626 1780 19416 64
1733 1747 1094 4872 51
752 534 206 4594 71
784 512 424 4343 81
1150 1305 691 11750 68
729 1350 1229 5382 90
210 1778 1659 15702 57
237 262 1215 7968 35
1979 1277 1826 24224 2
1113 274 588 4269 80
1705 844 1744 18360 57
1570 1283 1452 4594 40
1728 676 8 7613 92
1087 936 1227 7086 46
28 78 1738 7311 51
1171 570 1015 8931 50
1413 1038 1170 4746 98
1059 1842 1808 14527 75
367 814 458 5420 39
269 605 830 6016 5
1139 916 1579 12757 70
1241 288 134 4912 42
659 752 1282 3130 93
768 818 1991 6531 99
577 1279 1466 9767 70
287 877 1969 7640 16
138 930 1892 12680 14
1746 649 724 14854 48
1472 1099 340 12935 10
1087 727 1605 15209 28
225 1532 1394 5228 30
890 109 458 4921 42
1916 732 683 14202 71
604 1591 1662 7651 73
1669 459 1853 15630 28
1631 1232 1104 15181 74
1407 756 1167 4323 17
234 1219 910 5081 73
1816 1861 1709 7728 1
1628 1037 1754 6984 46
1121 1564 796 13136 70
291 455 1364 7645 61
697 1804 605 9294 90
1955 127 1683 4121 40
1031 1541 538 6263 35
648 1136 1285 6628 40
