400
1 134 1 31 1
1 134 1 301 16
2 134 2 623 32
2 134 2 972 48
2 133 2 1365 63
3 132 3 1748 79
3 129 3 2127 94
3 124 3 2502 109
4 117 4 2905 124
4 107 4 3291 139
4 94 4 3666 154
5 76 5 4034 168
5 55 5 4397 182
5 29 5 4786 196
6 2 6 5154 209
6 33 6 5513 223
6 64 6 5895 236
7 93 7 6288 248
7 117 7 6687 260
7 131 7 7086 272
8 133 8 7479 283
8 121 8 7865 294
8 93 8 8239 305
9 52 9 8599 315
9 1 9 8946 324
9 54 9 9281 333
10 100 10 9631 342
10 129 10 10017 349
10 132 10 10412 357
11 106 11 10767 364
11 54 11 11119 370
11 15 11 11456 376
12 81 12 11761 381
12 125 12 12135 385
12 131 12 12500 389
13 94 13 12841 393
13 23 13 13181 396
13 61 13 13472 398
14 121 14 13792 399
14 131 14 14170 400
14 83 14 14520 401
15 6 15 14827 400
15 93 15 15099 399
15 134 15 15435 398
16 102 16 15748 396
16 11 16 16046 393
16 90 16 16305 389
17 134 17 16630 385
17 90 17 16941 381
17 18 17 17230 376
18 114 18 17464 370
18 126 18 17786 364
18 39 18 18078 357
19 83 19 18305 349
19 134 19 18598 342
19 67 19 18895 333
20 64 20 19135 324
20 134 20 19379 315
20 72 20 19661 305
21 66 21 19865 294
21 134 21 20090 283
21 54 21 20362 272
22 90 22 20552 260
22 127 22 20791 248
22 10 22 21023 236
23 122 23 21205 223
23 94 23 21447 209
23 63 23 21648 196
24 132 24 21827 182
24 12 24 22046 168
24 127 24 22190 154
25 72 25 22413 139
25 97 25 22561 124
25 109 25 22742 109
26 61 26 22932 94
26 127 26 23067 79
26 30 26 23231 63
27 133 27 23358 48
27 11 27 23537 32
27 134 27 23629 16
28 4 28 23799 1
28 134 28 23883 16
28 10 28 24053 32
29 133 29 24108 48
29 30 29 24261 63
29 127 29 24318 79
30 61 30 24458 94
30 109 30 24528 109
30 98 30 24619 124
31 70 31 24722 139
31 128 31 24793 154
31 6 31 24889 168
32 130 32 24877 182
32 73 32 24966 196
32 82 32 25014 209
33 129 33 25044 223
33 16 33 25115 236
33 115 33 25095 248
34 112 34 25136 260
34 14 34 25157 272
34 123 34 25150 283
35 109 35 25171 294
35 9 35 25177 305
35 116 35 25131 315
36 122 36 25162 324
36 31 36 25152 333
36 83 36 25102 342
37 134 37 25073 349
37 94 37 25055 357
37 5 37 25027 364
38 97 38 24939 370
38 134 38 24912 376
38 103 38 24856 381
39 26 39 24782 385
39 60 39 24678 389
39 119 39 24582 393
40 133 40 24533 396
40 105 40 24456 398
40 49 40 24373 399
41 18 41 24243 400
41 76 41 24102 401
41 116 41 24000 400
42 133 42 23908 399
42 130 42 23810 398
42 113 42 23668 396
43 85 43 23527 393
43 55 43 23383 389
43 24 43 23204 385
44 5 44 23007 381
44 27 44 22839 376
44 45 44 22674 370
45 58 45 22508 364
45 66 45 22341 357
45 70 45 22169 349
46 69 46 21993 342
46 65 46 21814 333
46 56 46 21599 324
47 43 47 21395 315
47 24 47 21165 305
47 2 47 20948 294
48 30 48 20706 283
48 62 48 20477 272
48 94 48 20286 260
49 120 49 20084 248
49 134 49 19874 236
49 128 49 19653 223
50 98 50 19416 209
50 45 50 19130 196
50 26 50 18837 182
51 92 51 18558 168
51 131 51 18299 154
51 122 51 18066 139
52 60 52 17791 124
52 35 52 17500 109
52 115 52 17188 94
53 130 53 16918 79
53 60 53 16638 63
53 56 53 16340 48
54 131 54 16035 32
54 97 54 15767 16
54 29 54 15462 1
55 128 55 15121 16
55 93 55 14816 32
55 51 55 14492 48
56 134 56 14155 63
56 43 56 13844 79
56 110 56 13489 94
57 101 57 13191 109
57 68 57 12854 124
57 125 57 12515 139
58 37 58 12189 154
58 131 58 11798 168
58 30 58 11495 182
59 130 59 11108 196
59 47 59 10781 209
59 119 59 10422 223
60 84 60 10093 236
60 82 60 9727 248
60 125 60 9358 260
61 4 61 9010 272
61 125 61 8592 283
61 97 61 8258 294
62 36 62 7892 305
62 129 62 7495 315
62 104 62 7158 324
63 6 63 6792 333
63 105 63 6376 342
63 133 63 6032 349
64 85 64 5658 357
64 3 64 5263 364
64 82 64 4840 370
65 127 65 4483 376
65 132 65 4143 381
65 106 65 3759 385
66 64 66 3369 389
66 20 66 2969 393
66 21 66 2562 396
67 51 67 2143 398
67 71 67 1765 399
67 83 67 1401 400
68 88 68 1040 401
68 87 68 1050 400
68 79 68 1241 399
69 63 69 1520 398
69 38 69 1870 396
69 2 69 2220 393
70 43 70 2564 389
70 89 70 2944 385
70 125 70 3375 381
71 132 71 3796 376
71 97 71 4198 370
71 19 71 4568 364
72 77 72 4901 357
72 133 72 5316 349
72 99 72 5738 342
73 18 73 6119 333
73 123 73 6457 324
73 104 73 6866 315
74 40 74 7248 305
74 134 74 7595 294
74 35 74 8002 283
75 122 75 8343 272
75 66 75 8745 260
75 117 75 9105 248
76 58 76 9498 236
76 128 76 9853 223
76 9 76 10221 209
77 130 77 10533 196
77 82 77 10937 182
77 57 77 11271 168
78 133 78 11613 154
78 96 78 12010 139
78 6 78 12346 124
79 95 79 12656 109
79 133 79 13012 94
79 122 79 13365 79
80 85 80 13723 63
80 40 80 14041 48
80 3 80 14333 32
81 24 81 14648 16
81 36 81 14973 1
81 35 81 15297 16
82 22 82 15615 32
82 7 82 15924 48
82 46 82 16196 63
83 92 83 16508 79
83 128 83 16844 94
83 128 83 17186 109
84 71 84 17482 124
84 37 84 17758 139
84 126 84 18004 154
85 104 85 18328 168
85 36 85 18605 182
85 134 85 18834 196
86 30 86 19154 209
86 129 86 19388 223
86 32 86 19679 236
87 134 87 19901 248
87 30 87 20189 260
87 109 87 20375 272
88 123 88 20633 283
88 35 88 20895 294
88 67 88 21076 305
89 124 89 21307 315
89 133 89 21546 324
89 118 89 21795 333
90 98 90 22006 342
90 87 90 22197 349
90 90 90 22381 357
91 106 91 22568 364
91 126 91 22765 370
91 133 91 22967 376
92 102 92 23135 381
92 14 92 23298 385
92 98 92 23430 389
93 128 93 23601 393
93 6 93 23765 396
93 131 93 23880 398
94 33 94 24063 399
94 133 94 24170 400
94 28 94 24336 401
95 104 95 24430 400
95 131 95 24579 399
95 77 95 24699 398
96 7 96 24795 396
96 44 96 24841 393
96 68 96 24945 389
97 68 97 25041 385
97 45 97 25122 381
97 7 97 25214 376
98 79 98 25273 370
98 133 98 25372 364
98 90 98 25449 357
99 61 99 25498 349
99 128 99 25541 342
99 49 99 25597 333
100 107 100 25618 324
100 123 100 25659 315
100 44 100 25689 305
101 36 101 25665 294
101 79 101 25682 283
101 91 101 25682 272
102 77 102 25689 260
102 31 102 25688 248
102 55 102 25665 236
103 130 103 25636 223
103 81 103 25661 209
103 97 103 25619 196
104 77 104 25576 182
104 132 104 25546 168
104 73 104 25529 154
105 6 105 25461 139
105 27 105 25333 124
105 16 105 25250 109
106 38 106 25173 94
106 113 106 25085 79
106 119 106 25049 63
107 42 107 24973 48
107 119 107 24867 32
107 114 107 24792 16
108 44 108 24691 1
108 4 108 24545 16
108 14 108 24391 32
109 72 109 24258 48
109 133 109 24130 63
109 56 109 24035 79
110 128 110 23888 94
110 35 110 23760 109
110 41 110 23557 124
111 55 111 23398 139
111 10 111 23234 154
111 93 111 23038 168
112 117 112 22889 182
112 95 112 22736 196
112 2 112 22556 209
113 36 113 22328 223
113 4 113 22109 236
113 104 113 21891 248
114 99 114 21709 260
114 126 114 21525 272
114 89 114 21323 283
115 103 115 21081 294
115 133 115 20876 305
115 3 115 20665 315
116 109 116 20372 324
116 125 116 20156 333
116 87 116 19933 342
117 72 117 19649 349
117 67 117 19377 357
117 95 117 19116 364
118 27 118 18845 370
118 128 118 18554 376
118 65 118 18305 381
119 84 119 18026 385
119 130 119 17743 389
119 101 119 17470 393
120 107 120 17165 396
120 116 120 16894 398
120 128 120 16609 399
121 134 121 16318 400
121 6 121 16023 401
121 33 121 15657 400
122 97 122 15303 399
122 15 122 15005 398
122 102 122 14661 396
123 1 123 14347 393
123 89 123 13987 389
123 4 123 13697 385
124 111 124 13324 381
124 83 124 13038 376
124 102 124 12696 370
125 47 125 12350 364
125 101 125 11996 357
125 107 125 11661 349
126 125 126 11312 342
126 93 126 10993 333
126 94 126 10633 324
127 115 127 10268 315
127 130 127 9912 305
127 133 127 9557 294
128 118 128 9196 283
128 8 128 8824 272
128 99 128 8398 260
129 20 129 8045 248
129 68 129 7645 236
129 131 129 7284 223
130 128 130 6950 209
130 122 130 6598 196
130 120 130 6203 182
131 33 131 5819 168
131 39 131 5400 154
131 3 131 5008 139
132 72 132 4609 124
132 71 132 4229 109
132 133 132 3854 94
133 107 133 3512 79
133 133 133 3144 63
133 124 133 2757 48
134 87 134 2374 32
134 132 134 1980 16