450
1 151 1 37 1
1 151 1 355 16
2 151 2 737 32
2 151 2 1152 48
2 150 2 1619 63
3 149 3 2075 79
3 146 3 2527 94
3 142 3 2974 109
4 136 4 3456 125
4 127 4 3918 140
4 115 4 4367 154
5 99 5 4809 169
5 79 5 5283 184
5 55 5 5733 198
6 27 6 6169 212
6 6 6 6597 225
6 39 6 7023 239
7 73 7 7476 252
7 103 7 7943 265
7 129 7 8415 278
8 146 8 8924 290
8 151 8 9411 302
8 142 8 9880 313
9 117 9 10333 324
9 78 9 10734 335
9 28 9 11138 345
10 30 10 11538 355
10 84 10 11963 365
10 127 10 12425 374
11 149 11 12901 382
11 144 11 13374 390
11 111 11 13794 398
12 52 12 14210 405
12 22 12 14613 412
12 91 12 14985 418
13 139 13 15429 423
13 149 13 15862 428
13 117 13 16306 433
14 47 14 16698 437
14 42 14 17083 441
14 117 14 17459 444
15 150 15 17871 446
15 127 15 18317 448
15 52 15 18715 449
16 49 16 19062 450
16 128 16 19421 451
16 149 16 19826 450
17 97 17 20225 449
17 8 17 20586 448
17 109 17 20908 446
18 151 18 21305 444
18 105 18 21712 441
18 8 18 22041 437
19 116 19 22343 433
19 149 19 22735 428
19 80 19 23097 423
20 50 20 23429 418
20 142 20 23730 412
20 126 20 24076 405
21 8 21 24427 398
21 119 21 24693 390
21 144 21 25031 382
22 40 22 25361 374
22 103 22 25624 365
22 148 22 25936 355
23 47 23 26264 345
23 104 23 26527 335
23 145 23 26836 324
24 28 24 27123 313
24 122 24 27358 302
24 131 24 27672 290
25 18 25 27945 278
25 145 25 28138 265
25 90 25 28447 252
26 85 26 28686 239
26 145 26 28916 226
26 6 26 29173 212
27 143 27 29344 198
27 84 27 29611 184
27 102 27 29827 169
28 131 28 30056 154
28 47 28 30298 140
28 149 28 30452 125
29 5 29 30692 109
29 149 29 30816 94
29 43 29 31062 79
30 140 30 31207 63
30 67 30 31404 48
30 131 30 31541 32
31 79 31 31717 16
31 128 31 31855 1
31 79 31 32023 16
32 131 32 32158 32
32 68 32 32327 48
32 140 32 32455 63
33 44 33 32593 79
33 149 33 32690 94
33 5 33 32829 109
34 149 34 32865 125
34 49 34 33031 140
34 129 34 33102 154
35 106 35 33215 169
35 78 35 33299 184
35 146 35 33365 198
36 8 36 33433 212
36 140 36 33437 225
36 101 36 33543 239
37 68 37 33578 252
37 151 37 33618 265
37 54 37 33680 278
38 105 38 33664 290
38 145 38 33683 302
38 32 38 33714 313
39 113 39 33674 324
39 144 39 33696 335
39 42 39 33724 345
40 97 40 33688 355
40 150 40 33699 365
40 82 40 33695 374
41 49 41 33660 382
41 140 41 33591 390
41 135 41 33566 398
42 42 42 33552 405
42 74 42 33464 412
42 145 42 33400 418
43 136 43 33367 423
43 60 43 33311 428
43 42 43 33172 433
44 122 44 33058 437
44 151 44 33006 441
44 124 44 32921 444
45 58 45 32829 446
45 25 45 32678 448
45 96 45 32513 449
46 139 46 32393 450
46 150 46 32283 451
46 132 46 32160 450
47 92 47 32017 449
47 41 47 31853 448
47 13 47 31673 446
48 59 48 31496 444
48 97 48 31321 441
48 123 48 31180 437
49 140 49 31012 433
49 148 49 30865 428
49 151 49 30685 423
50 149 50 30487 418
50 146 50 30278 412
50 143 50 30062 405
51 140 51 29842 398
51 139 51 29622 390
51 140 51 29401 382
52 142 52 29181 374
52 146 52 28926 365
52 149 52 28691 355
53 151 53 28465 345
53 149 53 28207 335
53 141 53 27930 324
54 125 54 27677 313
54 98 54 27397 302
54 59 54 27096 290
55 10 55 26779 278
55 46 55 26450 265
55 99 55 26157 252
56 138 56 25890 239
56 151 56 25630 226
56 128 56 25359 212
57 68 57 25028 198
57 18 57 24687 184
57 101 57 24344 169
58 148 58 24030 154
58 133 58 23751 140
58 53 58 23420 125
59 60 59 23030 109
59 141 59 22693 94
59 135 59 22381 79
60 36 60 22038 63
60 94 60 21634 48
60 151 60 21277 32
61 79 61 20943 16
61 70 61 20557 1
61 151 61 20175 16
62 73 62 19841 32
62 90 62 19452 48
62 147 62 19045 63
63 18 63 18686 79
63 137 63 18259 94
63 97 63 17884 109
64 91 64 17492 125
64 136 64 17073 140
64 45 64 16702 154
65 148 65 16250 169
65 20 65 15893 184
65 150 65 15429 198
66 19 66 15041 212
66 148 66 14599 226
66 44 66 14221 239
67 136 67 13759 252
67 90 67 13354 265
67 97 67 12908 278
68 138 68 12467 290
68 14 68 12047 302
68 145 68 11591 313
69 98 69 11208 324
69 60 69 10773 335
69 150 69 10315 345
70 94 70 9873 355
70 45 70 9404 365
70 142 70 8924 374
71 131 71 8512 382
71 36 71 8080 390
71 78 71 7596 398
72 144 72 7154 405
72 141 72 6746 412
72 84 72 6282 418
73 3 73 5801 423
73 74 73 5300 428
73 125 73 4864 433
74 149 74 4413 437
74 148 74 3980 441
74 132 74 3542 444
75 109 75 3094 446
75 85 75 2601 448
75 65 75 2122 449
76 52 76 1651 450
76 46 76 1189 451
76 48 76 1178 450
77 57 77 1397 449
77 74 77 1735 448
77 97 77 2172 446
78 122 78 2625 444
78 142 78 3088 441
78 151 78 3553 437
79 137 79 4050 433
79 93 79 4515 428
79 19 79 4949 423
80 69 80 5352 418
80 137 80 5839 412
80 145 80 6340 405
81 74 81 6817 398
81 51 81 7244 390
81 143 81 7669 382
82 120 82 8151 374
82 19 82 8604 365
82 142 82 9003 355
83 103 83 9524 345
83 72 83 9989 335
83 147 83 10429 324
84 5 84 10910 313
84 150 84 11266 302
84 25 84 11740 290
85 149 85 12137 278
85 11 85 12622 265
85 150 85 13018 252
86 47 86 13509 239
86 124 86 13927 225
86 126 86 14360 212
87 22 87 14801 198
87 140 87 15193 184
87 126 87 15634 169
88 14 88 16071 154
88 101 88 16420 140
88 150 88 16861 125
89 128 89 17292 109
89 64 89 17721 94
89 11 89 18089 79
90 70 90 18433 63
90 110 90 18858 48
90 132 90 19277 32
91 142 91 19683 16
91 146 91 20078 1
91 145 91 20464 16
92 141 92 20842 32
92 129 92 21216 48
92 103 92 21583 63
93 58 93 21940 79
93 10 93 22283 94
93 87 93 22579 109
94 143 94 22952 125
94 138 94 23353 140
94 49 94 23700 154
95 86 95 24015 169
95 151 95 24341 184
95 58 95 24686 198
96 112 96 24998 212
96 125 96 25331 225
96 66 96 25653 239
97 138 97 25933 252
97 70 97 26259 265
97 120 97 26537 278
98 122 98 26850 290
98 37 98 27158 302
98 146 98 27418 313
99 116 99 27715 324
99 5 99 27998 335
99 98 99 28233 345
100 146 100 28509 355
100 147 100 28784 365
100 123 100 29071 374
101 98 101 29315 382
101 82 101 29537 390
101 81 101 29752 398
102 95 102 29971 405
102 120 102 30201 412
102 145 102 30440 418
103 147 103 30684 423
103 98 103 30920 428
103 11 103 31089 433
104 125 104 31242 437
104 136 104 31451 441
104 10 104 31673 444
105 148 105 31796 446
105 42 105 32003 448
105 147 105 32128 449
106 6 106 32318 450
106 144 106 32419 451
106 109 106 32613 450
107 18 107 32768 449
107 116 107 32876 448
107 150 107 33054 446
108 142 108 33198 444
108 123 108 33342 441
108 113 108 33442 437
109 119 109 33525 433
109 137 109 33646 428
109 151 109 33753 423
110 128 110 33852 418
110 38 110 33929 412
110 97 110 33960 405
111 146 111 34006 398
111 3 111 34093 390
111 151 111 34103 382
112 16 112 34183 374
112 137 112 34194 365
112 125 112 34261 355
113 23 113 34290 345
113 68 113 34255 335
113 116 113 34261 324
114 132 114 34289 313
114 129 114 34313 302
114 106 114 34325 290
115 44 115 34320 278
115 62 115 34289 265
115 148 115 34246 252
116 83 116 34269 239
116 114 116 34213 225
116 86 116 34164 212
117 147 117 34127 198
117 57 117 34104 184
117 45 117 34011 169
118 99 118 33923 154
118 114 118 33871 140
118 99 118 33779 125
119 44 119 33690 109
119 62 119 33583 94
119 149 119 33465 79
120 59 120 33414 63
120 142 120 33271 48
120 3 120 33168 32
121 116 121 32974 16
121 149 121 32862 1
121 150 121 32749 16
122 151 122 32620 32
122 132 122 32484 48
122 35 122 32334 63
123 124 123 32137 79
123 87 123 31974 94
123 147 123 31801 109
124 77 124 31635 125
124 21 124 31445 140
124 22 124 31212 154
125 82 125 30986 169
125 149 125 30794 184
125 61 125 30621 198
126 147 126 30381 212
126 59 126 30195 226
126 9 126 29948 239
127 5 127 29689 252
127 72 127 29412 265
127 151 127 29197 278
128 8 128 29019 290
128 134 128 28712 302
128 151 128 28475 313
129 150 129 28255 324
129 112 129 27998 335
129 64 129 27704 345
130 111 130 27386 355
130 150 130 27104 365
130 149 130 26836 374
131 99 131 26554 382
131 96 131 26242 390
131 52 131 25938 398
132 90 132 25580 405
132 27 132 25274 412
132 133 132 24942 418
133 1 133 24645 423
133 38 133 24285 428
133 55 133 23939 433
134 144 134 23591 437
134 139 134 23315 441
134 149 134 22991 444
135 73 135 22650 446
135 148 135 22258 448
135 142 135 21916 449
136 8 136 21558 450
136 95 136 21129 451
136 35 136 20774 450
137 150 137 20382 449
137 144 137 20061 448
137 100 137 19676 446
138 147 138 19278 444
138 73 138 18919 441
138 146 138 18482 437
139 81 139 18116 433
139 146 139 17680 428
139 53 139 17311 423
140 103 140 16859 418
140 101 140 16475 412
140 130 140 16061 405
141 40 141 15647 398
141 150 141 15212 390
141 123 141 14829 382
142 138 142 14403 374
142 141 142 13977 365
142 6 142 13545 355
143 151 143 13040 345
143 3 143 12640 335
143 151 143 12182 324
144 71 144 11806 313
144 9 144 11358 302
144 48 144 10882 290
145 140 145 10406 278
145 128 145 9994 265
145 146 145 9561 252
146 14 146 9132 239
146 113 146 8632 226
146 91 146 8210 212
147 148 147 7767 198
147 149 147 7354 184
147 10 147 6890 169
148 15 148 6368 154
148 109 148 5889 140
148 84 148 5476 125
149 144 149 4999 109
149 80 149 4570 94
149 4 149 4103 79
150 146 150 3610 63
150 105 150 3178 48
150 132 150 2720 32
151 105 151 2284 16