150
1 51 1 12 1
1 51 1 117 16
2 51 2 243 32
2 50 2 380 47
2 48 2 533 62
3 44 3 681 75
3 37 3 827 89
3 26 3 970 101
4 10 4 1109 112
4 10 4 1244 122
4 29 4 1385 130
5 45 5 1526 138
5 51 5 1678 143
5 42 5 1818 147
6 19 6 1957 150
6 16 6 2077 151
6 43 6 2196 150
7 50 7 2330 147
7 26 7 2451 143
7 18 7 2560 138
8 49 8 2660 130
8 39 8 2775 122
8 9 8 2877 112
9 48 9 2962 101
9 34 9 3062 89
9 24 9 3142 75
10 50 10 3214 62
10 3 10 3301 47
10 50 10 3358 32
11 17 11 3435 16
11 47 11 3483 1
11 18 11 3547 16
12 49 12 3589 32
12 7 12 3640 47
12 51 12 3657 62
13 19 13 3701 75
13 38 13 3709 89
13 47 13 3723 101
14 5 14 3736 112
14 40 14 3723 122
14 49 14 3735 130
15 23 15 3735 138
15 16 15 3712 143
15 43 15 3686 147
16 51 16 3663 150
16 43 16 3634 151
16 28 16 3592 150
17 11 17 3541 147
17 4 17 3473 143
17 13 17 3400 138
18 17 18 3333 130
18 17 18 3268 122
18 13 18 3200 112
19 4 19 3117 101
19 12 19 3025 89
19 30 19 2936 75
20 46 20 2854 62
20 50 20 2763 47
20 35 20 2672 32
21 4 21 2560 16
21 42 21 2431 1
21 46 21 2326 16
22 1 22 2205 32
22 49 22 2064 47
22 24 22 1946 62
23 43 23 1816 76
23 25 23 1690 89
23 48 23 1547 101
24 1 24 1416 112
24 46 24 1257 122
24 44 24 1129 130
25 12 25 993 138
25 24 25 827 143
25 43 25 679 147
26 50 26 544 150
26 51 26 410 151
26 50 26 416 150
27 51 27 492 147
27 50 27 604 143
27 42 27 745 138
28 19 28 884 130
28 21 28 1016 122
28 50 28 1156 112
29 29 29 1314 101
29 35 29 1456 89
29 37 29 1603 75
30 41 30 1739 62
30 12 30 1883 47
30 47 30 2001 32
31 49 31 2151 16
31 36 31 2289 1
31 27 31 2412 16
32 27 32 2530 32
32 38 32 2639 47
32 50 32 2760 62
33 42 33 2876 76
33 6 33 2980 89
33 51 33 3063 101
34 1 34 3176 112
34 47 34 3245 122
34 47 34 3340 130
35 31 35 3424 138
35 24 35 3496 143
35 33 35 3566 147
36 48 36 3630 150
36 41 36 3696 151
36 21 36 3750 150
37 42 37 3792 147
37 48 37 3838 143
37 35 37 3877 138
38 33 38 3903 130
38 47 38 3917 122
38 44 38 3932 112
39 22 39 3939 101
39 32 39 3933 89
39 48 39 3936 75
40 46 40 3935 62
40 23 40 3923 47
40 39 40 3895 32
41 12 41 3866 16
41 29 41 3816 1
41 12 41 3776 16
42 41 42 3725 32
42 9 42 3680 47
42 20 42 3606 62
43 18 43 3540 76
43 44 43 3472 89
43 50 43 3416 101
44 27 44 3344 112
44 51 44 3250 122
44 50 44 3168 130
45 18 45 3080 138
45 25 45 2962 143
45 35 45 2859 147
46 4 46 2754 150
46 19 46 2628 151
46 50 46 2513 150
47 21 47 2400 147
47 38 47 2271 143
47 50 47 2144 138
48 29 48 2028 130
48 26 48 1889 122
48 12 48 1747 112
49 20 49 1598 101
49 15 49 1458 89
49 33 49 1314 76
50 13 50 1180 62
50 4 50 1021 47
50 46 50 866 32
51 16 51 739 16