400
1 0.5 0.5 0.375 0.5 
5 0
10 0
32 0
21 0
13 0
23 0
24 0
25 0
12 0
26 246
29 361
33 548
8 591
19 400
5 294
30 229
18 692
28 213
11 133
21 627
20 50
25 797
21 230
20 142
9 796
6 51
33 703
17 313
14 232
9 451
21 548
15 174
20 546
28 268
14 119
25 795
25 742
14 733
23 452
34 461
21 405
29 622
13 217
33 269
30 700
7 167
24 394
30 726
9 166
28 447
9 209
35 525
29 376
21 433
22 389
11 132
15 18
14 488
7 27
24 527
25 193
20 263
18 754
31 93
31 278
31 231
21 654
14 703
18 478
22 536
7 572
23 36
6 407
24 637
11 745
26 474
27 707
11 788
8 716
15 63
28 665
8 399
17 192
20 737
23 718
30 86
27 332
6 27
15 403
33 225
13 794
15 754
28 29
21 334
16 140
15 363
31 674
6 342
6 128
34 707
33 783
14 469
24 13
16 35
31 299
23 349
34 588
7 402
23 583
5 580
28 231
31 638
31 367
21 548
7 168
19 667
7 160
16 443
16 2
10 477
11 43
19 172
31 663
26 501
31 46
9 506
8 572
9 84
19 798
21 612
33 303
26 173
10 498
13 222
23 677
31 616
34 735
10 139
7 111
32 296
14 48
29 346
32 70
22 656
24 789
26 347
17 302
26 657
13 661
31 168
6 267
5 553
12 257
10 680
31 188
12 91
14 747
9 344
5 305
6 173
20 87
18 262
10 502
28 434
14 145
14 296
26 697
23 62
9 70
19 707
14 454
8 752
34 563
19 334
17 507
13 560
20 668
12 109
33 398
33 497
12 572
19 353
19 52
13 729
24 263
17 80
20 794
5 658
11 219
31 695
5 436
10 278
28 78
12 755
27 498
23 235
20 392
34 453
18 651
13 433
8 213
20 574
35 491
16 630
10 331
13 168
14 107
27 710
5 231
13 147
16 15
22 454
31 612
19 458
17 509
18 746
31 110
15 195
22 295
31 320
32 127
30 230
11 439
12 552
11 340
9 665
27 256
12 179
32 180
33 448
29 615
7 757
17 616
6 279
19 500
17 376
9 513
31 246
26 503
5 133
26 18
26 459
24 267
22 45
33 695
11 398
21 326
27 741
17 593
27 316
11 588
10 692
28 226
6 618
26 787
16 106
20 526
33 435
31 257
30 660
6 400
21 81
25 532
17 648
22 689
30 305
7 220
16 388
11 7
20 654
16 422
19 663
27 733
7 61
26 428
13 722
17 604
10 652
21 731
18 786
26 321
26 328
30 779
34 695
8 94
32 479
30 412
20 140
11 18
9 653
11 17
8 525
22 281
11 477
34 750
35 435
9 667
5 749
27 408
34 740
27 680
30 649
9 381
34 431
27 307
16 169
6 273
17 554
9 211
33 146
27 646
16 439
22 570
33 322
30 733
10 204
29 121
32 213
28 3
15 653
34 495
24 716
28 147
14 60
31 686
35 715
32 626
12 47
30 143
9 362
14 284
12 426
11 624
23 303
17 465
15 389
29 718
5 149
9 583
26 569
27 227
19 725
25 440
19 523
10 93
9 1
11 407
13 715
25 275
32 758
21 7
18 384
8 169
22 122
33 634
21 799
7 200
22 93
24 335
7 496
7 775
15 683
9 552
6 733
25 32
22 540
23 444
17 359
32 443
15 710
14 610
24 295
17 328
7 638
35 319
8 269
12 733
21 106
8 400
29 14
33 514
32 468
29 69
31 685
9 638
8 488
34 678
6 448
8 589
16 752
31 391
20 276
28 550
16 697
31 506
19 117
10 693
23 31
13 107
17 362
