150
1 0.75 0.75 0.5 0.375 
10 0
9 0
6 0
6 0
9 0
12 0
6 0
12 0
10 0
11 6
13 62
14 99
10 91
9 109
14 38
5 65
14 108
14 113
13 227
11 195
11 156
11 283
5 279
9 16
5 46
7 161
12 103
8 249
9 174
11 207
9 285
6 85
6 104
11 86
15 179
11 29
9 145
6 187
11 160
9 52
10 46
9 177
10 113
6 207
14 259
15 25
13 265
6 239
7 74
13 74
8 249
10 263
13 143
9 93
8 225
6 22
7 144
9 12
7 297
11 1
11 170
10 26
6 185
13 166
15 214
13 253
10 92
8 8
7 274
13 146
6 167
10 252
10 237
7 11
12 279
6 79
15 148
14 293
7 109
11 80
5 188
9 83
7 174
14 18
15 221
5 267
10 238
6 208
6 30
9 163
7 212
8 215
8 57
12 172
8 188
12 202
9 55
6 100
12 171
12 196
9 287
11 298
13 13
13 103
9 163
14 64
8 148
13 157
14 140
7 295
14 167
13 116
8 298
5 273
5 97
11 4
13 71
8 211
13 282
7 50
13 108
8 1
14 106
7 165
7 249
15 102
5 32
7 270
14 267
12 112
8 54
12 100
10 231
10 146
7 120
15 73
10 166
14 205
7 130
14 162
8 120
14 232
8 64
8 55
8 195
10 186
6 87
7 288
8 34
7 182
