450
1 0.75 0.5 0.625 0.375 
12 0
35 0
19 0
7 0
18 0
18 0
28 0
23 0
31 0
16 885
17 599
21 788
22 890
11 512
17 67
29 803
27 762
19 372
19 674
31 848
28 422
32 143
28 149
31 343
25 777
33 614
5 54
7 412
8 889
19 276
7 384
22 4
15 273
19 592
31 470
23 504
10 858
34 778
10 536
7 439
8 315
29 877
26 684
8 75
20 568
16 456
9 106
31 404
23 637
19 346
5 667
24 414
29 319
28 302
17 704
31 735
31 528
22 390
16 679
25 653
25 99
24 75
35 166
10 190
15 768
35 576
31 823
24 420
25 377
15 49
17 485
12 320
8 782
15 815
33 890
16 458
9 352
34 581
27 1
11 101
33 104
18 28
29 131
31 159
10 145
5 524
19 720
8 642
13 515
8 312
24 18
20 595
29 402
15 8
22 14
20 118
26 203
14 75
27 56
17 258
32 117
8 91
27 85
27 99
24 605
5 232
25 805
27 750
23 795
32 61
23 839
8 618
31 400
19 681
26 752
7 747
32 146
33 352
13 388
20 106
10 334
11 62
18 171
33 466
30 831
29 562
22 227
10 889
27 516
34 99
29 624
33 722
26 616
25 460
11 272
11 591
6 255
6 739
19 708
24 528
6 628
12 17
10 125
8 841
19 72
11 419
24 180
8 169
10 454
29 420
29 364
5 310
26 240
13 595
12 760
23 712
33 307
9 517
17 397
24 217
14 622
10 730
18 245
23 22
10 472
17 432
31 66
20 729
26 807
15 781
32 892
27 167
29 283
12 78
29 614
20 845
7 99
11 123
11 244
15 94
17 732
29 677
32 713
18 686
9 832
17 614
8 324
16 882
19 318
30 825
23 8
15 453
24 571
25 63
30 814
33 589
16 536
6 72
16 641
23 661
22 834
26 383
14 114
30 841
19 423
16 725
31 466
17 683
34 649
34 667
31 443
34 242
6 109
34 212
12 658
28 557
13 755
18 418
33 695
15 130
11 260
35 668
10 412
15 511
9 554
30 443
24 436
15 595
15 825
18 394
9 177
5 716
33 770
7 452
31 694
16 126
19 478
5 564
17 491
32 142
13 659
31 740
22 667
16 732
21 629
5 681
12 810
6 436
16 763
25 819
19 355
21 411
16 158
34 406
31 647
10 495
31 295
20 554
27 685
18 705
9 378
11 88
26 282
9 247
31 820
22 195
23 46
34 287
26 101
33 557
19 774
20 365
30 148
22 444
14 594
22 288
12 871
32 147
9 408
35 93
27 881
30 14
26 398
13 764
25 153
32 834
10 718
32 641
15 643
23 594
13 295
11 808
7 886
9 754
28 802
31 577
18 192
25 133
27 732
28 658
13 852
21 322
26 576
18 132
30 321
16 861
31 107
11 144
28 731
28 640
16 741
34 508
12 72
33 807
12 800
31 610
8 743
25 442
11 719
18 899
19 250
32 715
19 363
28 755
28 192
11 826
21 753
21 189
16 814
8 700
32 52
6 193
17 670
28 693
34 807
18 161
8 724
20 174
15 130
25 653
26 129
17 783
33 440
33 370
30 101
20 700
20 344
14 450
19 126
31 226
24 650
11 508
30 85
27 624
26 66
6 648
8 550
22 743
28 620
33 657
29 491
29 331
27 785
14 220
33 521
31 757
31 896
20 203
24 487
15 841
32 687
23 330
13 521
16 714
16 893
16 110
23 257
10 69
7 654
21 482
23 568
22 780
30 141
29 786
34 130
34 147
7 303
27 506
7 185
12 784
34 308
8 101
32 632
22 311
6 60
23 825
12 253
16 111
12 894
23 676
21 425
21 495
12 75
30 515
30 209
15 596
33 895
7 495
22 635
5 896
11 622
31 577
25 135
7 469
17 724
12 808
11 202
12 222
32 740
13 111
9 239
33 514
23 844
22 441
7 640
27 316
9 881
13 367
15 226
32 124
23 230
29 552
13 441
22 230
32 126
31 295
5 95
6 265
35 713
13 528
10 481
26 757
17 422
32 498
20 163
24 724
16 614
7 825
17 433
14 485
