350
1 0.5 0.5 0.875 0.25 
33 0
11 0
29 0
14 0
19 0
28 0
34 0
10 0
33 0
5 20
22 291
20 580
24 365
14 268
8 687
28 197
15 131
13 57
12 628
12 93
9 614
24 528
10 315
30 171
15 512
28 227
19 500
26 342
29 352
24 2
17 4
17 288
25 354
25 561
15 353
8 82
22 556
32 3
18 82
10 53
17 236
35 33
17 305
25 494
6 97
30 636
13 291
19 124
14 684
10 243
28 682
23 664
6 665
9 172
32 262
27 468
31 567
23 438
14 552
34 507
22 7
12 571
6 471
8 297
22 571
19 611
10 399
30 275
28 506
11 113
32 439
34 60
8 687
16 130
9 183
8 277
9 164
16 637
35 386
11 252
12 106
18 373
28 202
21 262
10 268
21 241
20 692
16 236
28 345
20 78
28 670
32 398
19 307
33 366
34 326
24 403
23 688
13 598
18 545
17 34
31 549
33 35
6 221
29 121
13 88
10 512
17 571
31 136
11 532
14 658
6 434
11 111
14 682
14 643
25 425
34 690
26 233
11 490
33 529
13 248
20 648
23 175
25 471
29 573
6 570
22 388
25 525
13 548
14 273
32 232
27 655
12 523
13 517
12 484
16 379
12 692
12 279
34 149
18 101
24 27
10 463
12 499
34 402
29 283
12 652
13 686
11 60
27 80
25 183
21 451
7 250
9 530
33 423
22 163
21 116
29 393
29 128
32 220
11 126
14 308
9 668
23 381
24 318
8 87
30 296
13 455
17 562
23 107
26 134
11 444
18 2
19 653
23 442
27 560
11 490
9 612
32 140
25 587
33 186
28 165
8 646
11 20
35 82
16 312
12 220
16 560
31 103
32 329
6 71
33 550
16 497
30 114
6 676
28 47
34 198
12 692
13 60
12 213
22 212
17 175
12 321
14 61
20 618
22 372
14 242
24 294
28 421
17 415
24 104
30 211
13 299
32 520
16 535
19 390
22 124
28 505
33 590
16 370
25 195
21 362
13 186
21 553
34 327
6 84
23 82
28 488
16 208
32 436
21 67
31 541
5 656
28 520
23 244
13 448
9 192
18 422
8 641
17 71
26 83
19 296
8 141
34 652
34 335
32 484
23 540
9 401
30 272
14 553
14 604
14 102
12 334
14 2
27 202
34 273
8 612
35 643
35 632
13 499
22 489
14 253
8 148
22 323
12 245
30 165
5 237
33 277
34 364
10 7
5 242
15 380
27 428
28 514
5 102
24 309
15 528
7 430
6 140
30 349
11 570
30 169
17 631
33 276
31 11
19 237
33 300
30 18
11 477
22 664
5 466
33 531
10 458
15 275
28 642
8 294
9 481
8 699
13 646
16 230
35 418
26 454
9 528
19 383
25 436
30 550
6 504
20 242
25 131
30 96
11 427
11 625
20 2
22 628
18 135
32 356
17 177
35 478
25 443
31 397
18 155
22 268
17 675
15 434
14 212
23 368
25 302
10 171
26 56
20 133
11 574
15 420
30 212
25 45
16 648
24 140
30 308
30 304
19 386
17 614
6 241
18 641
26 628
27 699
20 504
6 660
32 128
18 4
10 378
10 20
13 310
28 249
