250
1 0.25 0.625 0.625 0.5 
6 0
6 0
11 0
15 0
13 0
11 0
7 0
6 0
14 0
9 455
6 361
11 101
8 220
14 76
13 150
8 119
8 470
13 4
6 62
13 111
15 75
12 151
7 211
12 247
13 494
13 216
8 132
9 321
10 478
9 249
12 328
14 85
9 265
9 93
14 40
11 391
11 12
11 244
7 209
15 43
9 48
12 279
14 450
14 168
8 20
6 450
13 184
12 59
6 450
13 322
6 478
14 147
12 71
14 404
12 401
6 412
15 159
12 344
11 415
9 415
5 153
13 380
12 358
13 62
7 444
10 180
15 94
11 408
11 34
12 89
11 209
9 48
12 212
12 292
14 477
11 281
13 435
10 236
6 482
11 351
14 290
5 414
14 490
14 486
6 101
11 453
5 371
6 411
13 212
11 382
5 44
13 94
9 168
6 236
13 408
14 343
9 439
15 59
10 125
13 29
8 423
14 2
7 126
11 411
10 11
12 468
6 20
6 288
12 371
5 265
14 375
6 150
9 301
5 244
10 280
10 54
11 336
6 303
9 300
10 459
15 276
15 62
6 302
7 371
11 179
9 183
8 133
8 321
6 14
14 480
12 62
7 220
5 286
9 67
7 198
9 256
7 460
9 307
13 499
13 366
7 471
14 451
11 116
6 49
15 73
13 260
12 297
13 98
11 226
12 242
5 91
8 8
8 50
7 194
7 22
9 285
12 263
6 269
10 440
8 492
11 409
6 301
10 160
14 21
10 302
8 493
14 404
8 144
9 59
8 376
12 90
6 229
8 185
13 218
13 25
14 422
14 392
7 459
12 15
12 171
10 400
10 233
12 351
6 5
11 454
15 186
13 257
11 443
14 192
10 351
13 407
12 478
13 195
12 222
13 193
15 389
9 406
8 488
14 470
12 319
13 369
7 198
14 324
14 476
12 415
8 459
7 213
9 26
14 52
12 168
5 219
6 13
7 455
8 372
8 277
15 178
11 153
14 10
8 385
7 184
11 64
14 264
11 255
11 51
5 273
10 244
14 147
12 382
13 378
10 129
8 264
6 296
7 349
7 184
11 67
7 8
9 270
9 279
7 85
13 449
14 379
9 300
12 346
12 9
12 390
8 208
8 314
12 163
8 259
12 213
