200
1 0.875 0.875 0.75 0.25 
5 0
11 0
10 0
7 0
10 0
7 0
6 0
7 0
14 0
8 158
8 390
6 34
13 9
12 50
8 358
10 88
13 177
6 249
11 21
8 270
14 340
11 5
14 368
13 267
7 394
9 211
15 15
13 335
8 172
10 195
12 179
7 214
5 241
15 326
10 26
11 383
10 126
6 398
13 70
8 368
9 67
9 395
15 317
12 184
12 43
15 375
14 253
11 128
11 82
15 122
6 87
7 42
14 265
9 212
9 155
6 9
12 156
15 10
11 31
8 348
15 386
13 33
13 274
11 374
14 346
9 177
11 399
10 262
8 270
13 111
9 227
8 144
10 1
11 393
7 133
12 208
11 351
8 225
13 365
13 299
6 367
12 286
5 176
7 161
12 338
5 63
7 73
11 293
5 216
5 313
13 298
10 346
8 52
14 118
10 210
14 294
10 55
6 241
11 178
10 69
15 240
5 201
7 307
8 218
10 69
6 397
13 5
7 67
15 67
13 229
9 2
13 220
5 78
8 321
6 300
6 141
12 331
8 147
5 361
13 127
8 390
14 335
6 220
11 283
8 36
11 64
6 113
13 19
11 395
13 34
7 176
5 199
9 38
13 248
9 385
9 284
8 165
11 80
8 359
13 69
10 173
11 138
12 178
9 311
11 79
9 317
14 265
8 53
8 173
9 288
10 66
13 129
9 334
6 107
11 127
6 318
14 137
6 391
6 282
10 3
5 191
13 61
5 203
9 317
5 369
8 162
7 205
15 287
13 211
11 212
12 81
6 156
6 330
11 352
6 272
6 89
10 160
12 351
15 235
12 272
14 214
9 109
9 326
8 233
8 122
6 76
12 218
13 61
8 281
14 20
14 303
11 15
14 81
8 218
14 302
13 354
9 200
7 307
12 285
7 217
