300
1 0.875 0.5 0.625 0.375 
28 0
18 0
33 0
29 0
31 0
14 0
32 0
6 0
22 0
14 178
13 308
23 105
24 12
9 373
10 367
34 244
18 519
16 315
21 494
17 583
9 423
28 385
33 271
10 229
11 198
16 425
28 599
29 532
29 315
27 328
24 332
9 594
10 122
6 594
25 577
14 227
21 105
26 107
33 357
31 548
32 81
26 344
13 382
29 379
15 497
19 446
22 460
8 221
8 567
11 440
10 365
35 248
17 407
25 133
7 64
27 409
15 267
11 2
34 219
30 64
21 2
7 343
31 202
22 228
33 425
27 195
19 240
32 526
21 599
25 387
25 332
23 45
26 180
26 189
15 459
20 223
25 174
8 17
14 291
22 438
31 298
33 384
30 406
34 577
29 5
17 80
24 265
13 352
18 234
5 481
25 309
19 286
25 348
15 102
25 101
26 326
18 19
30 275
23 150
14 365
23 121
28 236
9 596
7 279
6 257
17 151
8 519
10 468
9 40
14 283
7 8
15 59
31 310
35 68
8 599
34 549
29 594
15 551
17 527
7 351
20 13
22 267
30 104
12 96
9 315
5 318
14 219
28 138
29 211
27 357
25 240
16 450
26 129
15 504
15 352
26 240
30 166
24 573
23 522
28 248
31 235
28 372
33 552
13 101
20 29
29 451
20 114
9 114
20 163
32 331
17 188
20 505
9 266
31 463
31 209
21 154
9 206
7 389
32 522
16 595
33 64
21 71
9 337
26 131
34 101
7 408
32 473
9 243
28 138
29 567
19 50
9 322
30 92
8 193
31 255
12 202
11 329
24 160
11 444
28 329
34 600
34 229
35 59
28 58
31 33
30 499
28 39
32 423
16 174
31 279
26 526
30 324
11 349
26 73
33 447
16 579
32 378
30 33
17 477
6 205
28 373
6 288
15 299
11 121
14 31
6 110
33 352
25 551
29 525
34 594
28 248
28 569
14 104
34 234
14 367
14 115
14 578
15 532
13 336
11 591
32 529
17 276
7 207
13 179
27 314
31 229
8 572
32 61
20 207
14 545
19 57
30 539
7 481
18 351
34 261
24 536
17 560
34 489
6 77
14 343
35 449
6 70
34 483
22 281
14 158
25 196
33 102
29 580
7 210
19 115
23 25
16 55
20 540
13 237
10 390
33 141
11 311
17 356
26 532
10 463
23 318
7 258
31 473
15 82
27 524
17 256
27 125
24 372
29 139
15 296
31 356
26 129
12 210
18 378
32 274
10 320
7 396
20 199
10 299
33 361
20 225
11 544
22 450
35 241
34 234
18 292
10 378
23 86
9 149
7 364
35 363
10 222
9 499
19 163
33 106
29 162
21 353
8 21
25 122
31 288
