500
1 0.375 0.875 0.75 0.75 
34 0
15 0
34 0
30 0
15 0
18 0
27 0
19 0
7 0
31 785
17 582
8 990
18 755
21 46
8 496
22 906
19 225
24 347
13 250
20 296
24 897
13 9
25 524
10 186
33 9
9 591
8 685
11 27
33 599
7 175
19 366
6 475
9 405
28 923
5 390
32 800
10 708
25 180
8 642
12 437
13 593
7 24
30 885
32 725
19 737
18 980
17 714
12 44
17 40
11 58
12 530
24 543
19 360
31 842
22 296
21 735
19 644
34 330
30 735
23 947
25 644
14 227
27 565
27 184
9 304
7 532
13 393
13 761
34 64
25 540
21 270
10 796
23 816
32 780
27 155
28 627
28 303
12 86
20 765
35 452
15 891
10 884
26 328
26 408
22 753
9 128
7 802
18 843
13 967
17 359
31 411
16 521
27 443
24 8
32 92
20 992
24 11
34 360
17 578
19 740
29 0
24 101
10 873
31 802
11 208
7 612
8 709
10 146
22 486
17 823
9 942
17 812
20 961
24 781
23 351
20 951
29 59
8 387
7 516
35 235
22 28
9 351
23 315
13 594
28 712
25 989
24 805
30 976
30 255
20 76
27 910
21 101
13 791
32 607
34 730
27 516
25 401
8 401
22 268
11 225
12 474
8 364
33 576
17 361
7 979
28 120
29 406
9 947
12 888
18 944
28 353
16 947
32 921
13 850
22 780
14 757
32 674
25 661
22 177
23 30
13 829
21 171
27 601
28 626
9 76
30 630
33 714
12 253
22 499
10 310
17 167
31 584
6 466
28 684
17 756
32 598
34 745
11 960
32 605
17 323
25 844
8 94
21 789
30 938
18 282
27 715
12 113
16 534
29 378
27 349
32 671
15 570
34 901
27 943
9 706
24 871
17 24
26 355
6 1000
18 623
16 199
33 784
13 991
6 925
31 772
28 425
11 31
25 825
19 140
21 836
35 383
9 935
10 774
9 883
12 417
20 300
13 851
24 166
8 107
22 826
22 195
34 416
20 645
8 115
26 461
24 465
31 364
9 290
14 621
11 944
9 33
31 708
35 792
23 176
9 498
34 777
9 639
35 947
25 319
5 315
16 684
23 409
5 878
26 222
9 270
20 600
32 119
12 701
5 523
34 354
31 189
32 50
16 905
33 512
15 332
22 581
19 505
17 718
16 188
25 656
12 981
29 414
13 882
15 822
17 592
31 300
31 880
13 884
7 62
22 866
22 27
16 341
15 168
11 388
24 521
6 286
12 264
13 578
27 286
16 554
23 179
16 277
11 285
13 559
32 675
18 240
34 766
14 369
16 79
27 768
27 762
5 821
35 360
19 348
13 532
18 916
6 294
24 883
15 836
19 975
28 169
8 960
8 697
24 213
15 207
12 459
12 5
22 310
19 307
19 950
33 634
29 949
29 884
33 289
35 621
18 591
25 360
17 885
8 364
30 469
22 482
11 146
16 664
17 47
30 911
7 67
15 544
12 518
6 427
23 236
32 52
16 409
35 452
17 128
7 699
14 86
16 458
9 236
13 232
12 407
30 755
8 243
19 793
33 281
19 740
9 385
25 453
32 16
20 21
14 625
7 217
27 762
33 267
27 181
20 113
32 10
8 663
17 664
18 257
18 168
17 609
18 4
17 799
28 360
24 663
9 305
10 134
31 289
18 360
18 793
20 851
26 502
12 670
29 205
16 897
31 476
12 572
29 391
11 432
8 901
27 789
26 325
14 413
8 843
32 60
28 256
12 284
26 55
21 674
26 264
27 76
17 482
6 610
34 910
21 25
22 271
22 807
21 702
25 939
34 309
33 501
18 626
28 75
29 301
29 754
10 525
17 598
22 82
21 928
27 448
19 601
29 606
12 927
7 987
25 872
26 403
9 988
5 779
31 397
15 964
32 167
20 14
9 293
29 557
16 23
31 109
35 659
7 909
14 986
7 669
7 699
13 235
16 476
8 333
21 991
15 994
17 157
22 858
16 844
12 478
12 896
28 454
34 837
5 889
8 713
13 482
17 883
23 334
23 169
31 421
32 629
30 168
23 5
8 457
25 455
16 817
12 990
10 882
8 299
26 45
8 273
20 410
6 843
34 963
20 753
10 581
16 155
27 924
20 823
13 86
18 418
21 274
17 114
29 407
13 784
29 433
28 445
34 562
34 663
33 134
6 407
21 163
27 55
20 2
11 456
13 67
12 722
29 702
12 667
33 42
32 567
14 703
8 408
22 275
13 812
7 440
7 986
24 3
23 819
6 769
