100
0.97 0.74 1.0 0.47 0.28
8 45
7 61
8 31
11 49
10 15
13 56
12 65
11 42
12 15
6 27
8 20
6 54
6 8
8 69
3 13
8 62
9 30
7 26
9 21
6 7
6 37
9 1
4 40
13 44
6 4
4 66
1 26
3 46
3 7
13 30
9 63
6 39
8 48
11 69
13 22
9 54
5 48
4 30
10 59
5 33
11 24
8 61
1 43
8 56
10 38
3 5
11 2
1 37
10 51
7 33
1 49
7 34
4 25
11 5
3 3
4 49
10 11
4 45
2 66
5 11
8 5
5 53
11 26
9 33
2 55
12 54
6 67
11 30
2 43
6 19
3 41
10 53
5 30
13 64
1 39
8 5
8 19
3 63
13 2
9 42
2 47
6 43
5 42
13 63
11 53
3 63
10 23
9 39
9 12
10 63
7 61
5 46
2 15
6 61
10 69
10 26
13 53
4 22
2 5
4 1