400
0.72 0.91 0.96 0.52 1.0
4 193
2 135
1 200
7 230
4 126
10 296
2 98
8 201
8 86
10 6
9 191
4 287
2 70
7 16
4 19
9 238
8 57
10 294
9 298
4 35
3 21
9 220
6 295
8 92
8 22
4 277
9 280
1 165
5 128
3 174
5 280
9 212
4 11
1 25
9 117
10 5
3 59
1 314
7 93
7 31
10 46
7 246
7 253
1 35
10 289
4 328
7 206
4 10
10 112
4 86
1 267
4 81
9 160
2 237
3 26
8 307
10 323
8 43
1 176
4 324
7 328
4 244
7 325
8 35
6 15
4 72
8 129
9 312
5 58
4 285
6 163
10 303
8 284
2 150
6 4
2 208
10 103
5 226
7 46
8 314
9 162
10 14
9 55
7 76
4 96
5 184
4 250
9 228
2 90
10 244
2 204
4 287
1 24
2 138
1 110
5 251
6 311
5 147
5 210
5 159
10 144
5 217
7 205
10 16
5 41
6 69
3 17
6 138
5 143
7 197
3 194
1 59
8 41
8 184
5 48
2 104
5 286
3 270
3 44
2 314
6 65
4 151
6 102
5 19
9 314
10 98
7 51
7 82
1 139
4 46
9 25
10 54
1 289
9 8
1 272
8 24
1 168
4 166
6 54
6 90
8 10
2 48
7 299
10 301
3 124
5 137
10 153
8 324
3 24
3 147
8 265
8 221
10 177
8 324
3 279
7 144
3 313
4 260
9 247
7 307
10 35
6 69
1 309
6 292
6 163
1 303
4 15
8 309
6 318
2 267
7 273
2 32
7 201
1 231
10 285
6 286
5 313
1 261
10 233
7 163
1 245
7 100
3 183
6 262
5 123
2 69
3 82
10 244
6 27
1 278
6 203
4 100
5 304
9 256
9 73
5 245
8 118
5 107
9 150
2 186
1 260
6 46
7 85
4 272
4 96
4 299
6 318
9 251
9 304
4 260
8 166
5 168
7 177
1 312
7 211
6 287
3 32
6 285
6 231
1 154
2 279
8 147
7 249
7 57
3 9
4 87
8 16
9 29
2 308
7 224
10 296
8 271
9 292
9 165
6 80
3 109
3 246
9 171
10 194
5 295
2 26
2 200
9 137
6 71
1 262
6 101
8 101
2 164
10 326
7 46
3 147
1 34
9 275
5 218
7 326
9 108
9 184
2 139
4 32
9 194
1 256
2 311
9 97
6 218
1 320
2 265
1 222
5 50
1 9
6 124
7 124
5 299
4 173
10 69
7 317
4 93
4 6
1 146
10 252
7 22
9 226
7 63
6 50
10 174
8 267
8 273
2 44
10 272
8 237
3 86
2 40
9 29
8 242
8 327
5 33
9 103
7 78
9 76
6 109
1 166
2 292
6 236
2 296
6 77
4 125
7 9
7 166
9 224
6 320
6 25
5 57
2 74
8 122
4 328
5 42
10 180
7 277
1 197
1 29
10 46
6 229
7 273
7 279
4 130
2 30
5 214
9 281
8 137
4 219
10 87
10 274
8 41
2 127
7 16
8 35
7 130
5 21
9 265
2 265
5 119
2 0
5 91
9 59
9 307
4 5
5 164
4 3
4 128
9 128
2 265
4 300
2 182
7 206
9 123
10 133
8 240
8 120
1 26
4 285
1 212
9 151
6 204
7 10
4 289
5 114
1 163
10 120
2 31
10 179
4 14
8 296
2 246
8 112
4 222
10 98
10 76
7 173
8 324
10 136
7 168
10 247
7 85
7 236
2 123
6 203
1 131
2 134
6 151
2 95
8 308
3 6
6 77
6 79
5 103
9 121
6 116
4 147
2 37
9 182
1 117