250
0.81 0.63 0.37 1.0 0.74
2 54
4 159
4 124
3 157
1 92
1 152
7 59
8 58
5 112
10 166
4 50
11 129
3 100
7 115
7 84
6 139
6 136
9 0
2 146
3 92
2 170
11 125
12 89
5 79
2 120
1 139
4 76
5 111
12 69
4 94
7 166
6 92
9 130
11 168
5 70
5 122
11 36
5 165
5 138
2 103
2 80
7 107
2 52
8 97
4 93
1 107
4 54
4 6
11 14
11 15
1 89
7 68
9 85
2 36
3 29
8 161
7 24
1 101
1 10
11 147
3 108
4 159
7 74
8 10
3 141
4 25
1 89
4 141
4 162
11 27
2 147
9 161
5 9
4 65
2 3
3 31
1 61
10 141
8 33
12 108
8 10
8 83
12 137
10 70
11 116
5 117
8 13
5 49
12 149
2 83
12 123
4 106
1 22
6 47
3 158
12 75
11 171
7 38
4 7
11 88
4 56
7 15
5 131
6 173
9 169
5 19
3 60
4 82
5 152
9 146
10 34
2 92
9 107
2 166
1 93
2 69
7 7
12 81
12 26
2 161
8 13
10 140
9 172
6 160
12 8
11 113
2 70
1 4
2 113
3 41
4 162
10 77
1 35
12 18
3 170
11 141
1 119
12 137
8 53
1 5
7 56
1 155
9 30
9 165
11 157
3 66
9 15
12 72
12 54
3 43
2 62
5 73
1 25
6 62
5 177
3 79
6 120
9 160
3 88
9 7
2 123
7 102
1 84
6 133
6 171
12 11
4 161
5 87
12 29
3 114
2 118
11 114
6 144
3 143
3 141
4 77
9 106
5 170
11 32
12 91
2 59
7 42
10 76
8 57
12 96
4 141
1 6
6 117
3 73
12 84
6 145
4 115
7 19
8 117
3 125
5 35
1 60
12 159
3 158
12 108
4 58
6 131
6 156
1 107
4 52
9 35
3 161
10 104
7 166
9 118
11 111
9 134
11 76
1 76
12 86
5 68
6 69
10 31
5 80
5 20
7 86
4 132
12 146
8 22
5 168
7 32
3 99
4 124
9 20
12 7
10 88
11 154
5 172
12 67
12 147
12 46
1 86
3 26
6 78
2 35
7 57
11 116
12 108
9 172
5 95
10 65
9 148
5 92
2 117
11 116