150
0.8 0.3 0.34 1.0 0.85
9 28
6 84
4 7
7 73
1 67
3 69
3 0
5 46
7 37
12 42
5 19
8 26
9 89
9 32
2 65
8 63
7 71
9 80
12 77
6 45
13 20
7 50
1 71
3 45
12 30
1 82
10 72
10 60
4 0
13 36
1 22
13 75
7 3
11 59
5 29
12 41
10 92
2 32
8 0
12 47
1 29
13 10
11 8
6 11
5 45
10 49
11 77
7 97
13 30
7 44
11 90
13 32
1 70
2 74
12 14
8 16
12 95
5 86
2 52
9 97
11 9
3 88
7 75
11 89
10 0
11 83
11 98
10 79
3 4
2 0
2 86
10 77
7 85
6 43
2 52
11 39
3 67
6 19
7 20
3 15
1 71
10 4
13 57
8 66
9 95
13 47
5 56
1 28
10 49
12 37
8 44
4 55
5 89
11 62
7 85
6 82
12 18
6 96
9 96
13 54
5 44
4 70
10 34
11 45
3 17
7 43
4 29
12 20
10 58
9 68
5 9
7 60
10 53
13 1
11 56
12 46
9 59
12 16
8 85
1 21
6 6
8 8
2 16
8 44
1 28
6 54
1 12
2 35
4 72
13 19
13 75
1 0
10 38
13 45
12 61
13 16
1 91
1 44
7 23
6 53
13 18
3 87
6 46
4 84
9 22
3 80
2 2
7 24
5 14
10 84