350
0.44 0.94 1.0 0.3 0.41
1 76
9 209
9 195
5 64
1 119
7 80
12 124
9 37
1 154
13 28
2 185
11 71
12 127
14 154
6 204
10 159
3 67
4 47
10 197
11 207
11 26
5 186
10 90
7 35
9 201
3 76
14 44
8 145
5 30
14 122
14 45
7 139
9 40
9 140
7 6
12 112
14 84
3 202
8 130
12 55
5 69
7 24
11 151
3 66
8 128
4 136
12 12
7 131
7 40
11 172
1 122
11 161
6 174
6 39
2 63
11 216
3 89
9 208
8 120
8 136
11 93
12 5
8 188
13 107
2 100
2 54
2 147
1 198
3 84
7 102
7 148
1 86
2 34
10 130
10 206
1 111
7 63
6 158
7 184
7 109
11 166
4 21
11 200
1 193
13 154
7 39
2 98
4 24
13 175
11 42
2 10
2 58
14 69
9 25
11 177
14 148
3 61
12 166
2 72
5 174
9 8
5 81
8 90
11 43
2 120
5 166
11 99
10 103
13 141
8 5
2 34
10 45
11 116
6 182
1 32
1 143
4 184
6 162
7 93
3 19
12 196
9 216
9 199
12 155
13 83
10 146
3 206
10 159
6 74
2 112
10 72
12 151
7 136
1 201
8 29
9 2
5 187
8 189
11 196
3 155
5 214
12 80
12 210
14 35
2 17
12 68
6 90
11 30
12 74
14 67
10 208
7 75
4 23
5 171
4 46
8 128
9 157
4 171
9 135
5 81
12 20
1 170
2 209
14 50
7 75
11 111
3 77
2 178
6 145
14 215
7 147
7 115
4 55
9 196
2 37
4 180
1 5
2 111
7 185
13 130
3 136
13 187
6 30
8 164
6 195
7 112
10 100
3 161
10 116
2 166
13 104
13 47
10 39
9 207
1 55
4 190
2 156
8 201
1 145
5 103
9 3
12 206
3 213
8 40
2 198
6 90
13 186
10 213
1 151
13 137
1 203
5 0
7 81
1 110
4 132
7 90
10 43
1 28
8 82
8 162
8 215
3 188
10 144
5 96
7 9
9 120
10 201
11 180
10 29
4 27
8 200
11 24
14 119
1 112
7 37
13 216
13 38
5 179
2 65
12 68
10 55
6 137
12 94
11 180
10 58
14 25
8 33
8 174
3 101
10 155
5 208
9 101
1 23
8 108
9 127
2 205
8 1
10 209
12 198
13 174
4 33
3 31
8 146
8 46
3 192
9 181
7 31
13 188
12 184
8 101
2 84
12 149
4 105
3 114
3 188
1 5
2 200
13 59
11 75
8 214
2 206
9 169
2 167
8 178
14 209
12 141
13 73
6 114
6 28
11 204
8 117
6 22
10 17
13 197
2 136
10 128
3 116
3 25
4 57
1 195
14 26
7 129
12 53
7 25
9 102
9 54
3 110
11 49
14 111
9 124
11 30
3 60
11 68
10 199
5 39
3 60
11 26
7 151
4 173
13 126
4 159
9 188
9 120
14 182
6 124
6 2
5 91
10 170
2 60
10 197
5 214
7 8
9 2
9 139
6 66
14 98
3 112
1 92
10 144
6 18
8 211
3 190
3 14
6 202
3 182
7 180
11 209
7 28
8 39
7 202