500
0.97 0.33 1.0 0.54 0.42
5 248
11 142
5 310
12 202
7 101
12 10
4 142
4 229
7 245
11 172
4 52
10 320
1 13
13 274
12 34
13 309
8 314
5 141
12 269
11 144
12 3
5 176
6 38
6 28
5 25
6 8
6 187
5 226
13 41
4 290
6 133
12 275
12 300
7 95
13 294
1 169
6 17
11 14
13 153
13 131
13 307
12 32
8 197
10 169
2 225
10 188
4 147
6 183
8 88
7 90
12 29
9 81
11 307
1 213
4 182
12 310
3 315
8 273
5 171
11 213
12 34
1 291
9 138
11 243
10 201
7 187
13 2
4 232
13 153
13 227
11 4
10 283
10 211
8 175
2 318
5 40
8 176
7 269
3 306
11 55
10 37
3 65
7 227
7 69
1 241
5 9
2 180
4 170
8 255
10 291
8 92
1 37
10 294
10 73
11 209
8 9
1 178
10 311
13 284
2 29
13 206
1 171
6 310
4 315
6 204
11 220
3 231
8 294
6 22
4 309
13 267
2 227
8 234
2 135
11 145
12 166
3 119
4 218
11 79
10 125
3 223
9 47
7 294
7 67
10 249
3 288
4 245
1 166
3 2
13 260
11 130
6 2
5 153
4 200
8 213
5 126
9 203
3 106
10 177
3 128
9 167
5 265
2 249
13 227
5 89
5 227
2 202
3 307
1 238
8 315
6 217
4 249
11 213
2 24
11 174
9 285
9 48
2 279
5 131
3 153
5 198
4 197
6 132
4 172
12 22
7 95
4 255
5 298
10 133
10 126
12 143
2 41
8 148
5 51
12 189
13 181
4 92
13 90
7 185
9 40
13 250
9 91
13 97
9 264
10 159
7 307
13 48
3 106
6 203
4 115
10 206
11 95
13 176
8 17
8 313
13 203
4 325
2 20
4 47
8 260
2 61
7 192
4 207
7 41
11 284
8 56
5 149
4 17
3 290
11 268
11 40
12 290
6 30
5 60
9 244
7 49
13 317
11 101
9 102
7 202
3 151
5 42
10 117
6 305
11 319
10 115
10 179
6 268
8 174
4 294
1 35
8 19
9 323
8 50
9 321
3 245
10 260
10 151
12 273
10 180
5 86
6 193
6 243
6 271
4 131
8 209
6 321
3 137
12 83
12 140
6 85
1 226
7 22
10 28
10 54
7 127
12 225
1 16
4 153
11 50
13 56
10 282
12 175
11 307
7 164
5 196
7 205
9 253
10 185
5 58
5 245
1 107
7 66
7 318
1 265
7 245
11 164
13 124
13 291
4 228
9 49
3 51
6 238
8 2
13 104
5 63
13 71
11 263
13 172
12 297
13 110
9 299
13 270
4 318
5 146
2 257
6 191
9 186
10 184
12 180
11 114
8 287
7 265
11 172
5 47
11 53
9 225
3 15
13 72
10 295
6 318
10 32
2 146
3 116
4 226
11 312
6 72
13 145
10 185
8 183
8 75
6 245
6 288
9 202
4 183
11 90
11 222
10 148
11 93
10 142
5 233
11 277
3 304
6 242
3 206
3 198
9 112
10 187
13 177
11 251
6 46
9 157
5 306
2 100
5 299
7 246
8 212
5 175
3 162
6 301
1 124
3 300
13 70
10 190
7 14
6 15
2 113
7 218
1 45
9 246
11 70
6 47
4 5
11 45
10 127
1 103
7 110
7 144
8 235
13 119
2 173
2 78
2 241
4 141
2 316
8 76
12 194
11 67
3 185
6 212
10 8
6 51
2 199
13 39
13 55
8 148
4 319
7 225
3 257
9 176
5 265
3 226
11 267
2 66
2 42
5 116
6 77
9 70
10 240
5 106
1 301
9 166
3 98
10 161
4 271
3 96
13 264
1 234
2 127
1 12
8 293
13 102
3 270
10 45
4 22
13 81
2 85
2 26
11 44
4 8
3 159
10 267
3 75
3 207
4 291
6 78
7 276
8 63
1 126
8 114
5 170
3 139
6 322
8 238
4 96
5 158
2 147
12 181
13 111
3 8
6 44
2 47
1 10
10 205
5 0
8 312
7 247
8 2
2 310
1 228
2 305
6 148
7 112
12 216
10 201
9 167
1 193
3 30
2 73
1 28
5 204
13 308
8 31
7 103
5 272
2 45
5 321
4 65
7 270
7 290
13 271
13 35
1 278
1 94
7 98
10 225
10 210
7 182
11 190
8 151
5 128
8 160
9 34
12 221
2 189
7 297
13 19
1 282
8 179
5 221
5 275
5 278
10 100
5 106
3 274
1 43
2 18
12 25
4 105
3 281