200
0.29 0.92 0.67 1.0 0.8
3 103
11 53
8 120
9 64
9 56
6 51
3 109
11 1
4 29
8 50
5 16
10 146
10 78
11 146
10 13
5 17
9 47
4 23
1 57
7 57
3 126
9 117
8 74
11 119
1 96
6 19
1 111
8 42
7 58
9 94
1 49
7 33
5 17
8 3
12 118
1 28
6 12
5 79
6 16
5 12
9 132
10 103
1 105
9 32
3 62
3 134
8 50
4 133
5 118
10 45
11 133
5 104
3 89
6 135
2 63
9 90
1 19
6 143
3 14
1 130
5 80
3 78
12 108
5 116
2 82
5 142
3 68
9 2
1 113
6 1
11 109
11 36
10 29
7 108
10 70
1 94
5 53
11 139
9 14
6 145
3 33
11 55
7 133
3 142
12 135
1 129
4 56
7 52
12 132
1 26
7 68
6 121
11 131
9 141
3 3
4 69
10 80
3 132
8 24
9 106
5 123
7 39
1 120
1 28
11 1
1 97
6 99
7 60
3 70
8 84
9 101
9 28
12 5
1 119
2 13
9 76
5 142
8 47
8 76
8 114
9 12
6 92
10 54
6 6
4 25
9 147
5 77
9 72
10 5
2 132
7 112
1 135
6 104
9 105
2 0
11 60
4 113
9 2
1 117
8 110
11 45
10 91
10 127
1 25
6 95
4 54
11 15
3 21
3 70
2 104
8 57
5 142
2 57
12 127
3 30
9 111
6 46
5 40
6 59
11 15
9 124
7 84
5 116
3 74
5 89
2 122
12 111
8 139
4 36
10 120
7 50
10 59
5 123
9 114
1 9
6 24
2 47
9 134
10 40
12 93
5 134
5 22
6 89
1 147
1 123
8 3
4 14
6 81
10 11
7 71
6 125
5 17
1 2
6 79
4 41
2 122
11 31
6 73
8 102
3 144