300
1.0 0.91 0.95 0.47 0.38
1 151
11 159
2 80
1 124
10 25
1 108
5 120
4 148
6 39
11 99
8 120
7 41
12 186
8 89
9 22
4 32
10 200
10 160
6 93
4 24
3 36
8 186
12 3
10 68
12 74
8 67
2 188
3 14
12 180
1 51
1 78
9 55
8 184
7 83
1 1
1 37
7 121
2 176
9 154
11 196
3 221
3 165
1 214
5 103
7 111
6 183
2 221
6 184
4 7
4 82
2 24
7 90
2 57
10 44
12 77
4 161
1 126
5 217
6 82
7 175
8 5
12 144
11 156
5 116
10 105
12 145
12 92
3 23
11 208
7 210
9 75
10 78
6 207
5 118
9 120
12 197
3 44
1 205
11 191
4 221
2 26
6 38
8 97
2 7
3 87
4 113
9 176
5 117
11 100
4 25
7 36
7 161
3 38
4 131
1 184
5 84
2 29
8 69
6 202
1 17
1 204
9 180
6 192
9 98
9 165
6 72
9 212
10 5
3 6
7 167
9 50
9 190
12 186
4 200
7 169
5 161
12 27
9 26
1 11
10 49
8 175
4 101
6 29
9 55
9 195
9 80
12 33
9 121
12 85
9 190
10 121
12 58
1 57
9 212
5 62
8 200
7 110
12 113
5 218
10 131
10 93
1 30
8 131
10 211
2 153
1 88
2 9
8 5
12 207
5 120
9 188
12 137
6 142
5 165
12 66
10 138
10 16
1 94
5 48
2 120
5 81
4 17
3 221
10 116
11 96
2 183
6 179
3 205
9 68
3 107
3 129
3 197
7 129
12 160
6 4
9 0
12 158
12 221
2 209
5 158
10 129
11 214
11 62
10 114
4 106
6 186
8 41
9 128
5 212
8 77
7 197
10 146
6 110
2 171
1 8
11 154
3 193
2 157
2 218
1 128
10 104
5 125
10 1
2 172
5 29
3 95
11 211
8 29
8 216
10 205
3 216
7 156
7 190
1 4
9 134
12 58
10 212
1 39
3 54
5 81
7 107
11 91
5 65
3 116
8 153
5 87
1 80
6 134
10 154
9 119
6 193
5 111
5 180
10 213
5 191
4 123
4 185
4 64
10 126
2 31
5 190
11 170
2 78
9 154
8 141
6 82
7 159
5 77
5 142
8 169
8 152
2 100
8 216
12 162
2 150
2 7
4 63
6 44
1 106
3 213
7 182
1 105
12 182
12 124
5 157
11 4
4 124
11 113
1 142
11 173
12 166
4 1
8 78
8 168
11 220
4 46
12 51
4 208
6 69
11 171
9 165
5 137
11 149
8 194
5 121
1 101
12 145
1 80
3 191
12 192
2 14
2 168
5 80
11 141
3 8
12 111
11 126
11 216
2 26
2 189