21.4
59.9
34.1
65.2
76.2
74.5
116.8
124.4
178.2
117.4
9.5
12.6
14.0
18.3
22.3
23.4
26.2
29.4
32.3
34.5
11.4
44.8
95.2
182.3
284.3
429.8
573.5
752.2
947.3
1166.4
129.1
673.4
134.4
1127.3
1663.4
1385.9
2446.1
2574.0
2495.3
3192.6
458.1
1664.6
1473.5
1308.9
3037.6
2682.0
2923.2
5622.9
3462.1
4126.6
245.9
480.4
660.4
636.7
1010.1
1227.8
1871.1
1822.9
1945.8
1993.2
25684.2
96937.6
231622.6
493696.1
817736.3
887956.4
1281211.5
1442653.1
2021182.0
2760114.5
31.3
47.0
64.7
57.8
149.1
458.4
543.2
658.0
669.6
564.6
156.2
630.9
1249.4
2195.5
3247.9
4982.6
7067.6
8598.0
10711.5
13839.5
31.0
52.0
82.9
65.5
84.3
91.4
201.4
76.2
113.9
248.4
405.3
599.4
941.2
1263.5
1266.4
1501.5
1845.8
2321.9
2703.8
2415.0
169.0
765.6
2187.3
3006.2
6537.0
8915.4
10956.4
10708.8
12912.5
20064.2