24.0
67.5
35.7
68.5
84.5
87.1
127.6
150.5
222.3
135.9
61.4
148.4
268.3
388.2
571.4
718.3
834.4
911.8
996.5
1203.0
26.2
73.1
138.2
239.6
354.1
511.3
655.4
840.9
1038.0
1260.9
154.2
721.0
141.8
1289.1
1918.8
1522.3
2899.4
3021.4
2882.5
3539.0
914.3
3466.3
2493.1
2431.1
5775.9
5006.8
5317.9
10298.7
6285.7
7872.9
252.7
508.5
685.6
659.3
1070.5
1266.8
1940.1
1960.5
2067.5
2114.2
25663.1
97053.0
231881.8
493895.8
817701.9
888162.9
1281339.8
1443116.5
2021596.2
2760686.6
73.1
158.8
239.8
307.5
447.7
826.9
957.4
1073.7
1219.1
1207.2
168.1
678.7
1263.3
2228.9
3291.5
5052.6
7160.3
8700.3
10840.9
14012.8
43.5
91.7
139.3
154.0
177.3
227.8
327.7
300.5
308.2
454.3
429.8
635.1
984.5
1333.5
1358.2
1593.7
1996.7
2422.3
2831.3
2611.9
459.0
1280.8
3080.8
4211.3
7966.9
10277.9
12797.6
12902.2
15465.3
22301.3