22.8
60.6
34.6
69.0
76.4
74.0
116.2
124.3
177.6
120.4
10.1
12.0
12.7
17.7
21.7
22.5
25.2
28.6
31.4
34.2
11.9
44.6
95.5
182.4
285.6
431.6
575.9
753.4
948.7
1168.7
131.2
690.6
139.5
1131.5
1664.4
1387.7
2452.9
2570.8
2497.5
3198.4
648.4
1705.4
1508.0
1370.5
3222.9
2823.3
2984.5
5767.3
3594.9
4201.9
266.5
502.2
692.5
672.1
1028.8
1260.9
1906.3
1850.9
1966.7
2016.6
26495.1
99038.0
234271.8
496066.0
821127.6
898279.2
1288447.6
1461061.4
2036721.8
2768341.0
31.3
46.7
64.7
57.8
149.2
458.4
543.8
658.0
669.2
564.2
160.6
636.8
1270.4
2216.8
3313.3
5037.5
7123.0
8699.8
10852.0
13977.8
32.3
51.8
82.5
65.2
82.4
90.9
201.4
75.6
113.3
247.3
419.5
620.2
955.8
1288.3
1287.2
1514.0
1857.6
2330.8
2715.3
2422.4
180.4
753.8
2194.9
3027.4
6547.5
8934.5
11021.2
10773.1
12959.5
20134.2