33.9
125.7
78.2
196.1
247.0
245.1
288.0
341.6
440.0
383.3
11.7
14.0
16.0
33.2
34.7
33.1
34.2
40.4
43.7
46.8
29.5
104.6
227.3
495.8
724.6
1064.4
1419.7
1836.5
2466.5
2951.9
214.9
1235.9
320.0
2239.7
3291.4
3165.4
5805.9
6313.1
5875.7
7081.2
2109.2
6485.3
4158.1
5261.7
11511.8
9642.9
11830.9
24388.3
16860.3
14700.7
342.7
705.5
1047.9
1310.2
1819.9
2262.0
3233.7
3238.7
3529.7
3765.9
40671.8
174416.4
455063.3
1158496.4
1439724.8
1498828.0
1710907.4
1997828.5
2913677.3
5956823.0
40.5
80.2
89.6
76.5
273.3
660.1
849.5
945.2
972.8
1019.9
321.4
1489.1
2911.4
5580.8
8572.7
13763.8
19565.0
24545.4
30626.5
41113.3
52.9
75.9
218.6
159.9
158.1
143.2
389.4
134.5
184.7
496.6
519.1
889.3
1344.7
1882.0
1929.4
2260.3
2617.1
3429.7
4020.9
3690.8
396.1
1608.2
3280.9
7705.3
9975.7
17937.8
19911.1
15633.1
19990.0
30085.6