24.2
79.4
48.4
90.6
107.6
117.9
160.8
195.3
261.8
198.9
12.2
14.6
15.9
23.0
29.8
32.0
36.9
43.0
47.9
52.9
13.8
56.8
111.7
209.9
324.0
479.8
640.1
831.3
1041.1
1283.0
143.8
686.9
147.7
1245.1
1879.5
1511.7
2753.9
2960.7
2898.3
3631.7
484.0
1997.4
1895.5
1770.3
4740.9
3948.2
4008.3
9876.3
5568.0
5830.7
250.0
491.3
677.7
657.2
1056.3
1282.6
1956.0
1926.6
2061.4
2114.3
25786.7
97082.4
231613.3
493816.1
817671.3
888127.6
1281265.8
1442730.3
2021292.5
2760171.0
34.0
55.7
80.3
71.2
189.6
609.3
736.1
858.5
913.4
792.5
161.2
644.6
1267.1
2223.8
3288.1
5059.1
7163.7
8673.2
10787.9
13926.3
34.0
63.8
107.4
94.9
126.9
131.7
273.2
114.8
179.4
348.4
412.8
629.8
999.4
1320.1
1341.2
1613.7
1972.6
2485.9
2878.6
2634.2
207.5
939.2
2639.2
3676.8
7403.6
9975.9
12290.8
12288.2
14749.2
22221.6