400
0.25 0.45 0.55 0.90 1.00
468 0
99 68
584 69
263 253
370 330
423 431
554 541
493 656
611 746
411 969
142 1096
226 1206
50 1247
138 1255
129 1321
218 1418
100 1540
93 1563
56 1595
296 1647
270 1728
127 1767
196 1791
183 1868
60 1935
129 1939
258 1986
310 2028
66 2041
285 2045
28 2222
327 2228
57 2351
214 2392
346 2420
653 2613
3077 3044
1767 5876
273 7427
61 7643
48 7700
79 7704
37 7748
64 7783
62 7785
75 7847
54 7847
76 7922
33 7901
31 7998
462 8023
1382 8373
163 9394
265 9564
2596 9741
1487 11195
2145 11982
1772 13065
68 14127
60 14837
48 14195
71 14897
40 14243
65 14968
32 14283
78 15033
63 14315
75 15111
46 14378
78 15186
77 14424
53 15264
31 14501
54 15317
39 14532
70 15371
44 14571
38 15441
51 14615
49 15479
2426 0
387 2869
1282 3116
1408 4087
1596 5052
195 5911
199 6071
2446 6293
3024 8199
901 9827
1123 10346
909 11412
2109 12249
39 12321
77 14358
66 12360
45 14435
77 12426
75 14480
38 12503
45 14555
822 14671
534 15271
1048 15602
1579 16370
876 17445
1735 18288
2028 19689
656 20758
504 21611
50 21414
71 22115
37 21464
31 22186
70 21501
72 22217
67 21571
51 22289
39 21638
58 22340
150 22466
242 22480
301 22643
86 22761
129 22820
85 22856
42 22870
239 22877
132 23024
176 23050
134 23144
126 23192
68 23220
114 23255
41 23288
31 23369
67 23329
55 23400
60 23396
61 23455
62 23456
51 23516
43 23518
53 23567
574 23906
525 24084
207 24144
547 24216
94 24224
332 24230
409 24363
50 24494
36 24518
256 24549
418 24549
411 24587
188 24731
159 24815
626 24856
527 24922
63 0
77 0
68 63
50 77
31 131
35 127
67 162
39 162
530 288
1151 617
2010 1833
2807 3478
348 4976
1285 5211
3069 6531
150 10720
2190 10858
30 10868
27 10875
23 10885
27 10894
10 10902
10 10912
21 10912
24 10913
31 10923
281 10962
200 10992
171 11082
258 11134
41 11317
243 11338
70 11358
40 11581
46 11428
71 11621
78 11474
77 11692
155 11826
248 11899
70 11911
127 11911
242 12025
256 12189
266 12280
168 12292
18 12292
31 12299
13 12307
29 12317
18 12318
24 12328
23 12337
22 12338
63 12360
47 12360
41 12423
39 12407
36 12464
49 12729
232 12735
294 12883
284 12892
150 12970
60 13013
256 13023
291 13133
73 13279
79 13424
70 13352
33 13503
32 13422
66 13536
39 13454
27 13463
14 13464
24 13473
21 13475
16 13481
22 13482
46 0
59 0
59 46
51 59
53 105
57 110
33 158
57 167
50 191
72 224
49 241
58 296
52 290
52 354
77 342
69 406
32 419
76 475
77 451
33 551
32 528
37 584
50 560
46 621
34 610
43 667
40 644
38 710
38 684
36 748
53 722
38 784
35 775
68 822
219 1729
84 1813
436 1843
219 1900
60 1994
141 2024
442 2028
164 2035
1118 2161
2846 3245
2114 5739
2532 7604
1680 9846
286 11087
1137 11270
1196 12056
1813 12821
2688 14423
2453 16126
1050 19011
2761 19802
1184 22386
1463 23164
316 23923
1229 24125
1897 25727
2239 27163
1418 28849
2593 29810
2093 31741
1368 33014
2670 33961
2856 35703
1784 39434
906 40621
2297 41240
1139 42526
714 43391
2033 43775
514 45716
1362 46045
1607 46751
2811 47619
853 49878
2930 50460
2187 53522
27 0
30 7
16 17
24 27
14 37
31 41
2813 268
396 4242
1407 4475
749 5451
409 6017
29 6027
19 6030
28 6030
30 6038
14 6048
28 6055
74 6062
72 6083
31 6136
72 6155
25 6159
11 6165
21 6174
17 6176
13 6180
1860 6217
1770 7738
2326 9570
2771 10922
2615 12588
274 15865
270 15871
102 16011
57 16086
32 16113
30 16123
75 16145
34 16153
78 16220
52 16187
79 16298
48 16239
49 16377
342 16387
539 16468
169 16602
513 16662
492 16692
74 16695
452 16719
241 16865
85 16888
610 16895
59 16978
407 16981
449 17012
95 17031
77 17074
522 17086
216 17101
219 17160
22 17166
20 17169
16 17177
23 17178
25 17183
12 17187
17 17196
31 17200
28 17209
20 17217
29 17224
29 17226
25 17233
22 17233
15 17241
14 17244
11 17246
29 17247