200
0.25 0.45 0.55 0.90 1.00
76 0
32 0
33 48
123 79
45 81
73 202
44 126
75 275
51 170
48 350
62 488
394 516
373 645
1837 844
1304 1872
2513 3230
1076 4928
1969 5656
1000 6656
1231 7704
2917 8838
462 11467
285 11711
249 11861
111 12021
62 12043
104 12058
26 12058
25 12059
18 12060
11 12061
14 12064
14 12068
11 12068
18 12078
10 12079
30 12089
29 12090
29 12094
15 12100
443 0
257 28
228 134
138 165
283 166
570 205
277 318
595 412
47 595
72 1007
62 642
77 1079
176 1632
138 1694
141 1732
37 1818
155 1836
479 1892
546 2041
112 2044
64 2587
64 2156
162 2202
613 2223
48 2360
179 2383
355 2421
308 2448
272 2507
223 2591
113 2603
15 2603
21 2609
22 2613
16 2616
517 2676
535 2853
305 2960
356 3035
153 3137
16 3
25 6
31 8
29 15
22 20
27 24
24 32
26 32
25 41
15 51
569 58
248 100
454 178
452 347
588 470
389 649
304 695
19 704
15 710
27 710
11 712
12 720
485 730
450 915
550 919
234 975
1883 1110
1747 2839
1173 4657
1312 5269
1405 6378
2195 7243
557 8456
2223 9103
1559 10675
1606 11922
58 13331
2656 13374
2278 15670
350 16961
2703 0
158 1507
243 1605
2528 1736
2366 3411
40 4264
72 5777
38 4304
46 5849
1023 6273
163 7031
959 7181
32 7575
458 7606
598 7628
21 7631
10 7641
15 7651
2822 7665
379 9722
1814 10021
1217 12062
1018 13032
2305 13743
2967 14911
107 16759
470 16821
67 16996
256 17011
150 17039
105 17110
451 17128
151 17274
361 17274
594 17401
206 17560
522 17591
250 17738
547 17787
279 17800
3148 0
1974 1888
172 4201
3071 4327
896 6866
1726 7421
2994 8610
603 10026
390 10061
431 10083
393 10134
542 10255
293 10271
630 10337
96 10494
101 10504
571 10547
106 10579
115 10621
59 10626
320 10633
140 10740
283 10839
67 11026
245 11052
88 11063
212 11068
75 11151
59 11280
72 11226
59 11339
76 11298
43 11398
49 11374
61 11441
71 11423
55 11502
73 11494
77 11557
66 11567