450
0.25 0.45 0.55 0.90 1.00
19 3
18 13
20 23
28 28
17 35
14 38
14 44
30 48
24 49
429 269
42 541
566 563
2850 1000
1684 3278
2324 4670
324 5929
752 6334
253 6986
1421 7239
2981 8605
93 10196
1132 10246
1305 11038
2809 12293
351 14330
1245 14511
264 14928
376 15021
89 15138
569 15177
31 15320
605 15323
2372 15663
2111 17350
2350 19863
1699 22061
374 22939
1678 23331
2027 24391
26 24392
23 24394
10 24396
25 24399
14 24402
27 24406
19 24409
12 24419
13 24424
88 24455
252 24506
33 24580
63 24597
82 24618
49 24647
201 24685
224 24689
67 24787
66 24913
39 24854
52 24979
70 24893
70 25031
63 24963
31 24966
26 24970
26 24978
27 24986
21 24994
25 25004
20 25006
19 25007
59 25026
70 25026
60 25085
71 25096
70 25145
56 25167
61 25215
43 25223
35 25276
74 25266
51 25311
32 25340
34 25362
79 25372
44 25396
66 25451
52 25440
54 25517
51 25492
145 0
212 23
190 192
38 216
134 224
105 252
224 299
234 455
32 493
233 501
162 547
237 605
229 729
210 795
118 837
298 895
223 920
232 942
187 1028
103 1049
294 1057
311 1114
174 1221
253 1342
74 1427
174 1479
209 1540
48 1622
39 1639
171 1665
76 1687
80 1696
171 1727
191 1778
148 1825
72 1893
261 1908
26 2092
177 2096
214 2143
289 2269
302 2319
29 2398
263 2414
601 2432
368 2547
518 2613
569 2746
324 2947
559 3050
220 3078
391 3149
599 3184
429 3331
209 3337
300 3366
192 3469
343 3474
143 3625
162 3702
155 3843
295 3908
304 3921
200 3923
181 3957
161 4040
250 4041
54 4168
315 4199
66 4347
76 4392
140 4418
595 4456
375 4669
475 4701
321 4718
71 4826
512 4850
567 4996
438 5072
596 5159
556 5247
432 5252
118 5305
549 5333
626 5400
413 5598
376 5689
173 5784
472 5812
27 1
16 4
10 9
13 10
21 12
19 21
11 26
70 40
47 37
75 110
78 84
54 185
79 162
146 304
243 356
56 391
118 403
92 414
112 466
1383 527
1367 1345
1279 2153
726 2974
2363 3542
523 4949
1394 5226
1649 6058
10 6068
26 6068
31 6077
13 6078
12 6085
16 6093
22 6101
19 6107
804 6168
468 7211
883 7527
861 8526
2073 9007
2405 10294
2738 12783
19 12793
20 12796
29 12805
26 12812
21 12821
19 12827
11 12827
23 12834
1760 12986
2100 14385
1426 15597
2393 16438
28 16438
14 16441
13 16441
15 16450
17 16455
20 16455
24 16455
30 16455
77 16479
54 16485
55 16556
57 16539
35 16611
56 16596
64 16646
51 16652
43 16710
46 16703
62 16753
310 17733
83 17878
157 17920
230 18012
282 18081
217 18277
41 18333
33 18494
55 18374
75 18527
67 18429
46 18602
64 18496
77 18648
50 18560
145 18941
113 18960
66 18989
310 19000
138 19055
230 19111
142 19127
15 6
20 10
14 14
18 21
11 30
29 35
30 38
12 42
24 48
14 50
28 55
19 57
25 67
22 70
28 79
31 82
564 202
520 203
487 260
608 285
213 345
45 351
622 375
583 408
1693 718
2510 1962
2161 4124
2579 6629
2900 8866
166 9506
308 9562
320 9651
618 9745
198 9931
119 9954
138 10007
42 10040
118 10058
98 10108
59 10186
18 10193
23 10197
27 10204
19 10214
12 10222
301 10239
137 10269
226 10383
258 10396
159 10487
207 10608
79 10740
78 10815
59 10819
67 10893
60 10878
50 10960
1310 11564
2564 12521
2714 14549
927 16045
128 16870
3042 16985
262 19006
1035 19183
3145 20513
357 22923
3152 23188
1920 25482
1223 26814
1964 27586
219 27614
308 27668
84 27893
158 27913
128 27967
111 27974
28 27979
24 27988
29 27991
30 27994
74 28020
51 28024
39 28094
72 28075
79 28133
43 28147
55 28212
37 28190
48 28267
2506 0
1614 2928
319 5031
2364 5234
1361 7411
2755 8313
2912 10081
1207 12130
2648 13139
51 13337
40 15787
60 13388
37 15827
51 13448
50 15864
50 13499
1111 13762
2588 14331
1734 17489
419 18611
1854 18868
2409 20609
2909 22218
756 23825
2404 24356
3006 25670
2131 28724
803 30325
2998 31127
2479 34840
916 37160
1481 37794
177 38893
2368 39019
1658 40461
1225 41925
1098 42775
2726 44025
263 46735
579 47066
1502 47559
578 49147
65 49061
55 49725
71 49126
39 49780
70 49197
52 49819
31 49267
43 49871
139 50445
196 50539
136 50684
130 50745
239 50809
315 50890
82 51090
159 51132
169 51257
79 51291
63 51426
35 51370
46 51489
35 51405
64 51535
55 51440
68 51599
37 51495
75 51667
50 51532
76 51742
42 51582
76 51818
33 51624
64 51894
17 51902
14 51911
29 51916
15 51917
28 51925
20 51929
25 51931
19 51940
21 51943
29 51953
1106 52199
1886 52971
980 54437
1081 55401
2598 56715