350
0.25 0.45 0.55 0.90 1.00
96 0
156 10
71 28
229 32
21 40
12 49
54 61
67 61
75 115
56 128
2331 468
281 2260
1300 2500
397 3262
296 3282
140 3393
422 3463
3139 3696
2501 5656
2221 7439
1581 9619
28 9627
18 9633
10 9640
28 9650
24 9650
11 9654
114 9681
1969 9749
2633 10812
227 13511
1383 13747
139 15322
304 15351
102 15535
187 15601
310 15685
17 15690
16 15694
18 15702
15 15702
23 15704
25 15708
14 15708
10 15710
36 15722
36 15720
52 15758
76 15756
218 15957
537 16002
435 16096
699 16336
1263 17092
1193 18019
77 18355
59 19212
41 18432
72 19271
43 18473
63 19343
74 18516
36 19406
73 18590
78 19442
44 18663
42 19520
54 18707
77 19562
32 18761
2178 0
176 1390
612 1532
126 1849
1725 1918
840 3205
3123 3897
109 5663
1738 5747
41 5772
37 7485
52 5813
72 7522
54 5865
45 7594
44 5919
73 7639
64 5963
45 7712
72 6027
33 7757
30 7765
30 7769
25 7772
21 7773
588 7832
562 8002
310 8152
331 8177
52 8462
59 8508
42 8514
72 8567
42 8556
52 8639
65 8598
77 8691
3011 8731
2219 10550
1709 11978
31 12769
74 13687
62 12800
71 13761
190 14274
160 14393
102 14513
231 14562
177 14666
96 14769
83 14854
20 14857
21 14866
25 14873
15 14875
25 14876
26 14876
1016 15014
1417 15912
1970 16898
267 18186
217 18226
50 18261
258 18288
59 18396
198 18420
149 18468
242 18521
284 18604
120 18660
238 0
140 56
35 85
84 103
36 108
304 135
78 281
1712 321
2979 2385
2522 5622
518 7071
3066 7426
1208 9657
2463 10448
513 11831
191 11917
531 11954
233 12116
432 12121
210 12135
214 12152
203 12217
585 12248
30 12249
27 12249
22 12249
22 12249
210 12376
236 12578
232 12715
152 12806
262 12888
181 13014
83 13131
132 13170
250 13185
266 13352
302 13461
173 13585
34 13763
56 13758
47 13797
65 13814
36 13844
13 13849
16 13852
29 13859
14 13868
29 13869
242 13981
297 14084
203 14117
187 14221
309 14299
200 14463
89 14610
294 14643
315 14645
220 14798
202 14880
195 14919
299 14978
630 14986
46 15174
254 15200
64 15264
578 15311
336 15349
85 15461
26 15507
17 7
13 14
43 24
50 27
53 67
59 77
69 120
41 136
198 146
25 160
406 180
450 312
266 522
242 547
292 634
166 848
182 853
58 1014
45 1035
39 1072
48 1080
42 1111
71 1128
15 1130
20 1139
10 1149
188 1176
565 1206
2919 1492
2845 3973
1353 6345
2431 7219
2780 9830
622 12472
379 12873
199 12939
214 12951
85 13042
28 13051
233 13055
38 13141
307 13156
45 13179
37 13463
45 13224
51 13500
39 13269
54 13551
235 13694
270 13772
423 13865
543 13880
309 13948
337 13992
376 14047
238 14131
158 14244
108 14267
196 14303
22 14313
17 14316
13 14322
26 14330
17 14336
601 14353
542 14363
225 14472
91 14567
333 14568
500 14704
77 0
56 0
76 77
64 56
73 153
70 120
60 226
61 190
79 286
54 251
50 365
77 305
47 415
37 382
78 462
33 419
41 540
62 452
37 581
39 514
57 618
54 553
46 675
42 607
39 721
51 649
44 760
38 700
33 804
39 738
230 1058
34 1072
274 1091
270 1185
312 1325
278 1485
27 1488
21 1497
19 1507
24 1511
26 1519
29 1521
17 1529
27 1529
10 1536
24 1543
25 1553
29 1558
15 1558
24 1564
22 1570
20 1572
205 1630
259 1676
59 1781
164 1781
142 1886
202 1900
21 1900
12 1906
10 1911
26 1914
12 1919
27 1922
25 1928
16 1930
14 1933
29 1934
30 1940
28 1945