250
0.25 0.45 0.55 0.90 1.00
257 0
413 29
322 29
72 210
243 252
276 383
62 407
34 659
36 469
235 497
302 559
35 698
110 709
281 799
252 812
2234 985
2020 2973
370 4163
2417 4421
1315 5901
19 7323
11 7333
31 7343
12 7346
30 7350
3056 7366
995 9424
2259 10353
2348 12653
2068 15370
232 17105
61 17438
40 17337
50 17499
28 17500
21 17504
13 17512
12 17520
34 17525
77 17532
49 17559
54 17609
70 17608
69 17663
72 17678
73 17732
56 17750
79 17805
78 17806
47 17884
1848 0
1931 2500
451 3286
66 3418
206 3439
227 3496
1574 3618
2385 4842
15 4851
23 4852
10 4857
24 4867
54 4867
43 4891
40 4921
65 4934
2127 5126
2257 6898
26 6898
19 6907
21 6910
29 6913
46 6931
66 6942
1123 8394
306 8998
1087 9152
77 10168
287 10191
192 10242
218 10325
2772 10456
279 12261
353 12408
340 12610
134 13058
3004 13155
654 14928
1794 15407
1191 16563
1353 17522
2588 18550
571 22105
3066 22617
1912 24479
300 26488
2120 26692
1488 28743
1428 29613
2448 30850
117 0
508 59
262 64
547 133
148 205
151 265
195 356
119 423
276 483
63 712
255 724
379 780
274 924
630 1045
2733 1369
1461 3520
2121 4413
285 6500
105 6621
221 6642
305 6657
123 6790
61 6962
46 6913
50 7023
75 6959
31 7073
39 7034
56 7104
59 7073
66 7160
42 7132
61 7226
39 7174
68 7287
60 7213
24 7214
12 7216
11 7222
1802 7255
767 9093
2353 9992
2158 11275
848 12714
1705 13295
573 14221
2971 14758
3140 17160
970 20903
2022 22114
59 0
35 0
52 59
542 157
554 354
133 420
447 469
10 471
12 473
29 474
28 480
11 480
19 487
32 491
36 506
13 513
29 513
73 526
56 542
79 599
31 598
33 678
77 629
2301 1293
2288 3337
1381 5760
2077 7452
234 9229
1192 9420
318 9707
569 9832
2283 10152
77 12078
247 12123
389 12153
243 12312
439 12364
300 12365
451 12421
30 12424
31 12428
19 12428
15 12433
13 12434
22 12436
267 12571
116 12764
233 12808
271 12869
240 13005
14 9
25 14
14 21
12 29
26 37
18 43
347 44
616 143
480 239
265 253
88 274
35 518
72 362
32 553
52 434
59 691
479 724
177 859
201 871
32 953
164 984
63 985
74 1148
162 3615
158 3637
160 3661
127 3681
115 3693
256 3694
26 3696
17 3705
18 3712
21 3714
17 3718
16 3722
2264 3739
1639 5451
782 7040
87 7619
113 7674
43 7705
181 7710
151 7789
255 7794
179 7860
198 7935
94 8038
466 8065
102 8223
466 8243