300
0.25 0.45 0.55 0.90 1.00
31 1
13 4
25 6
19 6
20 16
156 48
185 107
178 285
92 332
175 354
272 375
126 499
211 522
67 625
39 733
39 692
35 772
40 731
52 807
611 858
2993 1188
2656 4440
167 6137
368 6237
1351 6553
905 7229
63 7904
75 8134
73 7967
78 8209
59 8040
66 8287
33 8099
36 8353
61 8132
41 8389
44 8193
58 8430
20 8432
25 8432
28 8432
23 8435
23 8436
31 8437
24 8446
31 8447
466 8757
565 8790
372 8840
74 8844
25 8847
24 8849
17 8859
29 8863
22 8869
21 8872
17 8876
22 8882
20 8882
24 8882
1340 0
2600 1475
3058 3087
276 5714
309 5715
173 5803
221 5840
52 5894
221 5932
1811 6070
3103 7825
374 9756
3082 10094
86 12730
15 12736
18 12744
59 12751
57 12762
597 12998
1325 13325
204 14284
2075 14462
2418 16176
2349 17908
230 18968
403 18999
564 19014
64 19038
295 19046
368 19049
113 19110
139 19150
114 19155
187 19234
285 19334
284 19529
196 19632
221 19659
23 19664
13 19672
17 19675
16 19684
1310 19696
545 20625
1692 20936
2330 22377
74 24267
488 24303
56 24333
173 24356
60 24388
144 24406
281 24486
81 24619
313 24651
198 24777
23 24785
152 24793
67 24847
29 24871
21 2
22 9
21 16
28 17
16 23
28 29
26 38
36 57
51 64
40 93
629 410
509 568
66 575
330 632
1668 953
810 2322
74 2621
53 3132
24 3135
10 3142
282 3147
312 3157
253 3203
146 3389
264 3476
152 3600
439 3614
105 3644
353 3681
386 3789
222 3846
236 3874
658 4033
1735 4742
1314 6067
1083 6994
34 7381
62 8077
32 7415
21 7425
14 7428
48 7446
63 7442
50 7494
728 7548
199 8018
1968 8273
3037 10163
2058 13829
98 16379
1206 16476
2201 17476
2207 18808
1170 20705
3154 21532
863 23652
2371 24653
236 26312
796 26491
1845 27106
48 0
46 0
79 48
61 46
37 127
65 107
34 164
53 172
64 198
71 225
62 262
63 296
67 324
75 359
69 391
30 394
11 403
14 410
30 419
27 429
21 437
223 444
138 494
61 532
312 575
202 672
194 716
216 756
187 881
387 935
559 946
528 1136
281 1297
358 1418
229 1636
193 1725
251 1900
268 1925
142 1970
226 2050
92 2063
164 2073
61 2081
133 2114
42 2214
252 2238
214 2340
94 2412
212 2438
169 2594
442 2596
209 2735
499 2818
242 2848
37 3317
42 3090
70 3354
38 3132
33 3424
33 3170
73 3457
69 3203
26 7
28 9
374 95
173 174
476 245
542 367
93 630
157 652
240 704
91 916
127 938
126 1022
236 1073
197 1075
187 1225
13 1230
19 1240
26 1247
13 1252
210 1271
91 1355
244 1381
18 1389
15 1389
10 1398
19 1405
122 1518
169 1532
158 1604
150 1613
81 1677
54 1681
1762 1715
366 3348
2026 3685
133 5032
2024 5128
727 7166
37 7152
37 7893
33 7189
32 7930
32 7222
499 7458
2896 7929
968 11455
1220 11979
162 12610
24 12618
115 12631
236 12699
110 12708
134 12769
2004 12841
1986 13887
785 16156
104 16633
58 16649
466 16652
569 16712