500
0.25 0.45 0.55 0.90 1.00
75 0
79 0
59 75
35 79
40 134
52 114
57 174
73 166
62 231
53 239
23 239
20 240
29 243
16 244
24 253
15 262
20 267
15 275
27 278
29 282
21 288
28 293
10 295
16 303
1690 328
501 1693
1518 2229
2817 3222
827 4637
3015 5358
1860 7135
1868 9452
1075 11853
1998 12888
1663 14368
1357 15846
2546 16563
231 16844
128 16846
121 16864
78 16926
182 16955
289 17009
157 17113
211 17168
272 17173
92 17257
223 17284
156 17351
128 17380
953 17477
516 18043
636 18527
3074 18867
1492 21911
1954 22757
2167 24274
594 25867
2227 26202
10 26208
20 26212
22 26213
10 26218
18 26223
25 26232
19 26241
23 26241
23 26249
24 26255
65 26285
456 26317
444 26367
429 26370
334 26397
373 26462
249 26486
586 26584
322 26803
72 26804
278 26835
428 26871
81 26998
576 27018
31 27325
98 27335
218 27342
171 27466
70 27488
96 27526
189 27600
282 27655
108 27874
271 27875
103 28061
109 28064
161 28103
34 28233
211 28241
270 28290
28 28460
2513 0
2544 3446
2683 6439
909 8154
905 9411
2846 9868
3145 12005
232 14216
2166 14351
2515 15554
1352 17690
2481 19084
939 21607
2744 22393
1160 25295
1817 26122
2432 27539
670 29084
2387 29425
514 31315
826 31591
543 32080
3016 32364
634 34841
935 35283
1359 36166
1331 37020
1525 37809
685 38896
3161 39305
46 42257
540 42297
1026 42705
1652 43259
3027 44288
407 46477
1339 46900
1815 47863
31 48874
1659 48902
1365 50764
1011 51553
2124 52239
1054 53734
170 54259
320 54259
603 54340
530 54370
407 54466
169 54502
443 54572
613 54610
31 54811
571 54823
612 54978
79 55050
215 55098
468 55119
300 55201
552 55286
51 55432
534 55463
232 55555
607 55576
390 55752
330 55867
1139 56054
2770 56952
2822 58548
2972 61302
2109 63274
2775 64740
464 67107
640 67381
1468 67943
1517 69429
207 70575
1276 70770
2202 71415
2688 73364
1679 75317
2676 77366
380 79326
2310 79640
28 81724
2841 81753
1883 84369
2482 85422
2947 86966
2742 89122
449 92639
2482 93011
861 96007
2905 96733
255 100432
1358 100744
2746 102252
2318 103993
2402 105761
1734 107261
34 0
42 0
60 34
44 42
63 94
53 86
62 157
39 139
53 219
70 178
66 272
565 1181
487 1398
243 1490
388 1514
53 1627
245 1647
443 1689
258 1843
511 1907
331 1911
65 2016
67 2034
546 2065
41 2101
62 2611
64 2142
32 2673
31 2206
62 2705
45 2237
76 2767
45 2282
58 2843
34 2327
64 2901
36 2361
110 2391
466 2439
238 2492
220 2525
558 2527
611 2627
61 2769
312 2769
55 2820
626 2863
29 2895
72 3489
44 2924
47 3561
66 2968
51 3608
63 3034
74 3659
53 3097
75 3733
60 3150
53 3808
43 3210
37 3861
48 3253
54 3898
75 3301
37 3952
70 3376
48 3989
42 3446
60 3547
71 3564
109 3573
75 3632
281 3659
271 3862
307 4011
169 4084
517 4182
3124 4770
97 6501
178 6583
1949 6775
1696 8234
2843 10061
3044 11963
2466 15616
1564 18255
3034 19253
250 21908
23 22004
108 22009
251 22052
126 22161
316 22192
239 22298
243 22361
44 22443
50 22470
591 22487
204 22554
397 22643
45 0
78 0
78 45
43 78
51 123
31 121
78 174
34 152
60 252
69 186
74 312
74 255
56 386
44 329
33 442
37 373
48 475
30 476
25 483
21 488
22 494
24 496
24 502
17 512
21 522
16 525
17 525
10 530
27 535
21 541
29 549
26 551
17 561
25 568
256 674
143 840
191 860
128 913
21 1031
28 1037
96 1041
65 1049
155 1052
291 1085
227 1089
277 1218
266 1313
174 1363
264 1396
221 1412
584 1463
47 1622
456 1662
153 1696
507 1749
132 1793
46 1812
459 1852
481 1894
115 1994
360 2008
508 2073
170 2242
620 2280
600 2352
379 2442
16 2444
14 2446
17 2446
18 2455
26 2461
11 2466
29 2468
18 2477
11 2486
29 2495
23 2501
2954 2550
2981 4382
1503 7905
2968 8993
161 11376
2927 11537
2746 15013
463 16498
2747 16979
2971 18622
1309 20895
1653 22005
944 23447
376 24087
3097 24401
279 27182
32 27274
148 27274
273 27284
49 27414
47 27455
125 27479
269 27489
448 0
1713 318
823 1615
2640 2226
1921 3782
508 4996
3075 5389
1381 8155
967 8884
1480 9895
2327 10964
2598 12202
1942 13699
1899 15603
351 16614
74 17029
2974 17071
1755 18604
969 20770
2419 21470
2578 22920
25 24848
123 24857
313 24884
120 25005
92 25054
191 25113
163 25224
166 25224
187 25263
47 25334
217 25346
51 25543
198 25545
201 25629
49 25743
75 25830
79 25792
33 25905
68 25871
35 25938
72 25939
60 25973
31 26011
39 26033
375 26213
401 26268
509 26346
550 26395
220 26543
468 26601
268 26621
418 26640
498 26736
374 26884
246 26891
12 26892
26 26896
16 26901
30 26904
24 26914
30 26918
23 26924
13 26931
16 26931
22 26935
17 26941
18 26951
31 26959
1723 27223
274 28242
839 28499
2297 29140
79 30947
2428 31017
391 32550
736 32923
366 33355
136 33817
82 33867
582 33887
171 34007
624 34040
423 34245
187 34368
279 34457
353 34474
341 34531
459 34651
232 34826
359 34875
170 34888
89 34935
546 34948
74 35059
264 35078
278 35123
345 35208
552 35281
576 35359
55 35534