150
0.25 0.45 0.55 0.90 1.00
116 0
214 57
280 141
192 147
209 175
239 254
312 459
201 624
282 700
122 757
267 796
52 814
1194 840
2719 1930
40 2034
41 4649
37 2074
59 4690
69 2111
12 2111
19 2112
23 2116
497 2119
91 2149
462 2187
331 2199
101 2327
624 2366
314 2450
195 2548
20 3
24 9
19 9
21 19
22 19
607 37
566 120
362 186
598 215
624 525
847 986
2685 1828
3052 3728
234 5977
2284 6235
24 6242
28 6242
19 6245
19 6253
21 6258
13 6264
18 6266
13 6267
2464 6281
1335 8093
2597 9384
2713 12234
3011 14399
722 16145
2835 16591
37 0
41 0
53 37
67 41
2134 1866
1343 3509
2558 4621
76 4852
46 7179
33 4928
70 7225
2773 7857
2859 11070
2028 13718
1197 14768
1519 15488
1272 16354
903 17238
1132 18266
2519 19094
16 19100
11 19101
539 19123
262 19236
323 19342
54 19397
151 19421
93 19441
255 19474
32 19486
19 5
21 11
20 17
19 19
553 59
517 76
550 204
475 226
1438 468
1765 2158
2837 3154
2637 5292
1350 7444
32 7929
63 8794
41 7961
37 8857
71 8002
49 8894
77 8073
36 8943
72 8150
67 8979
41 8222
75 9046
71 8263
77 9121
47 8334
72 9198
51 8381
35 0
57 0
35 35
60 57
74 70
65 117
43 144
42 182
47 187
51 224
75 234
2529 2331
2027 3919
1234 5913
1541 6561
126 7158
116 7235
248 7243
78 7351
54 7491
53 7429
355 7475
344 7529
352 7729
1661 8094
88 8944
499 8960
530 9055
68 9243
535 9250