100
0.25 0.45 0.55 0.90 1.00
14 1
20 6
314 81
215 197
207 349
195 355
582 444
26 446
75 469
433 484
25 491
29 500
19 510
20 512
22 516
25 519
20 521
18 531
13 532
12 541
143 0
2787 140
31 145
14 152
19 162
344 200
127 292
18 296
15 302
46 314
69 317
69 360
61 386
57 429
75 447
32 486
52 522
66 518
51 574
59 584
124 0
171 84
598 137
31 313
224 335
2539 517
1951 1942
591 3558
2747 3929
54 4149
10 4151
15 4153
842 4185
1129 4761
66 5027
33 5890
11 5897
17 5902
342 5916
39 6220
24 6246
63 6257
33 6270
2371 0
27 6
29 13
71 33
2977 808
78 104
56 3785
46 182
65 3841
60 228
43 3906
52 4145
193 4151
198 4197
157 4352
241 4431
214 4644
214 4699
227 4771
293 4789
40 0
37 0
32 40
67 37
256 367
143 602
577 653
244 747
196 756
43 796
39 827
242 866
2597 1017
1015 2520
946 3449
2699 4229
421 7215
77 6928
79 7636
32 7005