300
1 0.83 0.68 0.39 0.46 
92 14
7 37
6 50
92 6
32 247
96 23
4 30
79 175
87 2
94 1
9 56
8 45
10 31
88 90
98 272
7 56
94 13
78 71
4 42
12 172
66 44
93 14
94 178
7 52
96 16
92 82
91 16
92 17
7 93
97 21
42 38
1 53
99 245
39 63
93 19
44 236
59 21
21 160
96 16
90 15
29 202
83 16
99 17
8 19
4 46
97 4
74 230
4 36
38 107
2 38
44 44
25 124
7 215
84 176
70 198
14 118
80 69
8 55
20 24
92 29
95 157
100 23
53 84
2 56
53 46
90 9
34 47
85 32
1 116
2 58
88 136
98 22
19 3
47 247
43 187
83 282
4 101
95 7
99 85
42 39
90 243
51 166
28 131
41 43
11 7
27 271
10 69
13 246
94 12
71 188
88 222
62 6
86 295
7 36
25 282
9 177
10 32
49 77
83 121
98 183
56 57
29 85
27 105
87 176
99 3
9 38
8 37
100 35
1 53
100 30
5 36
98 25
95 19
3 85
10 55
99 18
68 155
86 107
8 38
57 84
98 15
78 74
82 129
6 40
10 0
2 41
6 52
10 56
58 193
98 85
96 30
81 298
10 9
18 243
18 43
75 185
97 25
42 139
3 25
29 256
10 142
69 151
3 40
27 297
99 23
65 9
86 142
4 225
96 15
86 26
41 259
10 56
99 27
90 22
71 180
5 54
94 28
29 145
3 15
52 9
66 132
93 4
95 2
2 53
4 56
91 5
8 49
81 187
96 8
9 38
90 29
39 47
8 43
95 2
68 123
92 30
2 59
11 31
5 206
98 75
3 58
90 9
97 0
26 210
4 54
29 166
4 193
8 60
6 60
95 30
41 169
55 277
14 254
94 23
96 20
58 263
93 13
87 108
15 4
100 18
82 154
56 82
31 33
75 77
7 136
10 43
70 57
88 155
6 45
35 232
94 8
90 17
84 186
9 50
5 49
61 127
94 16
62 115
100 158
51 195
2 39
60 181
92 12
2 51
16 187
24 229
9 38
16 48
93 29
28 228
95 2
15 176
35 57
99 15
7 59
27 277
10 175
38 215
9 100
60 62
5 43
93 162
8 35
1 46
36 262
35 6
62 33
6 30
7 40
99 17
2 52
74 64
2 50
19 182
99 16
61 268
9 34
80 85
6 51
16 244
44 89
98 133
100 12
83 286
10 41
1 39
6 55
2 111
6 52
90 28
8 211
2 39
63 33
49 32
9 55
89 272
58 142
91 285
94 139
77 283
96 4
9 60
90 8
78 18
1 36
42 108
7 58
90 8
23 32
16 10
90 29
6 105
91 236
85 157
92 164
14 252
6 42
93 134
6 53
17 166
