400
1 0.81 0.73 0.31 0.39 
44 352
96 321
86 290
95 12
1 40
51 305
34 384
35 16
39 259
41 105
25 152
3 57
64 392
1 70
6 367
94 23
38 275
57 98
42 337
48 293
4 55
100 23
73 259
69 267
4 52
95 6
44 195
50 234
90 13
97 21
67 66
92 19
4 68
73 276
15 341
39 26
79 165
43 118
13 62
6 72
78 42
8 122
92 4
86 330
86 21
21 297
98 293
10 55
32 257
1 51
90 14
96 18
97 397
10 78
35 232
90 31
2 272
10 48
100 38
1 57
43 236
29 381
85 282
91 4
55 289
80 112
61 198
60 359
47 74
96 16
43 257
8 48
23 330
97 122
89 280
33 284
43 130
95 34
100 27
7 74
97 12
94 29
96 13
97 21
7 77
22 67
2 44
5 389
66 132
88 92
53 224
29 375
91 29
99 30
5 74
21 40
13 151
95 5
4 79
92 4
93 40
73 116
91 5
1 75
81 48
75 171
1 63
66 155
89 225
6 57
54 105
91 6
38 113
100 26
71 146
29 58
30 254
31 262
6 54
90 6
3 72
46 278
7 48
71 143
94 24
9 41
97 214
73 383
6 44
26 307
99 14
9 70
95 8
61 41
89 303
9 217
92 5
83 87
34 347
36 373
21 48
51 188
65 12
8 53
96 66
39 143
91 18
6 79
31 41
50 204
76 343
56 387
98 143
26 103
31 131
93 87
61 329
92 202
92 27
26 4
80 278
4 395
68 276
100 37
100 229
90 1
20 170
44 116
19 114
77 341
52 75
41 239
2 46
1 75
4 76
97 326
96 22
50 10
32 161
75 212
30 312
92 21
91 36
2 40
91 384
42 188
76 300
48 332
9 60
32 248
84 243
68 242
9 60
62 108
26 363
1 56
3 60
90 1
30 82
95 18
4 47
80 134
41 395
9 61
6 49
4 289
82 395
40 52
10 67
18 320
1 354
96 179
61 246
54 309
3 63
15 102
62 159
98 21
20 105
97 170
100 36
9 48
42 165
38 96
91 15
13 184
94 16
94 370
100 22
69 381
49 36
85 201
19 289
96 19
98 19
82 11
70 45
5 41
74 145
38 136
64 349
25 121
5 41
13 382
27 244
96 16
34 66
99 4
26 266
10 80
99 192
100 3
38 131
9 67
69 210
65 337
7 50
13 123
91 22
10 69
95 27
93 19
89 229
76 329
78 234
50 345
5 73
69 375
100 243
2 63
100 30
92 30
100 25
94 36
96 29
10 56
90 27
63 61
2 53
6 317
81 143
61 340
2 41
97 14
53 148
77 279
28 121
3 387
37 307
100 90
33 268
96 377
85 163
38 40
46 148
50 330
85 123
1 57
5 46
3 54
76 346
100 13
53 382
8 62
7 32
7 47
90 27
37 389
70 383
100 37
93 24
9 60
71 143
96 6
8 118
3 65
73 9
45 359
26 103
82 397
100 16
85 335
80 169
61 363
8 68
91 20
99 33
88 301
24 182
67 259
3 52
1 86
99 17
5 48
25 130
11 107
6 47
100 221
70 93
7 46
99 279
1 80
40 107
32 140
63 388
35 348
7 61
37 143
35 101
75 342
92 20
2 106
39 230
8 60
38 43
66 196
1 259
47 302
8 40
53 245
10 49
72 309
10 68
99 14
3 68
4 53
85 81
7 44
95 35
14 60
9 68
3 64
94 21
94 9
72 30
24 293
80 78
91 7
4 117
84 118
1 64
61 59
48 40
7 388
31 8
51 308
6 69
6 43
16 144
8 124
28 306
3 45
31 65
100 26
81 32
98 177
45 91
60 399
9 49
79 341
