100
1 0.9 0.77 0.44 0.54 
91 7
20 98
82 71
63 70
86 51
6 11
55 89
6 20
38 3
3 15
37 65
98 53
74 15
16 85
91 5
81 4
99 5
59 89
8 16
100 5
6 33
91 4
85 37
42 69
7 17
94 4
55 53
4 14
9 17
87 66
98 7
45 79
7 20
92 7
49 65
99 10
89 44
77 8
14 91
92 7
56 69
90 4
3 13
17 30
57 37
93 8
43 31
82 34
14 60
62 4
8 15
66 7
94 5
93 9
100 2
39 10
54 23
94 6
100 2
82 42
46 23
4 53
5 10
87 6
88 60
98 7
95 9
100 7
76 54
7 13
81 60
93 3
65 71
1 11
7 10
2 12
46 75
4 11
11 53
25 10
10 12
37 45
85 35
45 37
62 96
60 10
8 16
57 30
45 44
83 94
75 96
3 11
98 9
5 15
94 90
10 17
5 64
13 3
70 61
93 4
