200
1 0.84 0.76 0.36 0.58
76 129
97 9
19 124
6 38
4 21
85 20
96 19
8 32
31 142
4 173
97 163
5 40
54 193
7 34
84 12
7 20
47 33
4 186
39 27
48 15
10 40
7 14
98 5
89 193
34 14
5 27
95 145
19 86
100 13
3 22
2 37
14 66
16 148
58 48
98 33
7 129
91 9
85 44
92 39
17 177
45 181
92 20
81 48
99 12
99 17
9 32
92 5
94 3
5 25
2 40
39 133
12 22
49 166
6 29
54 149
2 37
81 17
97 6
97 5
35 40
28 39
7 20
3 35
37 161
6 28
90 16
6 23
3 27
98 75
6 38
48 138
76 71
51 157
30 35
10 23
13 155
35 141
25 109
8 39
69 124
92 4
92 96
6 77
33 30
11 164
47 117
5 39
3 35
99 68
4 60
34 34
30 29
9 22
21 179
8 33
67 117
4 38
38 161
16 181
9 28
47 172
91 7
43 97
52 49
6 21
59 180
4 39
36 143
2 31
94 4
41 174
5 30
9 23
74 79
1 32
97 0
3 21
97 11
3 40
44 36
21 8
92 17
92 3
15 179
3 31
48 143
74 96
1 26
85 170
5 35
10 25
32 48
27 112
99 3
10 23
3 29
11 49
26 68
23 20
34 52
70 26
95 2
9 29
92 18
74 185
5 21
5 99
94 27
47 112
85 155
3 30
17 112
8 23
99 10
78 83
63 6
91 1
53 187
6 27
76 101
56 60
60 95
2 27
50 109
34 0
40 138
96 20
56 126
98 2
10 21
7 20
93 18
71 27
7 23
87 159
14 26
4 27
45 91
9 37
60 25
92 2
93 12
53 119
6 23
40 54
50 15
7 24
10 29
96 11
79 4
25 149
4 32
76 151
89 113
99 14
10 29
56 156
90 17
9 44
10 33
