250
1 0.87 0.72 0.54 0.31
2 88
100 18
38 132
94 11
9 142
7 37
3 186
10 45
45 230
93 8
2 42
3 48
8 43
90 14
64 45
23 7
9 40
10 32
2 46
77 54
24 77
3 139
94 4
30 29
41 216
100 8
57 98
61 6
73 193
6 44
10 144
5 27
90 18
68 177
93 19
7 32
5 41
76 116
10 32
32 44
1 29
39 211
94 10
90 4
49 161
51 161
11 236
42 83
96 15
74 31
4 32
1 38
93 1
29 1
7 27
94 12
100 17
21 86
4 132
6 43
40 221
80 44
21 79
20 186
99 231
25 230
48 1
39 160
94 24
32 238
92 8
44 8
32 196
98 12
8 188
74 214
77 137
19 228
91 87
94 243
98 18
82 147
3 31
4 38
8 33
27 32
95 189
91 10
2 37
99 8
65 205
90 24
1 31
91 17
80 207
10 47
4 57
15 191
96 114
2 7
100 5
70 131
100 73
63 206
4 47
99 23
69 43
37 138
51 226
4 50
12 15
58 104
6 30
82 62
8 48
75 175
17 44
94 7
29 18
34 43
52 170
9 27
95 223
94 27
44 102
57 26
2 146
97 17
67 126
55 27
93 205
98 10
40 138
2 50
4 45
9 34
40 138
7 27
93 167
4 219
30 180
91 10
26 117
90 19
36 197
59 109
66 143
3 48
92 24
5 46
18 236
2 155
83 156
88 58
2 42
63 35
5 42
93 23
89 197
44 189
95 15
5 47
2 138
54 20
8 169
91 16
49 116
94 11
1 181
6 90
10 39
96 148
58 188
21 159
79 158
11 194
83 74
92 4
96 237
7 35
95 22
99 147
19 41
79 233
93 14
61 76
83 205
1 27
97 3
94 17
95 112
4 50
93 20
93 2
94 235
4 36
7 31
75 122
1 27
93 18
81 138
8 49
12 25
56 85
53 115
10 49
50 187
69 180
2 39
91 25
2 216
37 160
1 39
90 100
14 168
22 225
11 20
53 170
91 17
62 134
73 6
97 7
59 207
92 4
17 31
88 137
91 12
77 76
96 158
99 133
100 40
1 32
58 204
65 244
16 56
93 18
5 49
8 35
99 9
41 68
5 32
66 97
92 3
69 202
94 183
31 166
60 184
52 20
13 199
36 188
