450
1 0.81 0.63 0.54 0.39 
3 84
90 371
72 244
100 33
90 281
26 334
1 82
99 11
1 77
4 68
59 151
70 402
10 99
76 304
97 32
5 53
77 318
5 46
96 219
52 141
100 150
9 49
96 377
10 339
75 415
37 413
53 64
34 245
2 72
41 205
85 430
30 440
6 68
7 316
93 6
8 72
89 237
83 332
11 322
43 123
78 154
23 266
5 60
10 260
6 245
68 181
91 0
93 178
82 439
8 89
100 109
75 220
90 30
51 263
10 79
52 11
99 40
35 404
32 307
61 246
13 243
4 68
95 1
96 42
79 56
44 220
2 57
80 244
96 26
79 212
100 163
23 74
90 72
76 184
60 26
94 27
18 371
96 45
94 10
92 25
94 3
6 53
28 236
65 426
90 9
23 424
77 129
92 14
6 52
2 74
93 35
94 24
45 338
98 23
60 395
77 181
94 38
68 115
30 189
97 37
74 138
8 57
4 51
69 359
88 74
74 430
46 211
24 299
2 57
6 58
18 298
100 5
98 20
48 227
38 312
94 1
28 346
5 75
5 53
99 249
8 50
3 90
91 201
1 80
3 45
1 71
100 120
3 89
14 374
60 432
5 83
29 412
2 55
1 324
73 221
21 180
22 68
99 10
87 39
99 15
43 149
88 310
97 331
63 250
96 16
33 54
94 25
96 114
55 24
60 97
93 11
15 347
38 352
58 449
70 422
98 25
87 103
91 43
99 36
96 12
21 42
98 24
5 213
94 25
51 423
32 408
94 310
7 72
47 102
89 128
7 260
89 177
8 91
91 36
1 64
94 22
74 409
35 90
67 447
41 291
3 344
22 438
14 130
99 35
17 371
16 426
43 39
6 60
97 30
60 72
6 72
9 59
37 60
45 73
24 41
8 56
40 317
90 27
13 170
10 253
66 388
97 27
91 27
7 60
61 417
17 392
1 58
28 359
39 222
83 35
76 175
93 18
82 426
1 60
8 62
24 216
99 26
73 222
99 11
7 72
6 70
35 279
4 335
74 261
94 98
62 104
98 41
8 81
47 116
3 57
90 40
6 202
96 22
32 105
93 28
97 28
93 17
90 18
6 76
50 52
94 21
97 4
10 396
57 219
57 117
12 388
5 74
49 317
71 314
99 8
78 26
91 45
79 351
93 11
12 232
3 46
87 306
27 60
10 367
46 353
47 304
61 450
34 259
94 42
92 187
92 1
99 25
91 123
66 324
18 273
7 85
46 61
90 34
95 305
10 49
19 126
29 402
64 440
3 90
6 50
2 79
18 74
20 369
74 371
100 267
72 240
33 97
2 77
12 318
25 142
97 6
7 288
76 420
29 258
99 29
84 310
60 249
70 309
100 28
63 60
4 66
6 83
61 26
41 400
36 292
38 54
75 256
91 21
5 68
44 232
8 89
95 218
6 78
82 252
93 10
5 52
9 87
68 104
82 106
73 315
26 253
84 143
43 239
42 351
9 46
98 315
7 88
46 441
3 88
99 275
38 99
13 234
93 39
92 31
6 49
30 322
3 49
2 62
99 22
3 44
31 171
20 78
3 282
1 66
79 388
66 308
77 197
73 141
83 116
100 43
88 335
7 77
5 81
1 84
64 367
96 9
96 41
1 74
90 44
57 127
56 102
96 18
2 257
77 135
2 20
2 64
60 220
48 350
97 33
91 39
96 30
4 168
8 412
40 193
56 413
98 47
12 122
31 84
62 222
97 30
58 223
67 83
18 80
2 56
8 70
50 82
21 372
9 53
2 62
89 5
3 77
9 80
99 1
13 351
78 449
10 52
23 355
76 280
1 74
15 432
3 78
88 259
10 445
6 71
31 367
23 348
41 433
4 59
91 39
45 195
4 55
39 312
36 285
69 424
77 217
96 3
25 303
97 26
10 67
92 37
93 1
97 26
47 6
71 354
5 72
35 296
99 31
33 53
83 29
74 433
26 421
48 256
99 357
84 256
58 439
76 131
98 139
91 103
35 27
61 229
54 92
5 47
7 73
97 25
78 449
72 330
8 68
94 2
83 304
15 308
