350
1 0.86 0.66 0.31 0.25 
100 13
7 48
97 114
15 49
77 209
14 275
58 105
5 36
71 273
99 62
4 37
90 34
64 237
24 48
86 12
95 20
98 11
91 14
26 207
2 54
91 18
99 12
92 157
90 5
80 250
74 122
37 277
6 102
92 29
45 129
97 114
7 41
70 77
39 87
29 234
74 329
89 74
100 25
35 150
8 64
3 49
31 165
95 32
99 29
28 136
9 61
2 69
1 63
94 35
42 132
2 67
92 10
41 347
20 145
44 14
100 27
91 25
62 297
3 63
6 38
72 195
8 48
72 108
95 3
51 322
90 7
97 72
2 64
2 126
19 335
4 47
93 28
59 182
94 34
14 279
3 68
64 136
75 10
68 123
46 312
91 1
5 68
98 14
96 342
25 64
6 47
90 6
65 132
4 46
50 257
8 69
24 6
100 28
45 132
6 136
99 106
2 52
10 230
99 15
100 7
4 275
93 323
73 7
77 86
5 178
17 202
2 237
68 64
93 9
63 47
93 21
28 80
63 304
62 319
78 189
95 183
90 32
6 39
2 201
95 10
100 34
92 42
18 161
93 33
95 185
99 67
71 192
61 164
16 31
44 178
4 52
64 82
81 276
23 307
90 15
42 74
98 35
38 68
10 47
91 24
61 152
95 7
7 68
84 71
18 274
31 151
92 7
8 42
94 41
19 35
5 39
62 155
8 68
76 187
7 65
94 23
24 105
96 16
21 34
68 123
1 65
74 277
97 138
98 237
41 81
82 122
17 53
99 19
55 170
7 35
95 16
78 37
25 172
29 219
26 3
94 19
36 224
3 46
5 45
90 66
17 91
4 46
32 14
79 232
94 30
90 16
3 69
51 191
95 30
96 291
7 60
8 48
56 196
32 62
99 9
68 244
80 347
95 29
51 296
57 77
90 2
5 68
7 36
4 58
99 2
44 268
8 46
25 167
94 99
30 338
59 17
93 13
99 18
94 5
8 16
93 168
92 30
75 238
96 17
91 267
98 38
91 29
34 112
36 341
91 236
54 96
58 272
86 204
47 245
92 9
3 55
5 284
14 163
19 212
95 29
78 169
94 14
95 1
9 48
1 41
90 1
90 283
4 44
15 14
10 65
67 328
26 1
92 34
96 23
92 14
94 9
95 4
97 5
98 226
40 262
20 227
54 11
6 49
18 115
7 40
93 4
99 32
95 31
65 242
15 340
22 5
2 37
8 54
91 212
93 227
75 1
19 205
89 294
8 68
5 52
72 19
88 78
8 49
78 301
100 28
94 101
3 48
58 240
100 0
71 4
93 18
16 234
53 303
37 37
100 0
3 58
95 16
5 45
41 182
69 158
70 100
95 316
12 171
100 6
60 165
73 77
84 131
41 122
99 18
63 123
98 26
8 47
19 243
92 142
10 53
7 303
67 36
90 0
10 49
9 268
13 220
93 327
60 13
7 57
43 280
58 45
47 249
91 2
6 55
3 61
4 324
84 235
93 2
31 274
3 201
46 206
2 46
44 203
10 262
19 137
99 325
93 13
100 6
19 164
1 49
60 311
64 255
99 29
95 23
89 280
6 44
82 317
97 2
64 72
97 4
