150
1 0.86 0.64 0.27 0.44
95 0
82 22
97 1
68 145
10 110
91 9
50 92
94 81
6 24
2 28
34 18
96 67
53 95
5 23
19 132
51 119
100 0
64 27
91 134
98 4
94 3
52 124
60 17
13 103
91 14
77 79
42 18
97 0
3 18
93 64
94 9
55 26
99 124
29 78
45 36
4 25
86 85
5 15
48 73
59 30
99 135
45 119
6 55
4 23
6 16
9 17
8 29
54 92
10 19
25 134
9 19
69 110
91 11
4 29
7 21
2 121
22 117
10 30
3 27
3 22
21 113
3 16
42 120
80 78
28 67
99 13
9 26
9 30
3 17
30 74
7 27
95 140
99 4
43 125
94 5
73 106
72 147
90 7
42 145
44 90
97 6
57 96
73 23
90 9
95 124
4 26
10 24
95 10
7 26
31 112
37 50
2 29
98 11
4 19
5 126
98 5
11 43
44 22
60 35
67 21
74 80
6 15
12 0
10 25
59 52
11 28
98 15
100 9
42 78
3 17
85 89
2 133
89 74
7 27
6 19
100 2
20 3
99 15
32 74
72 39
39 132
6 25
9 23
42 34
85 104
69 44
70 144
77 54
6 17
22 78
87 104
5 23
72 90
1 19
91 41
4 28
87 78
6 18
59 63
44 104
90 10
99 31
66 125
94 4
95 98
45 23
65 84
51 36
51 32
30 40
