500
1 0.83 0.73 0.45 0.5 
36 181
48 175
42 185
2 186
57 336
39 48
4 58
86 246
100 50
98 33
10 369
94 354
4 73
6 77
40 385
90 363
92 47
24 242
1 62
77 200
97 443
4 79
18 427
82 174
11 38
93 50
81 246
77 393
75 346
16 234
99 42
13 234
44 164
84 149
9 61
91 30
41 469
42 452
92 38
44 139
5 82
93 41
30 435
67 81
76 312
87 440
90 41
100 42
63 24
4 54
31 318
94 4
13 294
30 224
56 156
98 36
5 250
91 14
100 109
26 443
1 73
37 104
16 123
26 172
9 153
52 70
44 487
51 40
65 164
89 30
44 371
95 31
7 88
20 251
98 13
44 456
66 172
90 7
6 58
12 348
5 81
60 320
58 482
33 106
46 457
7 72
100 17
61 404
90 22
39 65
9 66
7 76
10 61
90 7
98 13
100 0
44 305
39 79
6 69
97 255
70 294
4 96
71 59
95 26
23 304
97 23
28 206
13 39
69 326
7 53
4 71
31 86
88 211
90 1
87 112
24 354
98 35
58 295
5 35
31 196
91 85
90 33
30 0
100 28
8 84
97 7
67 32
88 474
2 80
100 413
62 384
45 123
90 42
7 352
95 44
8 67
5 59
100 372
98 47
83 423
66 126
99 8
3 52
14 6
96 12
96 19
17 65
70 283
98 436
21 363
95 1
68 71
2 63
97 12
2 77
39 39
91 6
3 53
98 50
5 75
96 47
5 464
100 15
90 38
8 450
5 341
28 51
5 61
9 80
93 323
70 63
2 139
95 41
90 317
74 104
92 19
9 97
91 3
16 222
14 255
6 388
79 270
1 370
91 350
6 55
98 17
34 145
95 22
56 352
6 83
8 403
7 100
9 426
29 305
1 94
73 126
6 86
13 87
4 96
63 238
63 63
3 80
10 61
12 408
90 23
98 34
26 357
9 77
96 38
93 29
54 107
15 313
98 28
19 29
61 284
77 0
74 422
3 80
97 279
6 71
83 366
2 72
7 60
6 64
91 37
2 88
42 227
7 459
9 63
1 83
24 493
95 39
96 23
45 234
30 240
95 156
93 1
54 105
51 253
3 107
75 410
38 203
2 349
47 455
76 399
45 251
94 20
95 45
96 50
40 354
74 317
83 296
91 28
99 50
3 92
90 26
49 279
97 0
96 23
5 98
26 272
3 68
27 30
13 164
37 82
94 24
39 359
5 98
96 24
100 2
25 293
6 74
20 424
94 23
33 61
57 287
2 106
95 6
50 429
47 190
70 481
78 482
8 61
58 470
90 50
50 450
5 94
20 130
5 92
19 411
5 89
1 100
94 15
98 33
93 45
6 68
2 50
66 421
9 420
23 74
51 70
38 393
64 479
98 41
21 365
9 62
64 455
91 215
98 13
43 95
20 72
3 71
1 306
94 198
19 95
70 357
93 279
74 80
94 197
92 8
45 20
1 85
17 39
3 78
97 45
69 493
2 84
5 63
77 51
32 447
6 65
80 324
29 61
93 21
7 59
10 58
99 24
85 404
32 246
99 34
2 75
89 71
1 70
39 120
94 50
58 408
4 86
50 65
55 393
39 219
44 53
9 346
94 4
1 65
11 330
56 105
98 14
60 440
3 72
11 143
13 461
58 105
97 49
8 66
8 76
91 47
30 293
5 61
85 458
53 310
77 480
57 203
6 274
15 373
83 132
96 19
17 348
96 43
30 126
96 43
84 273
33 221
87 83
3 74
93 26
95 21
7 85
2 77
90 213
6 97
65 352
29 159
92 254
82 323
92 22
98 327
2 77
98 10
31 92
6 83
2 94
87 15
30 263
54 12
7 66
17 204
54 135
89 179
9 97
91 326
59 51
6 58
94 213
84 434
36 347
86 6
82 193
42 25
3 92
99 39
93 17
8 74
34 357
5 52
99 466
78 158
96 13
57 354
100 22
54 28
5 64
43 426
24 50
91 25
38 259
10 71
19 464
84 267
15 479
37 433
93 44
2 63
93 143
92 47
1 63
35 11
78 155
20 155
100 39
7 286
5 93
92 37
91 328
94 29
16 254
53 123
38 16
33 207
90 5
12 264
5 73
41 89
75 95
88 267
98 23
24 163
92 24
86 87
3 65
94 240
8 67
36 140
90 76
91 6
45 22
44 3
6 25
54 262
68 476
14 380
44 41
10 70
74 400
3 60
97 47
71 460
44 419
97 404
56 157
13 268
94 46
2 59
7 91
97 3
3 73
8 51
30 161
95 29
92 38
99 0
