200
5 6 1 13 4
6 2 2 12 3
9 1 2 19 3
9 9 4 22 2
6 6 2 21 3
1 7 4 21 9
7 8 7 28 8
1 9 7 18 1
6 10 10 29 6
5 4 9 27 4
7 3 1 20 2
6 6 8 25 5
9 5 5 28 8
1 4 10 24 4
2 8 7 25 4
10 9 2 28 10
10 1 4 23 4
3 4 3 17 6
1 3 9 13 4
7 5 8 27 4
9 2 10 21 8
7 2 10 20 5
9 8 4 29 7
2 8 10 29 3
8 4 10 22 6
7 2 5 24 7
2 6 8 25 7
6 8 3 22 2
8 5 2 22 10
10 2 7 29 5
4 10 10 32 6
6 2 6 19 2
8 1 10 25 1
3 3 10 17 6
4 7 4 15 8
10 10 1 31 6
1 10 2 13 7
5 6 4 22 4
5 5 10 26 5
3 5 6 17 5
4 8 1 13 6
4 10 4 28 6
4 8 1 16 5
6 3 10 23 7
2 1 3 15 3
7 5 7 29 10
10 5 9 31 8
5 1 5 12 10
8 2 3 18 3
6 4 5 22 4
4 6 8 23 10
6 10 2 28 8
6 8 10 30 1
2 5 4 15 7
2 4 10 16 8
2 5 10 24 1
5 2 1 13 6
4 8 6 26 8
10 1 3 17 5
7 9 5 24 6
5 8 10 27 9
3 10 2 20 7
3 2 10 24 4
10 5 3 20 3
3 7 8 28 1
6 2 5 20 2
6 10 5 21 6
6 3 9 24 3
2 1 4 7 7
5 2 9 18 10
6 7 4 23 2
8 9 4 24 9
7 8 10 25 6
8 6 5 23 3
3 6 10 27 6
2 6 10 25 9
8 10 8 26 1
7 5 9 26 6
3 3 1 7 10
1 1 5 7 6
4 4 9 21 5
4 8 2 21 6
3 6 1 17 7
9 4 3 24 10
5 2 2 17 7
2 5 7 24 10
3 8 10 28 8
2 4 2 8 8
4 4 6 15 5
7 3 5 24 10
8 8 1 22 6
9 5 5 19 8
7 7 6 28 7
5 6 8 22 4
9 10 9 30 8
4 1 5 19 2
10 10 3 28 4
1 4 10 18 2
9 3 6 25 7
5 9 4 22 1
4 2 2 18 9
6 7 1 22 7
5 10 3 22 7
1 1 5 15 1
3 10 6 28 7
8 10 10 30 9
7 4 5 23 5
10 5 9 33 4
6 3 1 10 4
3 2 6 11 2
1 2 3 12 10
6 5 6 17 10
4 9 2 19 2
10 6 8 25 3
9 2 6 24 10
6 5 5 26 8
2 9 10 21 4
2 4 2 18 3
2 10 7 26 1
7 6 2 18 1
6 3 9 23 8
9 4 8 31 1
1 1 3 10 1
1 3 9 19 10
10 9 1 30 9
4 8 5 19 2
3 4 5 13 5
7 2 8 21 1
9 4 6 24 2
8 10 9 30 2
7 1 1 19 10
8 8 4 28 3
5 7 3 17 10
10 7 1 26 8
2 6 10 20 10
6 2 7 19 10
4 2 8 22 1
3 3 5 17 8
4 2 7 21 7
1 10 8 27 7
6 10 8 28 9
3 8 4 19 10
3 10 9 31 3
9 1 6 26 1
3 5 7 24 1
4 1 9 21 3
10 8 6 30 9
10 4 10 28 9
7 4 3 14 2
10 6 8 34 9
1 9 10 23 5
8 5 9 30 2
10 2 3 25 6
4 8 9 28 5
1 5 4 12 5
5 7 9 28 9
10 1 6 25 9
6 1 10 27 4
10 4 1 18 1
10 1 7 23 4
3 9 6 21 8
6 1 3 18 5
4 3 10 19 9
5 3 4 13 10
10 5 7 24 1
3 8 1 13 8
6 7 2 19 9
3 6 8 19 8
6 4 2 18 5
3 9 4 25 3
3 7 6 25 4
5 8 4 17 5
4 1 4 16 6
8 1 10 20 5
5 1 10 21 1
7 8 6 26 4
7 5 8 21 8
9 5 3 19 4
6 3 10 23 4
6 7 1 16 1
2 5 10 26 9
1 2 4 17 2
6 1 2 16 3
2 4 4 20 7
3 8 1 18 2
2 8 5 23 3
7 5 6 21 5
3 1 10 21 4
6 5 10 30 7
4 1 2 17 9
3 8 7 19 3
8 1 5 14 6
2 4 1 13 5
5 4 6 16 7
2 2 2 14 9
8 10 4 27 8
7 5 5 26 8
6 4 6 22 8
9 5 5 21 10
1 6 1 13 7
