250
4 1 6 16 10
9 7 9 32 2
8 6 6 21 5
6 6 5 24 5
7 6 3 17 3
3 1 10 20 1
6 9 1 25 4
3 1 1 10 3
6 10 6 29 9
4 3 5 15 7
9 2 5 17 2
10 8 2 28 7
7 1 8 26 7
5 10 4 19 5
3 2 7 13 5
1 9 1 21 6
4 3 9 16 10
10 3 1 15 3
8 3 2 22 4
1 1 2 8 4
8 8 6 26 6
2 5 8 23 9
5 8 3 19 1
1 10 10 31 9
7 8 8 24 1
3 6 5 14 6
1 5 6 13 1
1 7 4 12 6
10 9 4 30 7
3 8 5 17 5
10 6 1 26 8
3 3 4 16 5
10 7 8 30 6
10 1 5 24 5
5 6 4 17 7
9 10 1 24 7
8 9 2 25 2
1 1 7 10 6
4 3 8 19 5
10 6 2 22 7
1 3 7 13 10
5 7 1 22 2
5 4 1 14 9
10 6 1 18 6
9 1 3 16 2
10 7 1 18 5
1 9 2 15 8
8 2 7 20 5
8 9 3 29 8
10 6 5 30 7
10 5 7 27 9
6 10 1 21 10
9 5 5 21 1
10 1 9 25 3
5 1 10 20 8
6 6 7 23 3
2 3 7 19 2
2 4 9 16 4
3 8 6 20 10
8 3 9 22 2
7 2 3 14 4
4 4 10 24 7
1 4 9 16 5
5 3 5 14 2
6 10 4 22 1
7 4 4 19 9
6 2 5 23 9
2 10 10 26 6
1 8 9 19 9
2 2 9 20 8
6 9 1 24 6
10 4 10 25 4
7 2 8 27 3
5 2 3 12 8
5 10 2 18 1
7 5 3 23 8
1 3 6 20 5
7 1 4 16 4
6 2 3 12 4
10 7 7 24 8
4 8 1 21 3
6 8 6 24 2
9 3 3 18 5
8 7 4 24 5
6 10 6 25 10
1 9 5 24 4
8 1 1 15 10
8 4 5 27 10
5 5 4 20 3
10 3 7 28 5
8 6 1 18 1
10 1 5 25 8
4 1 9 16 8
6 3 4 16 5
5 10 9 32 2
5 6 7 20 3
9 1 2 19 2
2 6 4 18 2
5 7 1 21 4
7 3 1 13 3
1 5 3 19 2
6 8 9 24 2
7 9 2 25 6
2 4 7 23 3
8 2 2 14 8
3 6 3 19 7
9 2 5 21 1
8 2 4 23 10
4 4 9 22 9
2 5 4 19 9
4 8 8 30 10
5 6 6 24 9
4 4 3 16 9
2 2 4 8 4
7 2 4 16 8
7 4 5 18 10
7 4 4 25 1
1 9 3 16 5
10 6 6 22 5
5 5 8 22 7
9 8 5 28 7
7 4 2 17 2
6 2 8 22 1
2 3 2 16 3
7 6 5 28 10
9 8 3 26 6
7 8 3 22 10
9 5 7 29 8
2 4 4 19 2
6 10 3 27 10
8 6 3 18 9
2 9 7 28 7
7 4 6 22 1
9 6 4 27 5
6 3 6 24 9
5 2 10 23 8
2 2 3 16 8
7 6 5 22 7
8 1 5 22 9
3 1 3 14 2
8 5 8 25 1
1 1 4 15 9
6 4 10 22 2
4 1 3 8 5
1 5 1 9 1
6 6 7 28 6
10 9 5 32 1
9 4 10 29 5
8 2 10 22 9
3 8 2 17 4
10 6 9 28 9
5 4 9 19 2
9 6 8 28 5
1 8 8 18 3
2 7 3 22 9
10 7 2 20 6
5 4 6 18 8
7 3 9 26 10
6 10 9 25 5
7 1 10 23 5
7 1 10 18 1
6 2 9 27 1
3 9 1 17 7
7 2 5 20 7
7 7 9 28 6
3 3 2 13 2
8 9 2 20 7
10 10 2 23 4
5 2 7 18 10
2 9 8 24 5
6 3 7 25 4
3 10 4 20 4
9 4 2 22 10
4 8 2 15 9
1 7 8 21 8
3 3 10 26 2
3 1 9 19 8
8 1 7 18 10
2 2 3 16 6
8 5 7 30 9
8 7 9 28 2
5 6 5 26 6
2 7 6 16 8
9 3 3 20 2
1 4 9 17 9
10 6 2 18 1
8 4 8 22 6
4 2 6 12 1
5 8 6 29 6
7 4 9 21 3
5 4 5 21 6
1 10 8 24 10
8 3 2 17 8
10 9 6 29 4
8 1 6 19 5
6 7 1 19 9
1 7 4 12 1
1 9 4 14 3
6 8 10 34 6
4 3 1 16 6
10 4 8 30 3
5 2 8 21 5
7 4 7 21 6
2 4 1 14 4
4 4 3 11 5
2 3 3 16 3
8 4 8 30 10
9 6 3 18 2
6 5 10 24 10
10 9 9 29 2
9 7 2 22 2
7 7 1 17 5
10 9 4 27 2
9 10 7 36 8
7 6 4 24 10
3 6 1 19 6
7 6 10 25 3
4 5 10 29 8
1 7 4 19 5
8 8 5 27 5
6 4 10 24 1
7 7 4 27 8
7 2 1 11 2
4 5 2 15 5
8 8 8 26 9
7 6 7 22 6
5 7 5 18 6
9 5 5 24 2
8 3 10 31 10
4 1 5 11 3
5 8 10 28 10
4 8 10 24 4
2 10 10 29 5
6 6 5 21 9
10 4 9 32 4
7 7 6 30 4
3 2 3 15 2
3 2 6 13 5
9 5 4 21 1
8 7 9 31 6
7 3 5 18 10
4 9 5 20 8
10 3 9 22 5
1 5 7 15 1
3 8 9 29 10
2 5 1 14 8
5 3 4 19 9
8 8 3 20 9
6 4 1 15 2
9 7 4 29 6
