150
8 1 6 22 2
10 1 1 22 1
1 9 5 19 6
10 3 7 20 4
10 3 6 27 7
7 5 2 17 7
8 2 3 16 10
10 6 10 35 7
9 7 8 28 5
4 4 2 15 5
4 3 10 25 3
4 10 2 18 5
1 6 9 21 9
3 3 10 16 5
6 1 5 19 5
3 5 5 17 8
1 9 5 22 2
6 2 1 17 2
6 4 7 23 6
4 7 3 15 7
2 8 7 17 4
6 9 5 28 1
9 7 5 26 9
1 1 5 15 8
2 6 4 17 5
6 10 7 31 1
8 6 5 19 2
10 7 1 24 7
1 5 9 17 8
6 10 10 33 3
8 1 6 15 9
4 4 5 17 4
2 8 10 25 4
8 7 7 26 7
5 5 5 17 9
7 6 3 19 10
10 2 9 21 2
10 2 6 24 9
10 3 10 28 4
1 6 3 15 6
1 2 10 13 1
8 7 2 25 3
6 3 4 23 6
9 6 8 27 9
6 10 2 19 5
7 8 4 24 1
9 10 1 25 10
2 5 9 25 1
9 9 6 25 9
10 1 8 21 3
10 6 9 32 5
4 9 9 29 2
9 5 7 27 9
3 2 1 14 3
1 1 5 14 3
10 4 2 25 1
1 5 3 9 3
8 5 3 16 2
8 1 2 12 5
9 2 4 25 5
4 9 7 29 5
9 2 4 15 1
8 8 10 33 4
4 2 8 19 9
9 8 1 26 6
2 5 4 16 7
9 4 3 21 3
7 4 8 22 10
6 9 4 26 3
7 10 5 29 2
4 2 7 13 4
1 6 6 19 4
3 7 6 17 5
3 7 9 20 10
1 2 6 12 6
8 1 7 16 7
2 9 2 13 10
7 10 5 22 1
6 4 6 22 2
5 9 6 21 3
7 2 2 13 3
5 1 1 10 5
9 9 1 27 3
4 9 4 18 2
6 1 8 15 2
4 5 6 24 10
10 2 10 26 5
6 3 4 22 10
9 5 2 24 3
2 1 8 17 4
7 10 8 27 10
9 10 10 30 7
6 6 4 16 2
1 9 6 17 9
3 3 7 17 5
5 2 8 17 8
10 9 9 34 9
10 9 6 31 2
3 4 8 24 6
6 1 10 17 8
3 6 5 24 8
7 9 7 26 6
4 3 8 23 7
6 3 1 15 6
2 5 6 18 4
5 10 10 30 4
4 7 5 16 2
6 9 6 22 3
8 8 4 30 6
8 1 5 24 8
8 10 7 31 9
1 10 4 24 8
9 7 5 21 6
3 4 4 18 10
1 10 1 20 8
9 9 4 32 3
5 10 4 25 5
8 9 3 22 6
7 3 8 23 1
4 4 5 21 7
1 8 4 13 5
1 8 3 14 6
2 2 9 20 9
5 9 3 26 8
10 7 5 31 7
8 10 2 25 1
7 3 5 20 2
9 3 3 20 3
4 4 2 16 8
6 1 6 14 5
8 6 5 21 4
7 4 1 12 7
8 5 10 32 9
5 10 7 30 10
8 3 5 19 1
10 6 8 31 8
2 2 8 21 8
5 2 9 20 8
8 4 4 25 6
3 10 2 19 10
3 5 5 19 9
5 8 5 21 4
6 6 4 17 1
1 4 7 13 3
3 7 6 26 3
8 5 8 30 1
6 7 10 32 9
6 5 4 18 1
1 4 9 14 8
3 10 3 20 1
