300
1 1 4 8 9
7 8 10 33 9
4 1 6 15 2
1 5 8 15 7
9 1 7 24 5
4 2 1 8 6
1 10 10 31 5
7 8 8 27 3
2 5 2 11 1
7 10 9 34 7
3 5 10 19 7
3 1 6 18 3
4 4 7 16 1
10 1 2 17 2
9 6 5 23 2
6 2 3 15 3
7 7 2 22 2
8 8 1 18 1
1 3 3 8 3
5 1 4 14 1
3 9 3 21 1
8 9 1 20 4
3 5 2 19 4
2 1 5 16 8
6 10 8 33 4
10 5 6 23 4
1 9 3 17 9
8 3 4 15 1
7 2 8 20 7
1 6 8 25 6
8 5 10 33 5
9 9 10 38 4
3 9 4 25 7
7 10 3 20 8
1 10 1 12 5
4 3 6 16 8
2 9 2 16 1
4 8 3 21 8
9 6 3 22 7
1 10 3 18 5
6 7 5 25 5
10 10 7 32 1
4 2 7 16 7
10 3 2 21 7
10 1 10 24 1
5 3 9 27 7
3 1 3 15 1
10 3 6 23 3
7 2 10 27 1
2 2 5 9 7
9 2 2 18 3
5 10 8 26 4
7 6 5 24 1
4 10 10 29 4
8 2 6 20 6
10 10 7 35 1
1 2 9 20 10
9 5 8 22 4
10 6 8 25 5
3 9 2 19 8
5 7 1 18 4
10 2 3 25 5
6 7 1 16 10
6 8 4 25 8
1 6 5 22 6
1 6 5 19 5
9 8 5 22 8
2 1 1 10 3
7 8 9 34 8
1 10 1 17 1
1 4 3 16 5
1 5 4 11 8
9 6 9 31 5
4 8 8 24 1
4 2 8 14 10
1 1 7 10 2
2 10 9 23 1
2 9 4 17 7
7 3 7 20 5
8 10 5 29 8
4 1 2 13 8
6 9 4 24 3
1 9 5 18 5
3 9 8 26 4
8 4 2 19 1
6 1 1 16 10
2 2 6 15 5
4 10 5 22 8
6 2 10 20 8
3 8 4 15 1
5 7 3 18 6
9 8 4 31 9
5 10 3 27 3
6 6 2 14 7
4 8 8 28 7
5 3 7 17 6
2 3 2 11 5
7 5 3 22 5
3 8 5 23 1
9 1 6 19 5
7 10 5 27 4
2 10 6 18 9
8 10 3 25 10
9 10 7 29 4
8 10 3 29 6
1 9 4 22 7
7 4 10 29 2
8 1 4 16 7
5 9 8 30 1
6 1 4 11 6
2 3 6 13 4
9 8 4 30 1
3 7 5 19 6
2 1 5 14 8
2 8 5 22 3
7 8 3 25 9
4 3 3 20 8
5 3 8 26 10
6 3 8 25 2
6 10 10 35 5
6 10 1 26 7
8 5 3 16 5
3 6 8 23 2
2 4 5 21 1
2 4 10 25 10
4 3 8 20 6
2 7 1 20 4
3 8 7 21 6
5 4 1 11 2
5 5 3 23 6
4 8 9 25 5
6 10 2 25 5
9 5 5 24 5
8 3 7 21 4
6 8 5 21 10
7 3 7 22 7
7 3 9 25 10
9 7 3 28 2
1 1 8 15 6
8 7 3 24 8
3 5 3 18 10
2 3 3 11 6
4 5 4 17 6
4 4 7 16 10
4 9 3 24 4
8 8 8 27 9
4 4 3 15 1
10 7 3 26 10
3 8 5 18 4
7 4 1 15 4
6 4 7 25 4
8 10 6 30 10
3 7 8 26 10
1 8 3 14 2
8 4 2 24 10
7 5 3 17 9
5 3 3 18 10
3 4 10 19 8
7 8 2 23 3
6 8 8 23 9
8 2 8 18 4
10 9 9 28 3
3 2 8 20 5
9 1 6 21 8
5 8 4 22 9
10 1 10 28 2
9 9 8 36 7
10 9 10 37 8
3 3 2 11 8
7 2 2 20 9
10 8 8 33 10
10 3 6 22 8
9 6 3 28 8
8 2 4 22 9
1 5 2 10 4
4 5 2 13 9
5 2 1 13 1
7 1 5 16 7
3 4 6 19 10
4 3 2 19 6
6 3 6 18 4
3 4 3 15 6
2 5 5 16 3
10 5 5 22 9
10 7 7 33 2
6 7 4 23 1
6 6 8 26 9
5 3 7 24 7
5 3 8 22 5
6 8 1 15 7
4 3 6 22 4
5 7 2 15 5
5 4 2 19 5
9 8 5 23 7
6 1 2 17 5
2 8 4 17 2
2 1 6 11 9
2 8 9 28 6
6 2 6 20 1
5 2 4 12 6
8 5 8 23 4
1 7 4 14 7
10 1 2 17 6
9 5 6 21 2
9 7 3 27 6
3 5 8 26 7
9 10 7 32 1
1 1 7 14 6
8 3 3 20 6
7 3 1 19 2
6 9 2 24 8
9 7 8 30 4
10 5 6 28 6
6 4 4 21 1
1 6 4 18 5
7 10 7 34 10
9 7 10 32 2
6 3 4 20 8
5 3 5 19 5
9 4 8 21 6
1 6 6 18 8
6 7 9 28 2
5 7 9 30 8
8 4 1 21 6
2 1 8 15 8
2 10 7 26 1
3 6 4 19 5
3 4 7 17 8
2 6 6 22 2
7 7 3 25 10
3 2 1 14 4
5 9 5 19 7
5 9 8 32 7
1 10 5 19 3
5 8 5 22 10
5 3 4 13 2
4 9 7 28 8
10 6 9 34 7
1 4 3 12 1
1 3 6 16 7
3 2 2 11 10
2 6 2 19 5
6 1 10 26 9
4 5 5 20 1
4 7 10 25 8
8 9 10 33 9
2 8 4 22 10
7 10 6 24 8
2 4 3 14 3
10 7 5 25 4
7 1 9 24 10
9 10 9 35 7
6 8 1 22 9
4 3 6 20 5
2 8 10 24 2
4 10 2 24 5
9 6 8 31 1
6 3 10 22 2
4 10 3 20 6
6 10 6 24 7
8 5 4 27 2
10 7 6 26 8
9 3 3 17 4
6 8 9 32 3
3 2 3 16 1
3 9 4 19 10
6 7 5 23 6
6 5 8 27 1
8 2 7 22 9
8 6 4 27 1
10 3 7 24 5
2 9 8 20 9
10 6 1 20 10
2 6 8 19 9
8 3 8 26 6
5 8 4 21 5
5 6 10 24 8
8 7 3 26 2
7 5 3 21 6
10 8 6 29 3
9 6 1 19 6
5 3 10 27 6
8 1 2 14 3
9 9 1 21 4
5 2 5 22 7
2 5 5 21 6
4 6 10 25 6
8 8 9 31 4
6 6 8 20 7
9 9 3 31 10
3 2 10 21 8
2 2 2 10 9
10 6 2 24 8
7 1 10 20 6
4 2 6 16 2
6 8 2 17 2
10 9 3 26 5
3 1 2 11 7
8 7 10 29 6
8 7 3 20 4
