500
5 6 9 22 9
3 6 3 14 6
4 1 9 22 5
8 7 3 23 7
3 8 4 22 7
5 9 4 25 6
3 10 7 21 4
3 3 4 14 5
9 5 10 34 7
1 10 8 19 6
5 3 10 23 10
3 4 1 13 8
10 9 2 27 10
10 8 8 26 1
3 8 6 20 6
5 6 2 20 2
3 8 2 19 4
8 5 4 20 9
2 4 6 15 3
10 6 4 30 5
7 7 1 20 1
4 10 1 25 8
4 6 5 25 5
3 7 10 20 8
2 4 10 19 5
9 9 8 31 6
6 9 10 25 7
4 6 10 27 3
1 6 2 12 3
10 8 5 24 5
4 2 1 16 7
9 10 9 37 7
6 9 3 22 3
10 7 2 28 3
3 6 4 20 3
2 4 3 12 2
1 2 9 21 1
9 3 5 24 3
2 1 7 13 5
8 9 4 31 2
4 4 9 25 8
5 5 6 17 8
3 10 8 25 1
10 4 1 24 3
7 1 8 25 7
2 3 9 14 8
1 8 9 20 5
2 9 4 22 6
4 9 9 32 6
6 2 1 15 3
4 4 5 15 10
10 2 3 21 1
5 1 5 13 2
10 7 8 31 5
2 3 9 19 4
8 3 7 24 4
9 9 8 36 9
7 1 4 20 2
4 9 2 21 9
3 9 2 17 4
3 3 6 22 7
10 8 9 32 3
10 9 3 28 2
4 2 4 11 10
6 5 8 28 9
10 6 5 31 10
10 10 6 28 5
10 9 10 39 2
10 3 9 22 4
2 2 7 21 6
1 6 9 19 7
6 2 1 19 6
7 3 2 16 7
5 10 4 28 4
8 3 8 20 7
2 3 8 18 8
9 10 1 27 3
6 5 1 20 7
6 6 6 20 5
1 8 8 26 9
5 8 7 27 8
2 3 8 22 6
4 2 2 16 4
1 2 4 14 5
3 10 4 26 7
1 5 1 10 5
6 10 1 24 8
5 4 1 11 2
5 6 9 20 10
1 5 1 11 6
8 3 1 16 5
6 9 9 28 7
2 1 2 13 4
5 5 10 23 10
1 2 4 16 9
9 10 1 30 2
2 6 9 24 6
7 2 7 19 1
8 8 5 21 9
4 4 1 16 3
6 8 5 24 1
8 3 1 17 10
3 10 4 17 9
8 10 10 38 9
2 8 8 27 2
3 10 9 23 10
2 1 3 16 9
4 4 10 18 9
4 6 8 20 7
2 7 9 22 5
9 9 2 21 3
2 8 5 15 2
1 7 2 16 7
1 6 4 14 3
9 6 5 28 7
4 3 5 14 7
4 3 6 17 3
5 3 2 13 2
3 10 2 17 7
9 10 1 28 2
5 7 10 32 6
5 9 5 23 1
2 9 6 19 10
1 3 7 17 1
10 9 4 24 10
5 3 8 20 7
5 8 10 29 8
5 2 1 15 2
10 10 8 37 3
2 10 6 26 9
9 9 4 31 9
8 10 2 24 3
3 2 7 17 2
9 2 6 26 9
5 7 2 22 7
8 5 6 24 10
6 3 3 18 7
9 1 8 19 10
9 6 9 30 3
9 10 1 29 9
3 2 10 21 5
10 2 6 25 1
4 3 4 18 2
3 5 1 15 10
8 10 10 33 10
2 8 10 20 8
2 7 10 27 10
7 8 5 26 7
6 6 7 21 5
10 5 8 30 1
2 10 9 21 1
9 1 3 23 2
3 4 6 18 9
2 5 8 22 1
8 1 7 20 6
1 1 10 21 9
6 2 5 18 2
7 10 7 31 7
8 4 4 16 5
5 8 5 25 4
2 6 9 20 2
6 2 1 9 5
2 1 10 20 9
5 3 7 21 9
1 5 4 13 4
3 3 10 26 8
1 9 2 15 3
1 5 1 17 6
9 7 1 19 8
3 3 7 20 10
6 8 7 28 1
3 4 5 13 2
10 3 1 16 10
2 7 6 25 7
6 9 9 34 6
3 7 9 23 2
3 8 10 30 3
8 7 10 26 5
6 1 6 23 6
9 10 2 27 10
7 10 3 27 4
10 5 9 33 5
2 10 9 31 6
5 8 8 30 2
5 7 8 27 1
4 5 1 18 4
1 4 5 17 7
9 4 7 29 10
2 4 6 15 9
2 3 1 7 9
9 2 8 29 7
9 10 5 33 8
5 10 9 33 6
2 9 1 19 2
3 2 7 21 6
9 3 4 20 5
6 6 7 21 9
2 9 7 20 1
1 6 1 17 5
1 2 1 13 6
8 3 6 22 1
8 3 1 19 5
9 2 5 17 7
1 5 9 19 6
6 8 6 23 4
3 4 2 15 8
6 2 6 16 7
10 4 2 16 10
8 9 8 34 9
5 8 7 27 6
6 6 9 21 9
9 2 10 31 10
7 2 2 16 9
8 2 5 17 6
3 9 1 16 1
9 9 7 33 8
2 1 1 8 3
1 3 7 17 9
8 4 3 25 10
1 1 4 8 9
7 2 1 14 4
2 9 5 21 9
7 7 9 29 3
3 2 9 18 3
1 8 4 15 2
5 6 8 22 7
6 8 8 27 10
4 7 7 23 3
2 6 4 12 10
2 10 5 20 6
2 6 8 25 6
6 5 7 20 3
4 3 7 14 10
4 10 7 29 7
7 4 8 24 10
4 6 5 25 3
5 8 2 19 6
3 6 5 16 3
10 10 9 37 6
9 2 3 21 10
10 1 10 30 9
10 10 6 31 9
1 8 8 19 4
9 7 4 20 5
4 8 10 24 9
4 7 6 24 9
3 10 4 25 8
1 7 1 10 4
1 6 4 19 4
7 10 6 27 10
5 1 9 17 10
2 1 1 10 9
7 1 2 15 10
4 3 2 13 10
5 10 4 19 9
3 8 9 26 2
2 2 6 14 10
10 5 7 25 8
10 5 9 33 4
8 6 6 29 5
9 2 7 19 5
8 1 9 22 3
1 1 5 10 10
2 8 3 13 1
3 2 1 14 3
8 8 2 19 9
1 5 7 13 7
5 3 7 22 1
4 9 5 28 10
4 1 6 18 9
8 6 4 23 9
10 7 9 35 1
7 9 3 24 1
5 7 4 24 3
1 4 1 7 6
10 7 9 29 6
8 1 10 21 7
1 8 1 14 6
1 7 4 20 10
9 8 7 34 10
5 10 4 20 10
5 7 7 22 5
8 4 10 23 5
5 9 2 19 1
9 6 2 22 4
8 2 2 22 9
1 9 6 19 5
3 8 8 26 8
4 8 10 28 9
10 10 3 29 8
5 2 9 17 7
6 3 7 16 3
9 7 5 30 9
8 4 7 27 2
9 3 10 28 1
1 6 6 21 2
10 6 6 25 7
1 4 2 17 8
10 3 8 24 9
2 5 4 19 1
9 2 1 12 5
8 5 9 29 9
3 5 4 15 6
5 1 10 18 2
2 2 5 19 8
10 4 5 25 8
2 4 9 25 3
3 5 1 12 5
3 2 6 17 1
6 5 2 13 9
3 5 10 28 5
4 10 5 29 4
7 9 5 29 8
7 2 4 14 2
2 9 5 23 7
1 8 7 25 7
6 10 8 25 1
9 6 9 25 3
9 5 7 22 6
5 8 5 19 4
1 6 1 18 9
9 4 8 28 1
2 10 4 16 9
3 5 1 14 8
8 2 9 21 9
8 9 1 21 4
10 8 8 33 5
7 5 5 17 3
3 4 4 15 6
8 1 4 13 8
7 8 7 25 4
4 8 2 24 2
4 8 7 23 9
1 3 8 20 5
4 9 5 24 9
9 7 9 27 4
7 10 4 26 6
9 9 7 27 8
9 4 8 23 3
2 5 9 24 8
7 2 3 14 1
8 1 1 18 10
4 3 4 15 3
10 4 4 28 10
3 7 6 18 1
5 7 8 24 5
6 2 2 20 4
8 9 9 29 5
8 5 7 30 9
3 3 3 14 7
2 2 3 8 1
9 6 10 27 6
8 9 7 25 6
6 10 1 20 9
6 10 7 23 5
10 1 8 28 9
6 7 3 16 10
5 7 2 15 1
2 9 10 28 4
8 6 4 21 1
2 6 10 28 9
8 5 7 20 5
9 2 6 25 2
2 2 4 18 2
5 8 4 27 9
6 6 7 27 6
9 7 3 23 6
9 8 3 24 8
1 4 4 12 7
7 5 9 29 3
3 3 7 18 9
7 3 7 20 5
4 2 6 16 4
10 10 5 31 1
9 1 5 21 3
5 4 9 21 6
1 7 9 19 3
7 6 8 24 4
8 5 1 22 10
1 9 10 29 4
3 8 9 22 5
7 6 10 23 6
4 7 2 21 6
4 10 9 33 5
7 1 4 18 6
4 10 5 26 8
6 9 6 25 3
9 4 10 26 6
5 9 10 29 2
6 3 6 21 4
2 10 5 25 6
3 7 10 25 9
6 3 6 21 6
5 4 1 11 2
4 7 7 23 8
8 10 6 34 7
2 5 8 16 6
5 2 3 13 5
1 8 6 21 3
8 2 9 25 2
4 4 9 17 3
9 7 1 19 5
8 5 1 17 4
5 2 1 11 3
10 8 5 30 2
8 5 8 22 1
4 6 9 24 9
6 5 1 14 3
8 5 8 21 7
9 7 1 24 4
4 5 8 26 9
5 9 4 27 10
5 4 6 21 3
2 3 5 15 9
8 2 8 23 7
2 10 7 26 2
6 4 1 12 9
1 3 3 11 4
5 6 5 25 3
9 5 5 29 3
9 3 9 29 5
9 1 5 16 10
2 1 4 10 4
1 1 5 10 4
10 8 10 38 2
10 7 9 31 1
4 4 6 14 7
9 2 2 21 9
9 3 2 14 3
10 7 8 31 9
2 4 1 12 8
3 2 2 17 1
7 10 7 24 10
10 5 3 23 7
4 8 8 26 4
6 8 2 16 8
1 7 7 20 9
3 6 10 26 2
2 5 3 13 8
3 6 9 28 3
2 5 8 18 7
6 2 5 13 5
4 7 3 15 8
2 4 7 21 10
6 8 9 26 6
2 10 2 17 6
7 5 8 30 3
8 9 8 35 3
2 1 3 11 9
7 9 5 25 6
10 4 2 18 9
1 7 9 21 4
2 8 8 22 6
3 3 1 14 2
7 7 3 21 4
5 9 3 20 10
5 3 4 20 7
4 3 5 15 6
7 8 3 19 2
7 4 10 28 4
10 3 7 26 1
7 6 4 17 7
10 4 6 26 5
1 6 3 13 6
1 6 6 20 8
3 3 3 15 1
4 5 4 19 7
1 3 8 14 6
6 3 6 22 6
5 3 6 24 7
9 6 9 33 5
9 5 5 20 6
5 5 2 21 3
8 6 3 26 7
7 6 10 32 2
1 1 9 14 2
10 7 7 31 4
5 6 10 25 6
1 6 5 14 8
10 3 9 26 1
5 1 4 13 8
1 5 6 12 4
8 9 7 31 1
1 4 7 18 1
8 7 5 22 4
6 2 7 17 7
2 9 2 18 10
6 1 9 17 8
2 6 4 15 10
10 2 4 21 7
1 9 2 16 1
9 9 1 27 3
9 4 5 26 7
6 5 10 31 7
9 1 3 19 10
7 7 10 33 7
3 9 7 28 3
3 10 8 27 3
4 8 5 25 6
6 2 2 15 10
