350
8 7 7 26 8
2 8 6 16 6
6 1 1 15 2
3 2 3 9 10
1 6 8 15 1
1 10 9 29 3
8 10 7 25 2
4 6 1 11 8
3 5 10 23 3
5 7 4 19 10
2 9 7 27 5
5 3 4 12 10
8 8 8 32 10
5 5 4 23 7
3 4 1 15 3
7 2 5 22 6
10 10 1 24 3
9 10 3 28 3
1 4 1 8 10
3 5 10 25 1
9 3 3 21 5
6 5 2 22 4
10 8 8 33 3
10 1 4 25 9
3 2 9 19 3
6 3 7 23 8
4 6 4 16 3
2 1 5 10 3
2 3 1 16 2
4 6 4 24 8
6 10 1 23 1
4 7 10 21 10
4 3 6 22 7
8 2 5 19 1
3 6 7 17 8
10 2 7 23 4
2 4 1 12 2
5 4 6 16 10
8 2 1 14 7
3 4 3 10 5
10 8 7 28 1
4 1 6 13 9
10 7 6 25 10
9 6 2 19 7
7 6 5 28 3
5 3 3 19 6
2 4 9 24 8
2 10 2 24 4
3 6 4 21 3
4 10 5 20 6
4 6 4 18 4
6 1 3 16 5
10 6 4 30 2
5 8 9 31 9
4 10 10 26 7
10 3 4 25 10
6 8 9 24 5
10 9 2 21 5
2 5 7 16 5
10 10 10 38 8
1 4 9 16 7
10 8 4 23 8
2 6 6 17 7
8 9 4 21 9
8 4 7 21 3
7 4 2 16 3
8 7 9 32 7
1 2 4 12 2
3 9 1 14 1
4 10 7 23 8
6 8 1 18 7
9 10 9 32 1
3 2 4 14 9
10 1 10 23 6
3 7 8 28 7
10 4 8 31 8
2 8 9 22 10
3 2 6 13 7
4 10 7 23 6
3 5 2 11 1
3 2 4 11 10
7 9 4 30 2
7 2 8 23 6
1 10 4 16 6
9 4 5 20 9
1 8 6 25 4
2 9 5 21 10
2 6 7 23 5
6 10 7 23 1
1 4 10 16 3
4 5 1 16 6
10 9 3 28 1
7 3 7 26 9
1 1 8 18 4
2 4 6 17 10
2 2 6 14 3
3 8 4 21 5
8 1 2 16 6
8 9 10 35 4
5 1 4 17 6
7 1 3 13 1
5 9 2 23 4
4 9 5 24 9
1 5 1 17 7
7 3 5 22 4
9 5 2 16 5
3 9 7 24 1
1 6 8 16 2
9 6 10 33 1
3 9 8 30 3
4 3 2 18 5
7 4 10 24 1
3 10 3 19 1
1 9 2 12 8
4 1 3 16 4
8 1 1 10 10
5 7 5 23 9
1 7 9 19 8
10 3 8 23 8
4 7 8 27 10
10 4 3 19 3
6 7 4 18 5
7 8 8 26 2
2 5 3 20 1
2 4 7 15 7
9 9 10 34 2
7 6 10 25 3
9 8 5 27 2
1 8 6 16 7
10 8 2 21 2
10 4 4 19 6
5 10 6 27 10
3 3 3 11 10
2 6 10 20 9
10 4 2 22 5
8 9 8 27 8
5 5 6 21 10
2 1 9 12 8
3 3 5 11 7
5 4 10 26 9
6 8 6 30 5
9 10 2 30 9
4 9 10 28 2
4 3 1 16 4
2 10 6 27 2
6 8 10 30 8
10 3 5 22 3
8 8 5 25 10
7 9 7 33 3
7 1 7 25 5
2 2 2 6 3
10 8 2 22 9
1 8 5 21 9
8 9 8 27 4
6 10 10 35 1
6 3 9 22 8
6 7 7 29 10
8 8 2 19 5
2 4 7 17 10
3 2 7 13 9
6 5 3 14 1
8 9 2 25 9
7 4 2 23 1
6 5 8 22 7
7 5 2 15 9
7 1 1 18 4
9 3 4 21 4
4 8 10 25 4
5 2 2 14 8
7 9 10 30 9
2 8 4 24 3
5 7 7 27 5
7 7 10 33 4
1 9 4 24 4
1 9 1 20 8
4 1 4 10 6
10 3 7 28 7
10 8 9 35 3
9 6 2 21 8
4 1 8 16 4
7 1 3 16 4
9 5 10 30 2
7 2 9 24 3
9 6 2 19 6
2 9 4 15 9
3 8 5 24 3
9 2 7 25 1
6 10 5 28 2
2 9 5 23 5
7 3 3 14 2
1 10 1 19 7
8 1 9 21 6
4 5 5 20 3
7 2 5 19 7
2 5 2 16 2
7 8 10 31 10
8 7 8 25 2
3 4 1 18 10
1 1 6 15 10
10 2 7 20 4
2 5 7 20 1
6 2 7 21 4
6 6 6 21 8
8 9 5 24 10
4 3 7 14 5
2 2 4 17 9
6 4 2 19 5
3 2 2 7 10
8 7 2 22 9
4 8 7 26 6
8 10 2 20 1
7 3 10 30 6
8 5 2 19 7
2 10 7 20 4
6 8 8 22 4
8 3 7 26 10
8 9 5 28 5
8 8 10 26 8
8 1 3 14 7
4 9 2 16 5
9 7 10 29 7
4 8 8 21 8
2 7 8 21 10
2 1 10 13 3
7 7 1 22 3
8 8 8 33 6
9 3 5 26 5
4 2 2 13 6
8 10 7 27 6
7 4 1 17 6
1 1 7 16 9
7 1 4 17 9
3 8 6 20 3
7 7 3 21 2
5 1 5 12 10
8 1 6 22 8
5 7 3 19 9
6 10 4 20 4
1 7 9 23 5
8 9 9 28 6
4 6 2 13 5
3 1 9 23 1
2 3 3 11 6
8 6 3 18 10
6 4 2 19 3
9 6 2 18 2
4 9 5 18 10
2 3 5 20 9
8 7 4 27 5
8 2 5 18 8
3 9 5 26 10
2 1 10 14 2
9 7 9 31 4
5 1 9 21 4
10 4 3 17 9
8 9 1 19 1
4 3 1 14 8
5 2 7 22 8
4 5 3 19 2
4 4 10 28 5
7 2 3 14 2
3 2 5 13 5
8 1 4 14 6
5 1 2 12 1
5 3 10 27 10
8 1 9 24 3
6 6 6 24 3
1 3 10 20 4
8 4 9 29 9
5 2 9 21 2
2 8 1 20 5
3 10 8 27 8
6 6 2 22 7
1 9 10 24 9
9 10 1 21 10
5 3 1 17 7
3 3 7 23 5
4 4 5 17 7
5 6 1 22 1
7 6 7 30 1
3 5 9 18 9
6 5 7 27 9
1 7 7 22 8
2 7 1 14 3
3 8 7 23 10
4 5 8 20 1
6 8 1 18 4
9 4 5 28 7
7 8 8 26 5
6 5 5 21 5
4 10 9 30 7
9 6 2 17 10
6 8 1 24 9
10 2 5 23 7
8 6 8 29 1
2 4 5 17 1
6 8 10 32 2
6 6 1 13 7
1 1 1 6 7
8 4 5 19 1
4 1 2 12 5
9 4 1 14 7
6 5 4 18 5
6 9 2 24 5
5 5 10 27 7
1 6 4 18 9
3 2 9 21 10
7 8 5 22 6
10 3 1 21 9
2 4 8 20 2
1 5 4 17 10
3 8 10 28 3
2 3 9 15 3
3 7 5 24 10
9 4 6 29 7
10 8 4 27 10
4 5 10 26 6
5 6 7 24 4
6 1 7 15 7
8 10 6 30 8
8 8 2 26 8
5 1 10 16 10
6 5 1 18 9
8 8 7 28 4
9 10 2 31 2
8 6 4 20 8
2 7 10 29 5
8 2 9 24 6
3 5 3 12 1
1 10 10 23 4
5 9 3 23 4
2 2 5 10 5
5 5 4 24 5
10 1 4 21 3
8 2 3 16 5
8 6 3 18 8
3 10 2 21 7
8 10 4 22 5
4 1 8 15 9
4 1 1 15 4
5 2 10 26 6
4 8 1 20 8
3 9 5 17 7
2 2 8 20 10
5 6 6 24 1
2 6 6 18 10
1 9 10 23 2
8 3 7 19 8
2 9 8 25 4
6 6 2 15 5
