450
2 8 3 19 4
8 5 8 31 5
6 7 6 20 3
10 8 6 34 1
7 8 3 21 2
3 3 7 23 7
3 1 7 13 6
8 4 5 18 10
4 2 7 21 2
3 8 2 18 9
2 3 1 14 5
9 10 10 32 7
7 8 2 26 8
6 4 2 21 5
10 9 8 35 4
5 10 6 23 2
6 10 8 31 7
3 8 3 18 9
4 10 7 24 6
9 9 9 32 3
1 1 8 14 6
3 1 10 18 3
10 4 3 22 6
8 9 7 30 10
1 2 5 9 1
1 10 6 17 6
7 3 10 30 6
3 9 4 26 7
8 1 1 10 6
4 8 4 21 6
4 4 5 18 6
6 1 1 13 1
10 1 3 17 7
2 7 4 17 9
10 5 5 27 3
2 9 6 23 5
1 9 5 19 5
9 4 8 30 4
4 8 6 19 8
6 3 4 14 2
6 8 6 28 4
7 1 6 18 9
5 9 9 23 7
3 5 5 14 4
7 1 9 24 3
2 4 3 12 3
4 9 8 31 2
8 7 7 27 9
2 5 9 18 3
5 7 10 27 9
1 7 7 20 4
1 10 6 17 10
6 10 1 23 1
3 1 10 14 9
2 10 7 23 2
5 7 7 24 10
2 9 9 25 4
8 1 6 15 8
1 2 8 17 1
8 7 2 19 4
1 6 9 19 2
1 2 3 14 10
8 7 6 31 7
4 6 7 22 8
8 8 9 35 5
1 10 2 13 7
6 9 7 24 2
3 8 2 18 4
7 3 3 22 3
4 2 9 17 1
3 8 6 18 6
2 1 6 10 9
1 7 7 25 10
10 4 8 32 9
3 2 5 18 2
4 6 7 18 6
2 8 5 15 3
2 10 2 14 8
5 9 10 24 6
8 8 9 31 6
3 8 3 23 5
1 4 6 16 5
3 3 9 24 9
9 3 7 24 2
8 2 4 24 3
10 4 8 31 10
8 3 4 16 9
10 10 3 29 7
6 7 8 28 1
6 6 4 17 4
8 1 8 21 4
7 1 4 20 3
6 2 6 19 8
8 9 5 22 4
9 5 3 19 2
10 10 2 23 9
9 2 3 14 8
8 6 2 19 6
2 6 9 23 5
4 6 7 20 8
2 1 9 20 4
4 7 7 26 3
4 7 6 19 2
4 2 8 14 5
5 6 8 28 5
10 9 7 29 5
4 6 8 18 2
3 10 8 29 7
9 6 8 25 9
9 6 5 24 1
1 9 1 12 8
9 8 1 18 8
8 2 6 19 5
8 3 3 19 7
7 7 3 27 3
10 5 4 22 9
7 8 10 25 1
3 5 8 24 10
4 2 9 15 6
9 9 9 35 6
5 4 7 24 2
7 3 8 25 10
2 10 1 13 3
7 5 5 27 6
3 6 6 21 3
6 1 8 17 2
3 5 4 22 5
9 8 9 32 3
8 9 4 24 3
3 5 4 14 9
6 8 5 25 4
2 10 8 29 3
2 3 2 11 6
10 8 2 26 6
4 2 10 26 7
2 9 4 25 7
6 4 10 20 8
8 2 10 26 3
6 7 8 29 3
10 9 7 34 10
9 3 3 19 5
5 3 3 19 1
1 3 1 9 7
10 1 5 24 10
6 2 6 17 5
7 8 4 19 4
8 1 8 20 3
4 10 9 28 3
1 4 3 9 7
3 7 2 18 2
2 8 6 16 2
1 4 7 22 5
6 1 7 21 2
7 10 3 24 7
6 2 1 14 6
5 5 10 30 7
10 8 5 31 5
4 2 6 12 4
1 6 2 19 9
5 1 1 10 2
9 10 4 28 3
6 3 1 12 5
3 9 9 23 10
4 10 6 23 1
3 9 2 22 4
8 2 4 16 8
4 1 5 14 7
1 3 2 9 4
5 6 3 19 5
10 6 1 18 9
8 6 7 25 4
2 9 5 20 9
3 7 6 21 3
6 9 8 25 7
2 3 2 11 7
5 9 9 23 1
1 5 4 17 6
5 1 8 20 7
10 9 3 22 5
10 4 6 26 9
2 10 4 26 9
8 4 10 32 10
6 10 5 21 6
4 1 10 18 6
3 9 9 22 4
4 8 2 19 7
9 4 8 28 9
9 3 3 22 3
4 10 7 29 6
8 9 1 19 4
3 7 2 21 3
6 3 1 20 5
4 8 3 20 2
10 10 1 27 2
8 5 5 21 9
1 7 5 13 9
8 10 10 33 1
10 10 6 32 9
10 6 6 30 5
1 4 5 20 1
5 2 2 19 2
1 2 1 12 5
10 3 1 24 2
7 9 2 22 5
5 1 8 15 2
1 1 8 11 3
6 10 5 27 3
8 10 6 27 8
1 1 7 12 2
8 8 1 22 4
10 5 4 19 4
2 9 9 27 3
7 1 7 20 1
5 3 6 18 9
1 10 1 13 9
1 1 6 11 5
7 6 10 25 3
4 6 1 13 3
2 2 9 13 7
5 5 5 16 8
8 2 9 19 3
9 6 1 20 5
7 9 4 21 3
4 8 2 24 8
7 1 6 14 6
3 10 7 20 4
8 6 10 25 8
8 6 7 24 5
2 10 6 26 6
7 3 9 27 1
4 1 1 6 1
6 8 7 21 3
6 4 8 24 5
5 2 5 21 9
3 8 3 15 9
10 2 9 25 1
2 10 1 19 2
4 10 4 24 2
6 8 3 18 9
5 6 8 22 6
7 2 4 19 8
6 5 10 28 8
10 9 9 29 4
6 9 2 24 10
5 9 3 20 5
10 10 1 22 5
6 5 2 13 6
3 5 3 17 9
1 3 10 14 10
10 8 9 35 9
2 10 2 20 6
8 7 4 22 6
4 9 1 20 7
7 9 6 30 9
1 5 1 17 5
1 9 7 27 5
9 8 8 26 6
7 4 4 17 1
8 9 5 26 5
3 5 7 20 4
7 5 9 26 8
2 10 9 23 1
10 1 9 23 4
10 5 10 33 10
5 5 10 21 1
8 9 4 29 7
3 10 9 27 10
8 1 3 14 8
6 3 1 17 6
3 3 2 11 3
1 2 10 16 4
8 4 1 17 4
4 1 7 15 4
3 8 1 20 10
1 6 9 22 10
3 6 10 29 1
10 4 2 19 9
6 8 3 26 6
10 2 3 22 3
5 5 9 23 9
7 5 4 16 2
10 1 10 29 7
3 1 1 6 7
6 7 7 25 6
8 2 6 23 5
7 10 2 21 1
5 7 3 22 8
6 10 1 23 10
1 6 4 21 9
8 7 1 24 1
2 10 8 29 9
7 2 5 14 3
5 8 5 20 1
4 6 9 24 2
10 10 6 32 7
5 10 8 28 7
9 4 7 27 5
8 7 7 26 5
6 2 5 23 9
7 10 5 32 3
1 3 2 6 5
10 8 7 25 2
1 3 8 16 2
6 1 7 20 2
9 3 3 15 4
8 3 2 21 6
7 8 8 29 6
9 9 2 20 4
10 1 9 26 8
4 9 6 22 9
8 9 5 25 9
2 1 9 18 9
10 4 4 28 4
7 9 10 34 5
7 1 7 20 8
10 5 5 20 1
6 1 2 12 9
8 3 8 19 3
5 6 1 19 1
5 9 9 24 6
8 3 9 26 5
7 1 10 23 5
8 9 7 25 9
9 6 1 25 1
2 9 5 16 7
5 6 5 19 10
3 3 2 16 7
1 8 10 20 7
2 6 6 14 7
5 4 2 20 3
5 8 3 26 5
6 9 1 26 4
4 3 2 18 9
10 2 6 26 1
2 1 10 22 4
5 6 4 19 5
4 5 2 11 9
3 3 9 21 5
5 7 4 17 6
5 10 10 25 9
6 8 6 29 1
5 8 2 23 10
8 7 4 29 6
8 6 5 29 7
4 7 5 25 3
9 4 1 21 10
1 1 9 18 6
7 2 10 20 7
3 4 7 24 9
5 1 2 18 1
1 10 8 26 3
2 3 10 22 3
5 2 8 17 10
3 3 2 18 2
5 6 1 20 1
1 6 7 19 1
7 6 4 19 2
2 5 6 17 1
8 5 3 18 5
9 1 7 26 3
8 10 6 29 8
6 1 8 21 5
4 3 5 20 6
6 5 8 20 8
2 8 5 20 5
8 4 9 27 10
10 9 5 33 9
5 5 9 27 6
7 6 3 16 2
4 8 4 17 10
6 7 2 23 2
5 2 7 14 1
9 5 5 27 8
6 2 9 26 9
5 6 5 22 5
2 10 7 20 3
7 7 5 28 6
4 9 9 30 3
4 3 1 18 3
5 4 6 25 9
4 9 3 26 2
8 6 10 33 6
5 1 10 24 4
5 5 2 17 4
5 4 4 20 4
9 4 5 23 2
10 7 1 26 3
2 5 6 15 7
7 10 6 32 3
10 7 6 33 3
3 9 1 15 6
1 5 1 17 10
8 2 9 22 4
6 10 2 22 4
7 7 1 17 7
8 9 7 28 9
5 7 1 16 3
7 9 10 26 3
3 10 7 25 6
6 9 3 27 3
9 4 8 26 5
4 9 4 17 10
1 4 3 10 2
10 4 3 27 6
6 9 6 29 3
1 8 10 22 8
10 7 8 28 10
10 5 4 22 6
10 9 3 31 3
3 8 7 23 1
1 9 1 14 6
9 2 5 18 3
3 6 1 16 5
7 8 1 26 4
1 5 1 16 7
6 9 5 25 9
3 7 1 21 10
7 8 5 21 8
10 4 1 22 5
2 9 3 15 2
2 9 7 20 7
1 8 2 20 4
7 1 2 15 5
7 8 8 26 10
7 1 1 13 1
5 8 1 17 6
3 5 4 22 10
3 2 6 21 9
1 6 6 20 4
9 10 6 35 5
5 7 7 28 6
6 3 6 18 5
4 1 6 12 2
9 6 5 20 8
3 7 5 24 2
3 2 3 8 2
4 10 3 26 6
10 9 5 25 2
5 6 9 30 2
10 8 2 26 9
2 7 4 21 9
2 4 5 12 2
10 1 10 21 10
10 1 3 14 5
8 6 9 24 10
2 6 1 10 5
3 3 6 22 6
3 5 8 23 2
6 6 7 26 9
2 8 6 21 2
