100
3 9 10 27 10
3 4 7 18 4
3 10 3 16 6
9 6 1 18 7
10 3 3 19 10
6 4 2 20 8
9 5 10 27 9
4 5 2 12 9
4 1 4 13 6
4 2 7 16 6
6 10 8 27 7
1 3 1 5 5
7 3 5 17 10
6 4 5 19 9
7 10 1 28 10
6 2 1 12 6
7 2 7 25 9
10 4 3 21 1
1 3 3 11 9
6 9 8 25 5
1 1 9 21 4
1 9 7 25 3
3 8 1 13 9
10 6 5 21 8
6 3 10 29 1
7 1 5 23 5
9 9 3 24 7
2 5 4 18 4
2 8 10 23 5
8 2 1 19 5
1 3 8 21 2
4 4 6 17 1
6 9 2 20 3
7 3 3 14 1
8 5 7 24 8
5 2 5 19 2
3 6 9 21 8
7 5 1 20 3
4 8 7 27 8
9 6 1 19 9
4 10 10 24 3
10 8 2 27 2
4 8 9 21 5
4 8 6 20 6
6 1 6 13 3
10 5 1 21 6
8 9 8 29 9
5 3 2 19 1
3 7 7 21 5
7 3 7 22 3
3 6 2 17 3
8 2 3 23 5
9 7 4 22 10
2 3 7 18 4
8 10 5 30 2
4 6 8 23 5
5 10 5 23 8
3 7 1 17 6
6 2 10 21 4
4 4 4 13 6
4 10 2 26 9
8 9 6 27 1
5 3 8 19 2
5 8 10 24 8
4 6 2 22 6
2 9 4 24 4
5 10 8 32 6
9 8 9 29 9
9 4 2 24 9
5 8 10 31 2
3 9 9 27 9
4 10 9 24 9
1 4 10 22 8
2 3 3 14 4
8 6 2 25 1
7 3 3 23 6
3 2 3 16 4
6 5 5 17 9
5 5 8 28 2
7 5 8 29 1
1 9 1 15 2
2 7 5 18 5
6 3 6 17 8
6 9 8 30 4
5 8 10 32 5
7 2 10 24 1
7 10 10 35 4
10 7 9 28 7
10 5 3 26 5
4 7 6 20 8
6 10 6 27 3
4 1 7 16 7
6 4 1 11 6
10 7 6 26 4
9 5 8 26 1
10 9 6 32 7
2 6 2 18 3
5 9 7 26 10
5 4 1 16 10
2 3 1 10 4
