50
7 5 10 29 1
10 10 8 34 7
10 1 6 23 9
4 1 8 16 2
8 10 10 31 7
5 6 8 23 7
9 2 7 27 8
2 8 10 25 4
1 4 2 16 6
4 2 10 20 4
1 9 9 29 7
5 3 1 19 9
2 5 7 14 7
10 7 10 29 3
8 8 6 25 10
7 1 9 25 10
6 10 2 26 8
10 5 6 25 8
5 8 2 23 10
5 7 5 27 6
2 10 8 24 1
4 10 1 25 4
8 10 5 25 4
4 7 9 22 8
2 7 4 16 9
5 2 2 11 2
10 5 4 26 5
8 3 4 15 8
8 10 1 29 10
5 8 1 16 3
8 2 7 24 10
9 8 3 25 7
4 3 10 25 7
2 8 1 21 2
7 6 1 14 2
8 6 8 28 7
2 2 7 19 9
9 1 7 25 5
9 5 3 20 3
2 8 2 14 3
5 4 8 17 9
2 6 9 17 1
9 8 10 29 8
3 1 6 20 3
2 10 1 13 6
4 3 2 19 5
9 7 6 24 3
4 4 4 13 5
5 5 5 25 6
7 7 1 18 9
