400
7 10 2 23 6
3 9 5 26 3
8 10 7 32 10
5 8 5 22 9
1 8 7 25 3
10 1 5 17 3
7 1 3 14 8
5 3 2 12 2
10 6 7 25 7
1 7 2 16 4
4 7 2 18 7
10 8 5 29 10
6 10 6 22 8
10 1 3 15 6
4 8 3 15 6
5 7 5 22 10
4 8 6 28 2
7 1 2 11 8
10 7 5 24 8
9 1 7 18 9
9 5 6 20 1
3 3 7 18 3
1 5 10 21 4
6 1 9 25 3
2 3 8 21 2
1 6 7 21 3
9 6 5 25 5
10 5 6 26 9
5 6 2 14 10
2 10 6 18 7
2 9 9 22 8
2 3 6 19 7
4 8 6 25 5
7 9 5 28 2
6 1 10 17 8
2 5 6 23 8
6 7 7 25 4
5 8 6 28 10
8 6 9 31 4
10 7 3 26 4
5 6 1 17 7
10 1 9 28 4
6 8 10 26 2
6 3 10 28 4
4 4 5 22 6
1 4 1 11 10
8 7 6 22 3
2 2 10 18 2
2 3 4 9 7
9 2 7 26 4
3 10 2 17 4
3 3 1 17 5
9 4 10 25 8
7 2 5 20 8
2 4 6 19 6
5 5 1 21 6
10 1 9 30 4
9 7 2 18 4
4 10 2 24 1
3 9 1 23 4
4 3 10 24 8
1 3 1 11 8
6 8 4 27 5
9 1 1 16 9
5 3 7 23 8
3 4 1 18 3
7 5 10 27 8
9 5 5 26 2
8 10 2 26 7
4 4 4 19 2
8 3 6 26 5
9 4 5 21 10
2 10 7 21 1
4 5 3 21 3
2 4 6 17 1
5 9 4 25 2
10 9 6 34 5
1 4 7 15 3
7 9 2 26 5
9 3 8 21 10
7 9 6 23 6
3 7 3 22 10
3 3 6 16 10
1 5 7 16 3
10 8 5 29 1
4 10 5 28 6
4 7 3 22 10
5 1 9 20 6
3 4 7 16 2
5 1 7 16 6
9 6 1 21 5
8 6 7 21 6
4 8 3 20 4
4 3 4 13 7
8 4 10 31 5
9 4 9 27 6
10 6 2 22 7
9 8 2 28 9
1 4 3 17 3
1 6 6 19 1
9 8 10 35 6
8 3 1 18 2
3 3 3 9 4
8 9 5 31 5
8 10 1 26 1
5 9 2 26 1
7 3 5 21 5
2 2 10 21 10
7 5 1 14 4
3 8 3 15 6
2 6 9 23 5
4 8 3 20 2
8 5 9 23 9
9 8 2 20 9
3 4 8 23 6
8 1 6 21 4
6 6 7 22 5
10 6 4 30 1
5 2 9 20 3
1 1 1 9 5
4 1 10 25 6
7 6 5 24 2
2 6 5 17 3
4 7 3 14 7
9 8 6 23 4
3 6 3 19 10
8 8 10 34 5
6 4 5 15 7
6 8 9 23 9
3 3 10 17 2
3 3 7 14 9
1 2 6 13 7
7 2 8 21 6
2 10 2 16 2
3 9 10 26 8
7 4 7 22 8
2 1 10 15 2
5 4 4 13 9
8 5 9 22 2
9 3 1 22 2
5 1 8 24 3
6 9 1 16 5
10 7 6 31 3
3 10 10 29 7
2 4 4 15 9
9 7 3 27 4
10 1 5 18 5
8 2 4 15 2
9 7 7 23 2
1 3 4 10 3
1 4 6 21 2
8 5 3 26 6
2 8 6 16 6
5 5 7 23 6
2 4 5 14 8
5 7 7 22 7
2 4 7 16 5
3 5 8 25 7
6 7 10 33 6
6 6 1 13 8
4 1 9 17 4
2 8 6 22 2
8 8 3 28 8
6 7 10 29 10
1 7 1 19 1
2 5 7 18 4
8 2 6 20 10
2 1 9 15 10
6 4 9 22 5
2 4 5 17 6
9 8 7 31 7
3 5 4 20 10
8 5 4 25 4
2 6 6 14 6
3 2 8 22 9
6 1 6 23 8
1 9 2 17 9
2 8 1 13 9
4 9 7 22 5
4 7 8 23 9
2 1 5 9 5
7 7 5 29 3
2 9 6 26 4
1 6 3 17 8
3 2 2 11 6
3 4 7 21 5
9 7 3 28 10
4 6 5 21 3
8 7 4 29 2
10 9 2 29 4
7 4 4 17 7
4 5 4 18 8
2 4 8 21 4
6 6 7 27 1
1 6 5 22 2
7 1 5 20 6
10 3 9 26 8
1 1 8 11 4
6 5 10 22 7
3 8 4 20 2
6 7 8 26 4
10 10 6 26 8
1 10 3 17 6
4 4 3 18 10
1 10 10 25 5
1 8 2 18 8
5 2 5 15 10
6 7 4 19 5
9 7 2 18 9
10 4 4 18 2
2 6 6 21 10
9 10 5 29 9
6 2 3 14 2
8 2 5 25 10
5 7 9 23 6
10 3 10 23 6
2 6 3 15 3
10 2 4 24 6
7 7 9 26 10
3 4 8 18 8
7 5 1 14 1
1 10 9 30 4
5 6 6 19 1
6 2 8 26 2
9 6 1 19 6
3 1 4 16 4
2 3 8 17 1
10 8 5 32 7
10 8 1 21 10
6 6 3 24 5
1 4 8 18 2
10 9 8 35 7
8 3 10 24 1
8 4 2 14 10
6 8 3 20 2
6 3 2 18 3
8 8 7 26 7
2 9 9 22 7
10 7 3 30 2
7 7 10 33 1
1 4 5 17 9
9 5 1 20 10
4 8 8 27 2
1 4 6 12 3
3 2 1 8 9
10 5 10 30 10
8 7 3 25 5
2 8 10 21 1
2 7 5 16 4
8 6 6 23 6
5 9 2 22 1
9 4 9 22 8
7 7 4 22 7
3 3 9 18 6
4 3 2 14 7
6 6 7 26 9
2 5 2 13 1
7 4 2 23 2
7 3 10 24 2
4 5 6 16 9
7 6 6 26 3
7 3 6 20 10
6 4 7 26 3
4 10 8 24 5
3 7 3 19 1
4 7 1 14 9
1 10 6 17 7
6 1 4 11 5
8 3 4 20 9
7 5 5 26 8
10 9 1 27 8
1 10 4 20 7
10 8 8 34 8
7 10 1 22 9
1 7 3 16 5
10 2 9 30 9
5 7 5 19 6
7 4 3 17 1
8 4 5 20 8
1 7 10 22 2
9 9 8 34 9
9 6 1 18 5
9 1 8 20 5
6 5 6 27 2
3 10 2 24 8
5 2 10 22 8
8 6 2 16 8
6 2 5 18 2
5 2 4 17 5
8 2 7 23 10
3 10 7 21 3
2 7 7 22 7
9 1 2 21 10
1 7 2 14 4
5 5 9 22 9
7 10 4 30 3
9 1 1 11 6
8 10 1 26 7
7 2 3 17 8
6 2 4 16 10
3 4 9 16 8
2 9 6 27 5
3 4 6 15 6
2 4 7 15 10
1 10 10 22 8
5 9 7 31 3
6 9 7 28 9
3 8 10 23 4
5 4 5 21 1
9 7 5 31 5
3 6 4 18 4
9 1 6 23 6
5 10 5 29 10
10 7 4 28 10
1 3 2 12 3
10 9 8 28 8
5 6 2 15 8
9 10 5 33 1
4 8 7 28 1
4 10 10 27 9
2 2 9 17 2
5 9 8 25 2
7 7 6 20 6
10 5 4 22 1
7 2 3 13 7
1 7 7 22 5
9 3 6 18 3
5 7 4 16 10
7 8 9 31 10
5 1 2 13 7
5 7 6 18 7
8 10 9 28 8
5 1 2 18 2
7 8 1 17 8
3 5 8 23 9
8 9 1 18 3
4 1 6 11 9
7 5 10 29 8
10 3 2 21 2
6 10 3 29 9
6 1 1 15 2
2 9 6 24 8
7 7 10 29 6
2 2 6 17 9
7 10 8 30 6
5 2 8 22 5
2 2 10 15 10
8 3 2 18 1
4 6 10 22 5
8 6 4 27 2
2 8 9 24 5
10 7 1 19 9
4 5 5 18 7
4 2 10 16 5
6 7 2 23 5
5 3 7 20 5
10 6 7 26 8
1 4 1 14 8
10 4 10 28 6
7 9 6 31 4
7 1 4 12 2
4 4 9 26 2
5 8 5 25 2
9 4 5 24 5
1 10 3 20 9
8 1 2 11 9
1 2 4 13 3
4 2 4 12 7
3 8 8 19 6
9 2 6 23 7
3 7 7 27 6
6 1 3 16 7
2 4 3 16 8
2 10 10 32 4
9 1 1 18 1
4 1 5 20 6
6 6 5 25 4
6 1 5 14 9
3 10 4 23 4
10 8 9 31 3
2 3 10 16 7
5 9 4 28 6
8 9 5 26 7
1 1 7 16 7
10 6 1 18 10
9 1 4 19 4
7 4 1 18 3
5 9 6 27 5
6 1 8 19 1
6 7 10 26 6
1 6 7 16 8
5 1 2 11 4
8 9 9 34 5
6 3 5 17 9
4 3 3 16 7
4 1 5 20 2
7 9 1 22 7
9 10 1 23 10
4 6 8 28 7
10 3 2 17 7
