450
1.0 0.57 0.35 0.39 0.34 
9 319
7 22
6 252
1 208
4 157
13 38
25 98
1 227
3 114
30 123
3 331
2 52
5 252
2 31
2 77
4 323
4 120
1 117
1 274
2 108
3 82
0 209
5 132
17 231
2 167
5 54
13 14
10 135
3 29
6 79
2 276
4 201
7 72
3 80
4 235
4 272
2 288
10 158
6 33
2 42
1 73
12 272
0 101
8 288
10 253
1 154
2 333
6 130
8 38
7 9
22 237
1 114
9 105
7 111
5 285
8 276
22 330
5 315
8 113
4 292
1 40
40 172
10 137
7 308
3 129
35 161
10 148
1 86
5 16
3 145
3 325
7 1
2 190
0 47
5 149
7 62
12 13
1 52
8 4
13 77
35 67
5 260
6 1
30 246
6 236
40 134
35 53
1 291
5 302
2 178
2 98
5 318
40 335
10 91
11 206
5 328
8 143
5 22
8 157
5 175
8 0
4 232
0 58
1 225
2 185
2 65
0 216
10 69
7 218
6 38
9 328
7 183
1 183
15 115
0 265
4 85
5 131
5 96
6 120
0 94
4 319
8 104
1 238
2 67
2 328
5 18
6 189
6 150
5 302
1 125
13 281
6 236
17 264
6 111
5 162
0 261
3 190
3 40
6 205
2 185
2 104
3 187
11 303
11 39
2 139
9 208
3 214
0 178
40 306
1 271
1 28
3 93
0 157
5 283
2 167
25 125
0 318
0 312
2 26
1 20
5 12
3 296
11 208
10 198
5 71
1 138
25 126
15 187
2 216
22 189
8 143
15 237
1 31
7 154
3 234
3 207
25 137
4 120
22 241
5 163
25 227
1 221
5 238
2 232
10 163
6 23
5 261
9 263
8 111
8 289
3 163
7 150
2 159
3 332
10 324
20 18
2 193
4 139
50 106
6 336
12 183
15 101
12 330
2 8
5 219
2 267
8 47
2 208
25 300
0 268
1 136
6 248
1 48
5 131
10 64
3 1
5 49
3 148
20 230
0 4
8 275
2 99
3 157
35 104
25 155
15 162
5 223
10 17
10 267
20 337
0 124
20 119
3 196
6 320
6 126
3 245
2 186
45 191
10 269
3 71
3 335
0 210
1 125
3 254
5 198
3 315
1 48
7 337
20 158
1 176
50 64
5 161
8 168
9 89
8 79
3 53
6 263
6 202
1 291
22 81
11 205
3 33
5 142
0 153
0 71
5 274
3 309
20 7
10 146
20 258
8 287
4 118
0 294
2 242
8 206
6 106
2 108
5 174
5 168
5 319
1 331
0 245
2 23
2 203
2 140
2 237
7 242
12 146
0 107
4 118
50 179
3 135
1 214
7 2
1 62
6 162
1 266
1 58
5 148
2 244
2 56
15 149
5 242
2 171
3 111
4 298
17 253
22 315
4 8
1 119
5 39
9 31
3 268
4 314
15 174
4 187
2 87
0 196
2 243
2 134
1 90
7 186
5 290
2 188
7 252
1 159
3 117
8 335
1 191
0 132
6 163
7 63
2 37
1 287
5 30
11 39
5 222
3 322
5 157
16 102
17 173
4 285
5 0
5 41
12 82
40 274
3 135
8 248
15 44
8 99
8 330
1 64
6 285
15 138
15 91
5 45
2 105
2 189
4 221
30 228
0 63
7 213
2 333
3 177
1 51
3 241
9 99
12 132
17 247
2 331
3 303
6 4
5 161
5 236
1 59
8 311
1 205
6 299
15 165
3 273
5 233
4 118
5 92
15 173
12 15
5 173
1 319
2 61
15 111
17 84
1 285
6 92
5 11
2 110
15 329
6 303
10 262
1 287
5 14
7 60
12 243
5 119
10 287
7 243
6 252
30 39
12 112
6 329
22 183
5 305
2 5
10 323
5 295
2 70
2 162
2 183
5 163
5 189
7 129
25 78
0 67
2 290
1 164
5 261
11 119
10 174
1 35
10 177
5 142
25 222
1 173
7 102
30 335
3 193
3 3
13 99
0 155
5 264
2 214
3 116
5 134
5 121
5 179
12 1
6 62
5 117
4 321
4 234
10 88
0 327