250
1.0 0.31 0.31 0.73 0.89 
0 31
1 34
12 118
2 23
5 49
1 115
3 187
50 148
5 144
6 90
6 186
7 83
1 172
30 136
5 128
2 140
3 74
7 56
7 90
5 75
1 178
6 140
2 46
6 43
6 175
15 58
5 93
4 125
7 56
2 153
12 55
5 96
25 69
5 170
2 95
1 5
2 46
5 178
2 20
5 102
5 56
5 65
5 131
5 61
17 171
5 180
8 149
25 111
3 147
25 89
1 150
7 62
0 2
15 159
0 31
20 169
7 117
0 53
8 5
4 102
15 145
4 28
0 150
3 57
1 144
1 155
12 110
45 130
40 113
2 92
6 143
3 130
3 77
3 93
2 181
1 16
11 44
5 58
4 9
25 57
3 51
16 30
3 37
10 153
8 163
16 143
0 3
12 140
3 147
1 146
25 136
3 116
6 83
20 153
4 1
4 45
0 72
3 46
15 18
0 157
30 73
7 41
35 184
10 115
15 148
2 22
10 27
2 98
1 105
3 113
5 136
5 123
17 108
2 16
1 57
5 91
1 119
2 40
5 38
6 177
15 59
5 96
12 167
2 21
3 164
4 65
6 112
2 124
15 113
1 46
3 15
10 61
9 124
2 173
2 173
12 118
13 85
4 16
25 80
3 13
1 90
0 100
7 77
1 27
6 100
5 133
5 99
6 152
2 179
3 118
0 96
3 7
3 185
1 135
10 168
5 174
0 173
1 44
3 136
5 7
2 67
1 15
25 131
3 115
2 0
30 115
6 117
12 106
15 186
5 36
5 147
22 123
2 64
2 45
0 141
5 76
6 42
5 8
6 53
8 166
20 185
11 34
1 123
3 164
3 85
15 114
5 130
1 98
1 155
2 126
15 121
2 142
5 98
50 171
1 162
3 74
3 82
6 75
17 71
3 96
3 170
15 121
30 56
5 126
5 66
16 160
3 109
25 3
6 121
1 1
3 108
10 59
5 19
1 1
7 177
5 153
3 171
10 175
17 65
1 63
45 99
10 151
4 153
4 89
3 138
10 101
3 108
1 155
2 61
5 106
5 119
12 73
15 140
17 76
3 9
5 40
9 70
6 179
30 153
10 132
7 9
12 88
3 173
1 69
5 12
9 91
5 102
6 9
2 13
3 99