400
1.0 0.44 0.94 0.45 0.34 
5 148
7 109
1 159
12 22
6 56
15 23
6 92
10 136
6 15
4 243
1 9
1 230
5 56
4 40
3 59
2 235
25 269
2 109
3 23
8 126
5 136
12 43
0 120
0 159
1 89
5 204
13 223
1 62
1 44
7 12
0 27
5 43
0 218
1 177
8 202
4 210
5 216
1 40
6 298
3 92
5 116
10 12
3 119
2 177
5 291
2 184
10 249
2 121
1 164
35 270
4 163
12 211
1 158
2 255
5 142
1 206
1 153
15 9
2 21
25 101
2 155
8 165
3 232
25 30
2 121
5 280
8 154
11 206
4 87
3 125
25 224
35 181
3 38
2 0
2 188
12 28
25 158
30 72
1 49
7 70
5 151
10 120
15 74
22 43
5 160
5 226
7 83
1 294
25 60
6 181
2 225
17 148
2 270
7 104
5 200
2 53
2 159
10 291
0 275
2 138
11 241
2 99
3 137
3 200
6 176
2 87
5 4
8 188
5 249
2 239
2 236
1 34
4 281
6 260
3 112
16 91
17 74
0 77
6 207
17 98
30 10
1 56
0 256
11 206
4 96
4 11
10 81
3 98
1 45
17 274
1 19
0 46
2 13
6 4
5 122
16 10
1 169
7 72
25 129
6 97
6 142
40 6
16 24
0 96
4 84
5 182
6 282
4 141
5 220
10 195
5 251
2 200
50 282
1 283
50 138
1 130
1 62
2 105
3 12
6 21
3 127
10 36
25 24
1 268
22 295
3 101
4 253
2 150
8 199
1 192
5 189
15 139
0 90
3 212
6 54
4 11
0 195
10 72
35 215
2 130
6 296
40 56
40 39
3 98
3 145
1 124
1 299
1 58
20 95
17 186
10 0
2 210
5 182
20 19
1 106
3 153
6 7
5 240
5 4
4 207
17 100
5 246
4 268
0 234
40 290
6 1
3 144
15 289
25 259
5 52
30 138
1 247
4 41
1 116
5 207
25 138
8 144
7 82
6 74
1 22
2 159
1 277
8 73
5 42
22 95
2 140
10 48
0 60
3 42
2 227
1 75
22 48
2 206
4 289
2 181
4 70
5 105
1 58
2 79
7 299
7 244
8 27
10 29
2 184
16 44
8 38
15 184
3 292
45 77
6 153
5 94
20 150
8 9
2 98
10 97
0 264
2 251
10 275
22 231
15 174
6 140
5 123
2 264
2 125
15 110
45 68
12 36
5 205
2 238
12 10
4 75
7 257
5 231
1 102
2 265
8 142
3 78
0 130
6 245
5 185
11 223
3 131
10 118
20 180
8 15
0 253
3 253
2 164
35 194
2 135
3 107
2 246
5 208
7 86
5 104
5 121
3 87
50 108
6 141
1 295
7 147
3 142
5 76
5 256
5 93
4 210
2 54
22 256
11 145
3 66
12 273
0 79
5 30
4 109
6 54
3 6
5 28
3 217
40 43
4 1
6 18
6 216
0 122
3 289
22 13
8 56
3 282
9 126
1 132
7 245
4 105
4 33
22 82
1 20
15 293
17 104
5 172
6 22
5 212
5 13
8 280
1 153
1 182
1 291
11 236
16 288
20 42
11 170
20 23
6 224
3 112
0 124
3 84
4 267
2 246
8 152
2 115
2 136
1 37
7 244
5 256
11 282
30 300
3 179
3 102
4 85
2 284
25 142
0 184
2 113
8 262
8 214
2 278
2 141
5 200
6 268
3 273
1 62
8 24
3 93
5 165
4 78
0 198
5 19
8 97
3 2
10 66
8 154
2 64
4 127
3 103
3 224
5 277
5 143
6 159
2 48
3 96
5 162
4 286
1 131