100
1.0 0.41 0.27 0.45 0.46 
3 42
12 0
1 51
20 4
5 2
2 59
3 25
11 51
9 33
6 22
20 51
1 8
0 11
10 1
9 48
3 17
8 14
10 42
25 11
50 35
3 26
8 63
45 72
5 50
40 70
0 6
5 56
1 9
20 31
7 42
13 8
3 39
3 54
45 68
10 62
2 70
17 1
6 34
5 3
7 64
1 30
1 59
12 13
10 33
5 42
5 62
20 52
9 41
2 18
2 59
4 0
7 75
3 66
17 0
5 54
1 64
0 66
5 15
40 44
3 29
0 36
4 0
3 71
4 23
2 21
0 63
3 15
5 34
8 46
6 40
0 49
3 74
5 34
3 60
45 2
12 1
17 37
5 31
8 0
5 65
7 51
6 43
5 47
4 64
3 9
17 49
11 12
1 55
3 65
10 19
3 10
2 61
1 6
2 68
2 33
7 40
6 48
1 46
30 63
15 43