150
1.0 0.9 0.79 0.78 0.95 
3 52
5 13
13 44
10 63
5 85
1 62
2 7
30 98
15 77
5 13
5 17
3 1
7 108
8 94
5 32
15 8
8 57
4 28
4 57
12 73
3 39
7 50
6 50
5 3
4 102
5 1
2 39
12 14
8 62
10 40
2 38
2 97
4 26
4 33
6 48
10 97
9 93
5 29
1 87
3 10
2 106
5 108
4 11
16 53
4 101
5 88
2 53
50 92
6 35
17 75
0 20
7 97
5 69
2 111
20 52
22 47
3 65
10 24
4 11
8 29
0 23
1 109
40 36
3 101
1 44
8 112
4 14
5 66
5 55
6 43
3 64
3 103
10 99
3 59
4 37
1 49
10 10
3 16
20 106
2 107
8 36
12 13
1 104
2 38
6 104
4 37
10 16
6 34
1 86
5 29
35 6
5 67
1 82
2 67
35 22
45 69
5 88
10 21
7 90
0 65
15 31
1 72
5 34
12 51
2 109
12 54
1 25
45 32
5 59
20 75
4 102
0 81
3 93
3 65
17 41
6 87
1 91
2 13
45 86
3 73
3 0
2 20
16 54
2 23
12 24
3 87
3 44
4 34
5 79
7 71
9 98
7 78
50 58
5 45
5 69
1 64
4 29
2 74
2 77
3 3
2 35
5 100
5 57
7 82
4 17
0 54
25 97
17 64
1 36
3 73