200
1.0 0.73 0.39 0.55 0.41 
0 19
8 148
3 97
5 58
1 40
3 86
6 91
1 112
2 71
10 79
2 84
1 32
5 120
9 124
13 141
40 52
5 28
0 132
12 130
5 12
5 61
45 103
0 139
5 138
1 21
7 41
3 149
7 17
6 136
0 78
12 28
7 97
0 120
5 42
6 48
2 80
1 24
6 104
2 134
5 120
35 135
15 121
25 45
5 104
0 123
3 101
5 16
0 145
12 95
9 48
1 65
3 124
17 84
20 142
6 124
12 35
3 3
6 107
13 47
25 38
1 122
11 45
1 16
4 145
1 95
6 43
7 121
3 52
17 10
20 91
3 146
13 116
40 4
4 111
1 51
4 64
4 122
3 58
2 17
10 116
2 107
25 30
40 103
5 15
4 33
20 117
15 35
3 142
5 126
35 41
5 143
2 17
10 5
45 5
8 132
4 110
2 71
6 101
2 96
3 30
2 93
2 79
2 6
2 15
10 65
3 5
13 69
3 49
6 137
3 29
7 9
2 92
2 90
2 130
4 30
3 118
0 49
5 123
45 108
16 138
30 92
5 105
5 131
1 147
3 116
12 112
3 146
10 34
2 100
6 46
35 34
5 123
0 66
10 146
45 10
1 88
3 24
2 110
11 119
4 129
1 94
1 54
5 10
9 31
3 55
3 92
7 100
6 43
5 67
2 87
2 120
4 150
5 60
4 81
5 39
5 117
3 21
0 80
0 19
3 23
1 50
12 116
5 66
25 79
6 9
6 120
40 18
5 35
1 5
5 20
3 65
5 70
16 136
30 45
2 6
8 102
0 114
3 88
1 113
10 58
3 37
12 134
1 87
2 144
8 31
4 69
3 81
5 32
1 142
5 6
2 112
1 36
8 141
15 37
15 68
1 65
1 100
1 69
7 140
9 137