350
1.0 0.45 0.74 0.83 0.71 
5 150
4 222
8 91
1 157
17 92
1 226
11 72
5 80
3 96
7 89
4 47
3 51
35 227
3 98
25 167
5 248
11 185
0 221
4 170
1 99
6 30
2 185
2 224
45 121
1 121
5 246
16 108
10 160
8 206
4 217
1 212
8 243
5 177
4 162
20 49
3 50
0 252
5 175
1 138
1 183
6 121
6 25
7 256
3 170
1 184
10 90
8 58
3 71
16 115
6 231
5 160
50 108
9 22
15 175
13 2
8 245
1 230
7 30
6 99
6 124
20 134
1 176
5 155
3 65
30 230
2 233
4 227
17 103
1 235
5 124
2 80
5 12
35 189
2 46
3 137
4 185
2 52
20 93
22 98
8 147
3 74
2 233
10 89
9 199
22 210
50 209
2 230
5 18
4 75
1 22
25 103
0 102
4 249
3 233
3 21
8 113
50 88
5 145
2 102
2 181
9 178
12 166
1 68
7 88
2 185
5 10
2 0
40 201
2 37
5 36
2 2
0 220
7 69
8 177
2 31
5 215
5 133
1 14
7 9
5 70
5 31
1 175
8 2
7 101
10 136
2 121
7 81
1 93
16 209
4 246
5 105
7 195
2 60
17 32
5 150
50 64
30 225
2 129
1 12
1 200
7 180
1 72
15 252
2 206
3 212
2 10
8 126
8 138
1 190
1 69
5 199
12 90
0 178
13 77
15 139
11 148
5 110
20 99
20 186
8 138
35 37
5 5
11 258
1 16
4 15
13 91
3 87
3 32
3 207
5 32
20 67
4 175
7 35
35 120
9 104
10 38
2 129
8 232
8 250
5 233
10 65
11 207
10 94
4 73
2 213
3 160
11 120
15 46
5 5
3 242
5 160
5 66
30 17
1 20
3 33
7 209
0 233
6 205
4 109
8 75
7 9
6 245
3 35
17 66
0 207
2 259
15 30
22 41
5 246
15 134
7 240
10 39
8 69
0 23
1 186
8 105
3 245
2 249
15 247
5 132
10 124
1 79
4 33
5 257
7 261
5 258
17 153
5 38
12 231
4 3
5 94
5 230
15 69
40 56
30 252
4 76
50 184
3 220
5 197
16 87
6 123
5 2
4 5
22 215
40 232
5 216
3 40
8 261
45 89
4 47
3 163
3 42
5 25
3 223
15 166
5 200
3 66
7 81
12 134
5 89
2 210
5 11
2 166
11 129
3 201
45 53
3 91
0 69
4 144
5 15
25 16
11 3
1 186
8 116
16 217
10 84
5 118
35 72
3 246
7 75
3 102
0 181
8 249
3 49
35 114
4 160
2 190
8 117
6 261
7 171
11 74
50 220
3 43
3 15
7 140
3 193
12 154
3 64
3 177
30 243
4 53
12 28
3 163
2 195
6 18
7 187
3 242
8 240
22 132
4 141
6 164
15 171
3 192
1 138
20 210
20 94
35 202
10 139
6 150
9 238
20 219
2 5
3 184
6 128
8 27
2 158
9 202
8 191
10 72
2 82
20 172
5 16
8 158
45 95
15 35
6 130
40 238
8 64
3 5
3 13
35 49
2 176
40 236
40 203
12 129
0 161
6 6
5 138
25 165
11 44