300
1.0 0.41 0.88 0.79 0.28 
30 24
5 136
7 218
4 136
7 188
2 54
40 211
5 153
2 125
8 87
5 198
2 112
2 172
1 63
4 9
22 25
1 94
20 105
2 92
9 158
1 153
5 189
3 40
0 27
8 87
4 108
4 194
1 176
5 140
7 123
1 121
6 25
6 67
2 223
10 209
5 195
3 85
1 208
3 203
1 24
5 90
2 41
3 118
0 93
2 51
6 58
2 56
0 167
10 197
15 181
1 216
4 107
5 215
8 215
11 143
3 178
4 214
0 124
3 57
3 211
2 71
3 126
2 6
3 39
8 133
2 123
2 169
5 23
2 61
7 94
7 193
3 158
8 200
16 189
0 101
1 55
6 173
0 87
1 77
2 98
10 199
1 44
3 213
3 132
2 0
4 204
6 49
5 146
3 212
6 85
2 151
6 99
5 124
0 202
5 27
6 160
35 32
8 35
2 46
22 70
10 127
8 49
6 58
11 4
3 16
3 140
7 82
7 130
5 86
2 224
20 199
6 88
5 90
4 82
3 65
16 41
2 115
2 30
1 46
1 133
4 175
1 161
6 174
3 224
6 171
0 132
35 221
3 103
20 217
25 109
15 47
10 55
2 98
3 141
3 3
4 90
5 164
22 12
5 26
2 220
2 201
5 136
1 123
4 145
7 194
5 31
7 45
1 213
15 157
5 216
1 85
2 180
5 156
5 156
15 44
50 86
2 82
30 132
6 78
1 144
15 77
11 39
0 134
3 128
4 114
1 71
5 60
5 173
1 210
10 73
1 62
1 147
5 143
22 177
1 69
2 127
25 186
3 184
7 147
1 70
1 156
22 224
1 153
3 33
8 195
11 63
4 25
13 91
3 7
2 211
3 154
0 77
10 74
1 205
15 85
12 145
20 70
1 217
5 210
5 31
10 68
45 26
3 43
1 167
6 34
1 207
11 9
0 8
5 27
50 20
1 205
1 57
4 143
0 132
4 49
7 120
3 202
8 10
6 7
2 90
1 40
35 76
2 195
4 186
5 165
10 38
40 153
16 114
7 121
8 41
22 75
13 145
0 111
5 74
4 7
2 126
13 158
3 199
2 175
25 160
15 185
10 177
22 87
7 126
8 66
8 181
25 18
5 171
17 171
3 219
17 184
16 91
0 222
1 78
25 82
7 61
3 202
4 166
0 180
7 24
15 224
5 180
5 80
3 133
5 7
5 21
5 5
1 191
2 38
4 34
10 7
12 91
0 113
0 82
4 180
2 68
7 123
15 186
2 127
5 45
2 103
11 62
4 32
5 87
1 210
6 74
6 133
5 107
8 120
1 138
10 20
10 195
1 101
1 82
45 180
2 43
5 195
3 201
13 84
5 176