500
1.0 0.62 0.41 0.66 0.91 
11 246
4 336
1 238
7 365
15 250
5 67
1 282
11 345
17 274
11 235
1 36
1 227
1 149
3 244
2 166
4 269
5 156
12 347
7 284
4 5
5 162
15 321
5 143
5 315
4 33
3 128
3 95
6 141
12 314
5 372
2 251
2 180
2 282
2 306
5 215
4 146
4 121
5 299
5 166
16 369
5 47
2 173
0 178
1 21
3 197
8 47
4 127
50 149
3 121
10 19
2 76
8 219
22 23
4 327
3 48
30 184
4 136
3 113
3 168
16 351
10 14
15 24
2 134
10 310
8 338
1 156
9 270
5 184
5 130
10 334
2 300
8 277
25 185
2 203
5 243
40 171
8 359
10 357
4 258
3 288
2 199
1 201
5 141
1 24
25 2
1 46
2 210
1 39
25 92
5 23
15 237
50 28
45 226
15 122
4 73
2 126
22 185
2 109
3 21
4 107
30 356
1 84
15 163
2 155
2 261
5 68
15 57
4 57
6 149
4 267
6 136
1 320
1 55
8 273
9 316
15 177
13 275
1 197
35 337
1 309
4 296
4 271
6 37
2 47
11 286
11 95
8 2
2 263
1 250
2 275
0 213
10 238
6 72
3 148
5 286
2 240
5 148
10 129
3 158
12 105
5 244
10 257
5 234
1 155
2 119
35 82
6 40
30 50
1 130
8 35
12 263
5 298
1 339
2 158
2 359
0 94
8 193
5 24
13 202
1 373
7 313
4 332
5 115
6 253
7 218
1 160
0 137
1 68
6 248
2 371
11 4
2 106
2 170
5 129
10 17
5 267
0 29
0 217
5 80
1 96
2 176
3 215
3 340
5 307
5 290
2 244
5 32
7 162
2 136
2 98
5 215
7 186
5 208
13 128
45 1
5 107
5 30
1 74
1 289
3 226
6 290
2 122
3 310
12 154
0 176
20 132
5 90
6 248
10 76
10 52
2 231
2 314
3 347
0 3
4 9
1 305
10 183
0 207
2 112
5 290
10 38
7 190
25 62
0 349
2 45
20 151
7 316
25 326
5 44
10 96
4 289
45 106
20 148
8 352
2 140
20 117
2 62
2 299
12 149
15 23
5 370
2 101
4 175
10 229
9 341
6 310
13 112
4 225
2 19
3 178
3 123
5 229
5 47
25 121
10 140
2 344
3 67
4 21
3 286
3 357
0 26
3 263
2 237
2 330
4 19
8 87
10 328
4 295
1 137
25 364
5 306
6 57
15 12
5 24
1 281
11 362
6 374
1 284
40 335
9 358
3 283
2 242
2 244
3 329
1 24
5 126
5 11
0 128
17 350
3 334
7 58
2 150
4 34
2 270
15 227
25 67
2 182
7 48
1 101
12 92
1 254
8 341
6 319
9 340
2 56
2 336
6 65
3 92
0 177
11 100
7 186
3 312
1 45
6 199
1 190
5 222
6 5
2 177
4 243
3 21
5 67
25 4
12 349
2 305
5 70
5 118
5 90
7 109
7 233
10 8
5 190
6 34
0 314
3 206
5 231
25 79
9 115
7 197
1 242
6 303
0 289
6 347
3 302
3 266
3 356
15 102
3 135
12 10
4 163
4 183
5 199
1 113
13 129
8 217
3 184
2 228
15 192
1 122
13 263
4 131
3 287
5 263
2 140
2 345
1 71
10 323
4 119
6 61
6 276
6 181
45 77
15 34
40 97
4 178
1 202
8 235
5 216
7 89
35 169
7 229
15 199
4 189
1 257
4 34
11 146
6 0
8 33
16 19
2 60
30 142
11 309
5 291
0 259
2 241
1 85
1 202
16 124
5 297
5 311
5 311
4 48
25 313
6 87
13 47
10 126
2 248
5 42
20 138
1 38
2 220
1 57
1 170
35 100
1 153
10 170
16 194
20 17
2 239
5 52
15 237
2 156
3 225
3 122
7 303
1 341
2 1
40 151
7 250
15 303
1 126
6 340
1 355
10 66
7 148
8 245
6 1
1 158
6 125
5 37
1 31
4 122
5 252
1 105
1 316
4 108
20 25
15 317
2 318
4 88
3 327
3 227
15 318
2 205
15 347
6 88
0 107
3 182
0 40
2 53
3 62
0 322
5 92
16 55
3 244
10 367
4 41
2 263
3 110
2 157
4 27
1 196
13 264
0 312
5 140
1 82
0 244
6 89
5 192
3 260
15 111
15 22
4 36
30 315
3 287
2 284
2 326
2 94
50 95
8 182
3 190
10 50
2 177
17 25
4 122
11 71
2 326
10 271
5 363
3 346
1 158