400
2245 2235 1458 5938 10
2550 2004 1450 6004 0
1892 2471 2129 6492 7
1886 2284 2220 6390 10
2197 2102 1847 6146 10
2098 1820 2200 6118 1
2621 2692 1669 6982 8
1667 2339 1485 5491 7
1518 1623 1944 5085 5
2253 2089 2399 6741 8
1934 1703 2166 5803 3
1668 2206 1367 5241 7
1669 2021 2316 6006 0
2122 1895 1861 5878 4
2771 1737 1869 6377 2
1765 2326 1670 5761 1
1728 1643 800 4171 4
2413 1759 1978 6150 6
2148 2188 2117 6453 3
2119 1741 2085 5945 5
2329 2836 1200 6365 6
1686 2090 1783 5559 4
2215 1989 1883 6087 9
1774 1037 1830 4641 8
1936 2114 1032 5082 0
2487 2174 1985 6646 9
2084 2397 1840 6321 9
1842 993 2306 5141 3
1792 1988 2094 5874 4
1772 2347 1637 5756 6
2023 2256 1972 6251 10
1824 1984 1434 5242 7
1894 2017 2632 6543 1
1865 2398 1787 6050 3
2123 1790 2221 6134 4
1350 2583 2076 6009 10
2635 1735 1810 6180 6
1804 2177 1804 5785 4
1698 1829 2480 6007 5
2054 2881 1562 6497 2
1662 1889 2429 5980 8
2247 2234 1810 6291 9
1412 1808 1675 4895 1
2137 1901 1791 5829 2
1885 2056 1772 5713 1
1666 2135 2245 6046 1
1790 1997 1403 5190 3
1806 2251 2470 6527 6
2210 2575 1922 6707 9
1621 1999 1832 5452 5
2102 2038 1507 5647 0
1406 1354 2699 5459 6
1892 2367 1731 5990 0
1993 2740 2187 6920 2
1685 1662 2094 5441 5
2025 2000 2005 6030 0
2033 1451 1188 4672 7
2121 1907 1970 5998 5
1918 1659 2194 5771 7
2153 2412 1938 6503 9
2265 1957 1959 6181 9
1875 2357 1767 5999 1
1121 1981 1562 4664 0
1756 2483 1406 5645 2
2349 2257 2536 7142 5
1870 1204 2240 5314 0
1919 2266 1952 6137 7
1835 2267 1973 6075 1
1985 2476 2905 7366 2
1649 1986 2886 6521 2
1656 1106 1775 4537 6
1498 2369 2269 6136 6
2318 2243 1923 6484 6
1964 1713 1737 5414 7
1749 1406 2035 5190 9
2387 2179 2108 6674 3
2475 1916 1539 5930 3
1634 2005 2257 5896 0
2217 2799 2734 7750 4
2465 2100 2786 7351 1
2088 1498 2053 5639 4
1798 2227 2113 6138 6
2035 2301 1858 6194 1
2508 1784 1336 5628 4
1901 1962 2316 6179 5
1650 2684 1847 6181 8
1246 3001 1659 5906 4
1662 2012 1714 5388 1
1988 1668 1956 5612 0
1788 2396 2143 6327 5
1454 1970 1754 5178 3
2478 1033 2100 5611 5
1625 1882 2232 5739 2
2514 1699 1892 6105 10
2491 1628 1876 5995 1
1684 2708 2147 6539 2
2191 2806 1868 6865 1
2595 1494 2082 6171 5
2163 1936 2011 6110 7
2575 1542 2813 6930 6
1357 2805 2261 6423 9
1975 2694 2138 6807 9
2403 1294 1748 5445 1
2242 2189 1818 6249 2
1694 2182 1501 5377 5
2179 2159 2422 6760 6
2275 2327 1549 6151 4
2016 2437 1403 5856 1
1832 2189 1715 5736 1
1683 1708 2290 5681 0
2202 2531 1913 6646 4
986 2627 2601 6214 5
2147 2486 1073 5706 5
1984 1747 1832 5563 4
1896 2552 2693 7141 0
1881 2588 1582 6051 1
2437 1383 1942 5762 0
1849 2042 2120 6011 7
1752 2430 2474 6656 1
1348 2023 2181 5552 6
2734 2168 2260 7162 2
1585 1992 1730 5307 9
2550 1271 2124 5945 9
1981 2170 2134 6285 8
2121 2560 1860 6541 6
1806 2065 1645 5516 8
1700 2345 2193 6238 3
1071 2056 1824 4951 2
1787 1677 2306 5770 10
2021 2230 2126 6377 1
2437 2566 1727 6730 0
2416 2255 2132 6803 3
1711 1838 1790 5339 1
2167 2494 1924 6585 8
1370 1527 2392 5289 3
2119 1447 2008 5574 3
2211 2101 2126 6438 6
1887 557 1466 3910 0
2092 2125 1593 5810 5
1991 2282 1629 5902 6
2120 2271 1924 6315 7
2449 2174 1684 6307 8
1769 1731 1474 4974 0
2298 2436 1949 6683 8
1813 2454 1844 6111 0
2514 1440 2908 6862 3
1728 1680 2194 5602 2
1692 1703 2573 5968 6
1667 987 1967 4621 2
1443 2355 2121 5919 6
1870 2280 2356 6506 10
1881 1836 1516 5233 2
2196 1830 1297 5323 6
1674 1213 2031 4918 7
2560 1414 1981 5955 3
1531 1916 1666 5113 3
1799 1613 2383 5795 6
1974 2109 1996 6079 3
1851 1337 1595 4783 9
2827 2227 2223 7277 0
2387 1009 1241 4637 1
1954 2030 2187 6171 5
2774 1895 1873 6542 6
2418 2404 2542 7364 3
2554 2230 1545 6329 8
2580 2185 2562 7327 5
2200 2357 2044 6601 2
2289 1422 2102 5813 7
1749 2585 1821 6155 3
2020 2193 2414 6627 5
1829 1823 1899 5551 9
2163 1509 1945 5617 5
1946 2213 2036 6195 5
2022 1991 2170 6183 5
1062 2337 1732 5131 8
2128 1571 1971 5670 1
1387 1449 2052 4888 10
1753 2060 2220 6033 7
2013 2450 2161 6624 3
2175 2459 1951 6585 5
2399 2282 1775 6456 10
1839 2447 1138 5424 9
939 2406 1812 5157 2
2304 2549 1089 5942 5
1819 2294 2326 6439 2
2459 1219 1350 5028 3
2519 2132 1837 6488 6
1970 1682 1692 5344 10
2448 2693 1975 7116 0
1852 1783 1480 5115 7
1789 2793 1144 5726 4
1961 2455 2535 6951 7
1877 2527 2031 6435 4
2203 2031 1638 5872 5
2466 1599 1519 5584 7
2526 1894 1505 5925 8
1955 2223 1441 5619 9
2015 1640 2271 5926 7
2389 1966 2265 6620 3
2473 1690 2398 6561 0
2742 2332 1999 7073 6
996 2245 2173 5414 4
2507 1994 1997 6498 10
1879 2891 2209 6979 1
2150 2359 1507 6016 0
2091 1872 1436 5399 3
2242 1628 2057 5927 0
2987 2286 1961 7234 2
2430 1654 1953 6037 2
1085 2426 1715 5226 9
1938 1985 1438 5361 2
2635 1971 1584 6190 4
2569 2318 1761 6648 3
1598 2317 1830 5745 3
1974 2316 2125 6415 9
2667 2027 2004 6698 3
1516 2378 2445 6339 5
2723 2518 1758 6999 5
1909 1822 1548 5279 6
1833 2157 1052 5042 0
1928 2210 2428 6566 6
2041 2591 1640 6272 1
2101 1065 2197 5363 8
1767 1902 2221 5890 2
2837 1595 2254 6686 6
2300 1988 1825 6113 0
2351 1758 2337 6446 2
1729 1833 2779 6341 5
1711 1374 1424 4509 4
1609 1238 1539 4386 0
1662 2148 1382 5192 6
1915 1227 2177 5319 3
1903 1998 1593 5494 6
1430 2171 1500 5101 5
2226 2453 2359 7038 1
1218 1800 1759 4777 3
1902 1631 1703 5236 5
2323 2188 2175 6686 4
1012 1398 1903 4313 7
1664 2075 2086 5825 0
1763 1995 2127 5885 10
2429 2197 1488 6114 1
2015 2385 1760 6160 8
1321 1111 1398 3830 0
1809 1438 2177 5424 3
1977 1649 1728 5354 6
1969 1913 2202 6084 7
2347 1848 2506 6701 7
2587 2300 1733 6620 6
2070 2619 1535 6224 10
2072 2092 2053 6217 5
2375 1610 1886 5871 2
2112 2456 2506 7074 7
1549 2098 2201 5848 9
1220 2071 2682 5973 3
1832 1286 1628 4746 7
1669 1881 1808 5358 5
2768 2610 1894 7272 0
2126 1332 2051 5509 7
2011 1647 1614 5272 1
1998 1885 2822 6705 4
2176 2403 1602 6181 2
2965 1839 1271 6075 6
1428 1958 2542 5928 10
1593 1896 1811 5300 9
1917 1539 1850 5306 5
2079 1441 2129 5649 7
2227 2349 2520 7096 5
1759 2223 2077 6059 1
1395 1688 1951 5034 8
1766 2078 2055 5899 3
1765 1557 2082 5404 0
1893 1896 2062 5851 5
2727 2382 1596 6705 4
2078 1893 1940 5911 3
2666 2293 2247 7206 8
2433 1991 1528 5952 9
2024 2312 2170 6506 1
1995 2516 1857 6368 6
1596 2033 2839 6468 10
1812 2101 2095 6008 9
1637 2506 2171 6314 2
1974 1095 2232 5301 0
1822 2200 2424 6446 2
1883 2334 1337 5554 7
2606 2279 2884 7769 2
2184 2197 1547 5928 10
2764 2095 1701 6560 1
1954 2343 2113 6410 7
1979 1417 2320 5716 3
2030 2389 1746 6165 7
2082 2211 1775 6068 4
2588 1878 1038 5504 8
1348 2210 2423 5981 10
1632 1571 2464 5667 1
1270 1806 1883 4959 9
1665 1988 1639 5292 5
2366 2102 1463 5931 10
1511 1281 2399 5191 8
2487 2076 2215 6778 8
1417 2046 1134 4597 8
1956 1594 2137 5687 6
2133 1933 2298 6364 5
2361 1358 2298 6017 9
2367 1800 1480 5647 3
1778 2154 2350 6282 3
2275 2277 1955 6507 5
2366 1657 2515 6538 2
1596 1852 2063 5511 1
1500 1995 1397 4892 3
1256 2510 1076 4842 4
2189 1449 1939 5577 8
2544 1711 2116 6371 3
2072 1780 1962 5814 5
1705 2181 2633 6519 10
2128 2066 1980 6174 1
2623 2848 2656 8127 3
2112 1767 1480 5359 10
2287 2055 1923 6265 6
1902 1912 2147 5961 4
2324 2286 2316 6926 2
1374 2013 2136 5523 8
2196 1960 1941 6097 6
2005 2308 2126 6439 8
2785 2472 1856 7113 7
2672 2417 1302 6391 5
1755 1872 1442 5069 8
2259 2183 1544 5986 6
2000 2153 2896 7049 3
1990 2157 1734 5881 4
1763 2616 2942 7321 0
2130 1577 2248 5955 7
2284 2376 2172 6832 7
1945 2260 2042 6247 3
1814 1982 2529 6325 0
1527 2327 1766 5620 4
2134 1801 2147 6082 3
2191 2856 2586 7633 0
2057 1093 2014 5164 4
1771 2658 1555 5984 7
2052 1871 2639 6562 9
1895 2170 2465 6530 10
2063 2074 1664 5801 4
2434 2463 964 5861 10
1906 1842 1739 5487 2
2013 2010 2183 6206 4
2192 2913 2430 7535 7
2474 2715 2127 7316 5
2356 2101 1826 6283 3
1324 2308 2211 5843 9
2338 2134 1846 6318 2
1775 1945 2823 6543 9
2036 1878 2527 6441 6
2000 2276 2174 6450 0
2470 2106 1965 6541 0
1449 1806 2232 5487 6
2498 1834 2061 6393 9
1947 2004 1757 5708 6
1308 1129 2034 4471 9
1749 1567 2479 5795 9
1974 1280 1865 5119 5
2067 1809 1752 5628 9
2216 1793 1665 5674 9
1460 1721 1932 5113 9
2045 2704 2249 6998 10
2227 2031 1679 5937 5
1718 2042 1690 5450 10
1243 2241 1252 4736 0
2122 1573 1434 5129 10
2544 2043 2352 6939 0
2073 1688 1791 5552 2
1725 1808 2250 5783 6
1868 2200 2601 6669 1
2096 1642 2036 5774 8
1371 2181 1230 4782 2
2211 2212 2634 7057 10
2169 2122 1749 6040 9
1580 1876 1663 5119 8
1697 2370 1945 6012 0
2174 1841 1631 5646 9
2406 1893 2243 6542 4
2109 2236 2425 6770 3
2757 2679 1807 7243 8
1439 2461 1874 5774 6
1982 1603 2415 6000 2
2824 1862 2015 6701 1
1789 1841 2133 5763 8
1952 1832 1942 5726 2
2621 2711 1372 6704 1
2259 2120 1236 5615 5
1608 1806 2202 5616 3
2601 2204 2048 6853 4
2128 2448 1804 6380 9
2722 1259 1075 5056 10
2000 2228 1878 6106 5
1600 1659 1875 5134 0
1433 2449 2303 6185 6
2192 2409 2397 6998 5
2122 1563 2580 6265 9
1871 1903 1898 5672 1