450
1836 2245 2246 6327 0
1328 2921 2503 6752 5
1926 2097 2424 6447 9
2798 2225 2210 7233 8
2139 1950 3795 7884 9
2811 2326 2587 7724 6
2029 2625 2376 7030 1
1756 2592 2436 6784 2
1310 3050 1746 6106 8
2665 2320 2434 7419 5
2084 1640 1512 5236 7
3142 2224 3328 8694 6
1874 2708 2187 6769 5
2022 2327 2015 6364 7
2272 1990 2418 6680 10
1881 2325 2322 6528 10
1451 1339 1693 4483 8
1862 1620 1439 4921 1
2169 2758 2032 6959 0
2490 2350 2244 7084 4
2482 2580 2493 7555 4
1640 2030 2155 5825 7
2645 2048 2220 6913 3
2891 2880 1559 7330 2
2402 2452 2000 6854 5
2455 2780 2792 8027 3
1902 2853 2582 7337 1
2640 2167 2095 6902 10
1812 1762 1986 5560 6
1756 2005 2071 5832 9
2307 2208 2551 7066 4
2381 2641 2177 7199 4
2025 2676 3013 7714 1
2132 3045 1999 7176 1
2297 1846 2030 6173 2
2411 2748 2041 7200 9
2170 3017 2220 7407 2
2686 2481 2273 7440 2
2473 2560 2580 7613 8
2136 2123 1888 6147 5
3402 1728 2581 7711 10
2702 2011 1819 6532 2
2254 2178 2400 6832 3
2489 1715 2871 7075 10
2507 1564 1962 6033 8
1640 2488 2556 6684 10
2982 1569 1673 6224 0
2464 2512 2210 7186 0
3088 2341 1971 7400 5
2837 2307 2275 7419 6
2068 1942 2368 6378 7
2560 2466 2668 7694 4
1825 2307 2224 6356 5
2224 2525 2276 7025 4
2378 1543 2236 6157 0
2706 2512 2440 7658 0
1695 2546 2525 6766 7
2272 1987 2718 6977 9
2034 2495 2059 6588 0
2532 1820 2512 6864 7
1789 2705 2524 7018 2
1830 2723 3257 7810 0
2471 1592 1281 5344 9
2381 1991 2724 7096 8
2919 2557 2242 7718 5
2403 1531 2394 6328 8
2499 1210 2697 6406 3
2422 1868 2107 6397 0
2708 2557 1938 7203 4
2311 2624 2900 7835 6
2662 3475 2194 8331 4
1596 2461 2363 6420 7
1258 2973 2570 6801 8
1824 1628 1884 5336 4
2176 2343 2112 6631 1
2253 3208 2641 8102 5
2761 2077 2023 6861 8
2562 2110 2609 7281 0
1851 2149 1871 5871 6
2720 2843 2194 7757 3
2105 2257 2787 7149 9
1699 1274 2146 5119 5
2553 2125 1882 6560 3
1613 2451 2289 6353 4
2350 2084 1843 6277 3
1642 2402 2547 6591 10
2280 1905 1772 5957 2
2287 2722 2555 7564 7
2757 2848 1927 7532 9
1108 2544 3015 6667 7
1583 3047 2437 7067 7
2821 2597 2090 7508 6
2414 2491 2208 7113 3
1678 2139 2064 5881 9
1787 1707 2656 6150 7
2012 1711 2493 6216 6
3017 2910 2737 8664 7
2017 1612 2622 6251 8
2236 3133 1634 7003 7
2151 2150 2438 6739 4
2668 2732 2277 7677 3
1903 2268 1979 6150 6
1833 1731 2442 6006 1
1490 2387 2078 5955 10
2769 1629 1857 6255 7
2091 2345 2007 6443 10
1627 2887 1683 6197 2
1466 2174 1664 5304 9
1478 2565 3058 7101 7
1430 2270 2237 5937 2
1793 2560 1839 6192 2
2098 2145 2011 6254 3
2742 2306 2089 7137 9
1922 2706 1863 6491 4
2774 2401 1329 6504 3
2426 2907 2686 8019 9
1683 2083 2356 6122 7
2164 2408 2000 6572 9
2629 1858 2552 7039 1
2425 2643 1310 6378 6
1964 2184 1739 5887 10
2091 2633 2510 7234 9
2803 2769 2084 7656 7
1556 2317 2105 5978 10
2928 2800 1861 7589 1
2074 2532 2197 6803 1
1924 1866 2326 6116 8
1336 2213 1600 5149 4
2220 1295 1307 4822 8
2614 2427 2839 7880 5
2167 2295 2660 7122 3
1840 2447 2197 6484 7
2766 2368 2578 7712 6
2035 2994 2168 7197 5
2986 3012 2578 8576 7
2969 1861 1945 6775 10
1861 1977 1951 5789 2
2194 2518 2911 7623 8
2388 1571 2497 6456 1
2279 2754 1654 6687 6
1905 2089 2236 6230 6
2240 1939 2548 6727 1
2163 3334 2283 7780 8
2260 1851 2693 6804 3
2611 3616 1566 7793 7
2568 2455 2223 7246 5
2052 1815 1680 5547 3
2269 2268 2617 7154 0
2010 2250 1821 6081 8
1647 2806 2204 6657 7
2624 2624 2166 7414 1
1588 1752 1476 4816 2
1436 2254 2055 5745 5
3219 2670 2466 8355 4
2229 2589 1952 6770 2
2215 2370 1722 6307 0
1682 2275 2739 6696 1
2412 1662 2794 6868 4
2109 2331 1840 6280 8
2211 1839 2697 6747 0
2157 1942 2306 6405 3
2614 1554 2131 6299 2
1699 2167 2475 6341 7
1826 1526 2803 6155 7
3001 2215 2790 8006 6
2196 1919 2338 6453 4
2321 2176 2560 7057 1
2183 2145 2340 6668 2
922 1930 2098 4950 6
3148 2396 2553 8097 6
1341 1653 2667 5661 1
2085 2666 2074 6825 8
2278 1868 1547 5693 8
1664 1416 1708 4788 8
2129 2213 1938 6280 9
2758 2151 2077 6986 3
1898 1712 2240 5850 4
2353 2520 2926 7799 9
712 2232 3137 6081 7
1976 2220 2343 6539 7
2237 2101 1989 6327 6
2760 2238 2232 7230 8
2377 2232 2212 6821 10
2009 1518 2319 5846 1
2335 1788 2072 6195 7
1813 2597 2979 7389 3
2407 1730 1875 6012 5
2102 1974 2900 6976 5
2077 1709 2483 6269 0
2309 2343 3384 8036 7
2147 1380 1818 5345 3
1873 2315 2481 6669 7
1503 2205 2141 5849 4
1732 2049 2225 6006 6
2671 2212 2039 6922 6
1682 2321 2297 6300 9
1677 1615 2165 5457 2
1908 2581 3143 7632 2
2943 1760 2350 7053 1
2334 1743 3088 7165 8
1814 1901 2480 6195 4
1875 1892 2434 6201 3
2280 1909 2253 6442 8
2327 2267 2929 7523 4
3052 2111 2974 8137 3
1843 1926 2868 6637 5
1999 1834 3323 7156 9
2219 3203 2196 7618 3
2098 2447 2424 6969 1
2034 2089 1244 5367 9
2614 1661 2543 6818 9
1965 2965 3064 7994 3
2407 1760 2067 6234 3
1989 1755 1594 5338 7
2368 2640 2700 7708 3
2630 2269 2143 7042 10
1127 2778 2496 6401 7
1910 2534 2577 7021 7
2899 2231 2002 7132 6
2232 1637 2982 6851 7
2364 2428 2599 7391 5
2464 2693 2471 7628 3
2726 1695 2237 6658 4
2614 2741 2501 7856 0
2279 1942 2715 6936 9
1072 2522 2102 5696 8
2039 2431 2469 6939 4
1377 3042 1844 6263 6
2408 2388 3298 8094 5
2580 2390 2308 7278 7
1967 1738 1734 5439 0
2560 1571 2681 6812 5
2081 2501 2196 6778 8
1697 2672 2492 6861 5
2421 1970 2633 7024 4
2539 2491 1805 6835 3
2310 1628 2454 6392 3
1864 2012 2169 6045 0
3008 1948 1777 6733 10
2663 1486 2463 6612 0
752 2962 1962 5676 5
1860 2028 2322 6210 0
2362 1941 2176 6479 0
2488 1411 2355 6254 10
2499 1958 3477 7934 3
1986 2070 2775 6831 10
2712 2786 2074 7572 2
2979 2268 2197 7444 7
1233 2894 1964 6091 10
2016 2828 1680 6524 1
1926 2841 2371 7138 3
1954 2909 1623 6486 9
2306 2493 2447 7246 2
2205 2491 1628 6324 4
2762 2971 2061 7794 2
2504 2572 1991 7067 6
2370 1857 1051 5278 10
1289 2288 1875 5452 6
2450 1516 1379 5345 6
2462 2373 2195 7030 5
2258 2872 2179 7309 3
2844 2047 2187 7078 3
2114 2300 1893 6307 9
2263 2005 1604 5872 2
2033 3061 2330 7424 8
2073 2368 2132 6573 7
2546 2416 1235 6197 1
1959 2001 1758 5718 5
3222 2492 1803 7517 1
2530 1190 2244 5964 10
2081 2693 2188 6962 9
2564 2198 2635 7397 10
2292 1370 2295 5957 0
2314 2859 1341 6514 5
1449 1890 1802 5141 1
2003 3176 2518 7697 8
1597 2198 2643 6438 8
2693 2497 2122 7312 8
3201 2617 1408 7226 4
2525 2582 1966 7073 0
2343 1678 2446 6467 1
2062 2151 2240 6453 2
2342 2405 2407 7154 2
2502 2518 2234 7254 1
1888 1348 1519 4755 7
2510 2662 2252 7424 10
1472 1649 1988 5109 7
2138 2845 2617 7600 7
2315 2257 3112 7684 3
2707 2048 2402 7157 4
2265 2232 2900 7397 7
1496 1978 1366 4840 4
1979 1662 2165 5806 2
1678 1799 1657 5134 3
2535 1829 2788 7152 1
2284 1632 2295 6211 1
2319 2021 2045 6385 7
2113 2972 1517 6602 5
1964 2327 1727 6018 9
1866 1676 1773 5315 8
1921 2785 2691 7397 4
2548 1927 1429 5904 4
2648 2662 2442 7752 6
1949 1663 1705 5317 1
1629 1911 2478 6018 8
2242 2633 1909 6784 9
1972 3335 2098 7405 0
1905 1844 2324 6073 6
2226 2515 2114 6855 0
1754 1407 2773 5934 1
1930 2181 2187 6298 2
2125 2286 2375 6786 1
2932 1493 2303 6728 6
1280 1974 2203 5457 5
2545 2095 2332 6972 2
2004 1699 1732 5435 10
3203 2144 2704 8051 2
1818 1781 1873 5472 3
1834 1537 2035 5406 8
2452 2393 2318 7163 3
3298 2140 2584 8022 10
2601 2434 2777 7812 4
2355 1780 2512 6647 4
1922 1473 1423 4818 10
2217 2609 1756 6582 8
844 1362 2204 4410 1
2626 1456 2073 6155 7
2694 2681 1628 7003 5
1610 2626 1511 5747 5
2508 1709 2248 6465 1
2335 2074 2292 6701 1
1638 2913 2594 7145 7
2391 2849 2233 7473 5
2774 1903 2088 6765 10
1964 2645 2620 7229 3
2799 2585 1902 7286 10
2431 1982 2126 6539 9
2328 1944 2053 6325 1
1495 2523 1694 5712 10
1836 2037 1412 5285 0
1545 2304 2243 6092 5
2622 2229 2477 7328 1
1540 1738 2416 5694 9
2322 1787 2298 6407 1
2313 2569 2790 7672 1
2793 2801 1642 7236 3
2677 2010 2438 7125 0
2072 2596 1775 6443 0
1556 2259 1498 5313 0
2914 1796 2766 7476 6
1700 2793 1801 6294 0
1601 2064 1606 5271 9
2377 1879 2469 6725 4
2840 3392 3082 9314 3
2879 2726 2915 8520 5
2467 2950 2071 7488 3
2464 2346 2824 7634 7
2225 2533 1992 6750 4
2292 2613 2386 7291 6
3022 2233 815 6070 10
3159 2010 3172 8341 2
2804 1888 2206 6898 0
2695 2082 1943 6720 5
1985 3924 1798 7707 5
1799 2281 2185 6265 5
2128 1612 3042 6782 4
2350 2770 1869 6989 10
2621 2962 2065 7648 8
2559 2341 1450 6350 8
2760 2238 2711 7709 3
1957 2096 2662 6715 7
2286 2145 2276 6707 7
1984 2054 2130 6168 4
2655 1814 2071 6540 3
2228 3015 2814 8057 0
2209 1961 1721 5891 8
2436 2933 2250 7619 9
2326 2927 2121 7374 1
1418 2291 3199 6908 4
2175 2660 2330 7165 6
2877 2128 2306 7311 8
1302 2392 1978 5672 4
1544 2999 2473 7016 8
1983 1903 2113 5999 9
2757 2932 2296 7985 8
1799 2498 2398 6695 2
2021 2008 2502 6531 10
2441 1462 1604 5507 1
1903 2149 2687 6739 0
2287 2378 1951 6616 3
2640 2073 2197 6910 9
2650 2201 2494 7345 8
2024 2460 2967 7451 0
2526 3480 2598 8604 0
1882 2400 1910 6192 2
2854 2813 2209 7876 10
2421 2497 1399 6317 9
2574 1895 2160 6629 8
2410 2480 1397 6287 3
1446 2894 2560 6900 7
1711 2145 2116 5972 2
1790 2046 2434 6270 9
2235 2341 1628 6204 3
2623 2085 2894 7602 8
1589 2114 1683 5386 2
2044 1561 2705 6310 6
2374 1926 3042 7342 4
2372 2740 2319 7431 6
2380 2522 2655 7557 3
2288 2254 1974 6516 0
2884 2285 2228 7397 8
1969 2611 2705 7285 6
2101 1116 2585 5802 6
1020 2664 2179 5863 5
1293 2312 1813 5418 3
2200 1598 2875 6673 3
2653 1955 2401 7009 2
1993 2240 1927 6160 3
2692 1813 1240 5745 7
2436 2176 2161 6773 10
1733 2263 3084 7080 9
2567 2830 1829 7226 8
2447 2464 2603 7514 4
1212 2459 2531 6202 3
2794 1690 2331 6815 4
1713 1865 2459 6037 3
2132 1596 1708 5436 0
1781 2734 2225 6740 9
2390 2513 1808 6711 0
2648 2689 2004 7341 1
3151 2722 1972 7845 0
2267 2209 2672 7148 3
1900 2166 2733 6799 1
2999 1735 1844 6578 10
2043 2231 2871 7145 0
2181 1719 3249 7149 3
2005 2931 1678 6614 4
1017 2731 2336 6084 8
2661 1763 2292 6716 7
2238 1714 2209 6161 10
2119 2105 2554 6778 0
1848 1504 2109 5461 6
2695 2197 2007 6899 1
1825 2381 1604 5810 0
2204 2813 3106 8123 9
1590 1870 2962 6422 7
2000 1579 1880 5459 5
2355 2214 1494 6063 10
2141 1699 2147 5987 10
2103 2300 2181 6584 5