50
203 267 387 857 7
259 316 253 828 1
245 232 216 693 2
232 248 222 702 6
243 163 200 606 1
299 226 244 769 3
208 182 158 548 7
234 225 277 736 9
239 314 240 793 1
300 245 197 742 10
299 190 214 703 1
316 260 221 797 2
235 219 127 581 8
231 228 228 687 2
249 302 241 792 2
258 239 198 695 5
171 196 211 578 5
175 351 196 722 4
234 260 272 766 3
263 242 264 769 8
275 212 212 699 8
202 269 223 694 10
258 256 294 808 1
271 135 141 547 8
187 266 226 679 6
332 319 238 889 3
213 148 228 589 6
160 263 313 736 7
204 201 265 670 8
220 291 308 819 8
311 278 313 902 0
245 273 267 785 2
172 155 246 573 4
264 237 336 837 1
257 225 259 741 4
271 156 189 616 10
393 240 193 826 1
255 245 160 660 5
245 268 241 754 7
209 259 256 724 0
237 196 334 767 3
267 245 258 770 8
219 263 384 866 1
267 266 270 803 8
195 285 380 860 10
285 332 168 785 0
194 255 161 610 5
274 280 256 810 5
288 316 270 874 5
314 286 158 758 9