100
509 555 356 1420 4
595 427 474 1496 8
624 575 382 1581 2
581 557 418 1556 7
322 494 704 1520 8
434 565 385 1384 10
562 579 479 1620 4
474 412 565 1451 1
639 460 413 1512 6
287 418 654 1359 2
527 471 541 1539 2
395 335 565 1295 1
545 660 418 1623 3
647 491 638 1776 2
744 477 520 1741 2
504 539 321 1364 3
544 582 470 1596 8
365 469 500 1334 10
357 442 695 1494 9
385 443 555 1383 5
424 426 515 1365 2
483 455 388 1326 9
399 483 487 1369 8
548 526 563 1637 6
563 522 497 1582 10
499 594 595 1688 10
446 530 577 1553 6
397 716 508 1621 8
390 594 306 1290 5
465 571 410 1446 6
506 315 453 1274 9
551 534 500 1585 5
333 351 458 1142 10
511 559 372 1442 6
544 429 597 1570 2
533 561 410 1504 8
453 371 341 1165 9
429 477 492 1398 10
503 320 480 1303 8
525 448 502 1475 9
372 531 511 1414 2
487 512 421 1420 5
410 293 645 1348 10
417 632 614 1663 9
377 432 649 1458 8
663 605 582 1850 4
591 545 597 1733 8
588 613 560 1761 9
469 535 354 1358 7
487 548 614 1649 4
482 484 387 1353 3
547 557 534 1638 5
416 617 517 1550 8
415 265 350 1030 9
552 524 399 1475 1
565 368 730 1663 10
647 491 502 1640 5
431 403 548 1382 6
356 597 644 1597 1
501 518 390 1409 4
515 514 650 1679 10
373 372 625 1370 6
488 401 523 1412 8
645 586 704 1935 10
501 572 377 1450 10
569 471 432 1472 5
465 496 602 1563 7
451 559 495 1505 2
600 661 448 1709 6
532 491 604 1627 6
504 409 489 1402 8
373 520 471 1364 4
440 502 475 1417 2
487 459 424 1370 5
476 461 464 1401 7
502 628 290 1420 6
436 504 260 1200 4
479 505 377 1361 4
548 457 407 1412 1
550 570 417 1537 2
391 472 495 1358 7
566 521 426 1513 5
448 601 526 1575 1
543 470 433 1446 3
535 639 727 1901 7
591 500 524 1615 7
209 526 356 1091 2
439 518 476 1433 5
557 588 691 1836 9
595 411 556 1562 9
331 308 690 1329 9
474 364 402 1240 3
207 565 561 1333 2
331 568 405 1304 10
553 534 318 1405 1
484 439 486 1409 5
627 514 454 1595 4
555 445 573 1573 5
463 389 612 1464 9
496 589 386 1471 4