250
1204 1500 1328 4032 5
1314 1486 1086 3886 5
1793 1061 860 3714 5
1013 1278 1539 3830 0
1282 1264 1445 3991 7
886 1431 1398 3715 9
1147 1244 861 3252 8
1707 1576 1269 4552 1
1252 1489 1196 3937 2
1187 1112 1197 3496 3
1438 1412 1560 4410 6
1253 949 1572 3774 6
1135 1348 1567 4050 4
1067 1084 1496 3647 6
1199 1152 1190 3541 3
1362 1335 588 3285 0
773 1087 1019 2879 0
1457 1145 935 3537 1
1267 718 1388 3373 9
1410 1236 1258 3904 6
773 1154 1718 3645 1
1433 1073 1419 3925 4
1248 1235 1239 3722 5
1409 1414 1245 4068 0
1484 1211 1755 4450 10
1180 1083 1150 3413 6
1590 1413 1783 4786 8
1294 1360 1508 4162 8
1182 1011 1509 3702 4
1032 1485 979 3496 10
960 1859 1187 4006 10
1258 1586 1363 4207 0
1295 849 1143 3287 2
1198 1053 1058 3309 7
742 1626 1422 3790 1
1287 1355 1240 3882 5
1292 1386 1574 4252 10
1306 1389 958 3653 4
1086 1220 1329 3635 6
1509 1226 1111 3846 1
1398 1233 1528 4159 3
1396 1249 1156 3801 1
1037 1329 1087 3453 8
1131 1188 1134 3453 5
1345 1083 1198 3626 5
1255 1212 1501 3968 6
1328 1328 1155 3811 5
1005 1217 1213 3435 5
1191 1052 1061 3304 1
1077 1243 1635 3955 7
1327 1203 1666 4196 8
1498 1369 1058 3925 4
1425 1617 931 3973 10
1609 1391 987 3987 8
1263 998 1522 3783 9
1445 1006 1041 3492 0
1594 1547 1698 4839 5
966 1291 1375 3632 5
1385 997 861 3243 6
1127 1482 1141 3750 6
1059 1719 1642 4420 5
1180 893 1595 3668 4
1441 1337 1212 3990 0
941 1523 1283 3747 8
1324 1339 1217 3880 10
1426 1685 1496 4607 4
1419 1389 965 3773 9
1646 1203 1531 4380 2
1454 1160 1035 3649 8
946 930 1523 3399 9
966 1352 1184 3502 10
924 1102 862 2888 1
1132 1226 1413 3771 7
1285 1502 1484 4271 5
1541 922 589 3052 10
1060 1107 1499 3666 1
1284 1257 1041 3582 3
1118 1239 1116 3473 10
1361 1310 1543 4214 1
1449 621 1342 3412 10
725 1511 1409 3645 9
784 964 878 2626 0
1329 1013 1278 3620 2
1253 1376 1104 3733 5
1174 1287 1219 3680 2
1199 1423 1327 3949 4
902 1574 879 3355 6
1700 1033 1512 4245 3
956 1699 1071 3726 2
1341 1493 926 3760 6
968 1311 983 3262 10
1573 1421 1550 4544 9
1372 428 983 2783 8
1208 1201 1260 3669 2
1194 972 1410 3576 3
1408 1436 1535 4379 0
1533 1446 1089 4068 8
1793 1463 1267 4523 4
1514 1090 967 3571 3
1520 1611 1334 4465 0
837 1377 1124 3338 2
1094 1455 1180 3729 6
1425 1343 1094 3862 10
1333 1264 1539 4136 3
1713 1342 1192 4247 9
1045 1739 1442 4226 3
996 1479 1505 3980 10
1107 1049 1352 3508 2
1225 1567 1065 3857 0
1104 1774 1490 4368 2
1262 1045 1229 3536 1
1055 1259 1078 3392 7
1600 1371 1096 4067 7
1177 1356 903 3436 8
1067 1136 1358 3561 4
594 1193 1265 3052 7
1104 1409 908 3421 7
678 1326 940 2944 6
1219 1671 1362 4252 9
1314 1334 850 3498 8
1233 1074 914 3221 7
1326 603 1543 3472 9
881 1430 1298 3609 8
1542 1582 1265 4389 0
1432 1465 1527 4424 6
1217 1335 1462 4014 3
1073 1201 1237 3511 7
1319 1318 1607 4244 6
861 1272 1136 3269 1
1530 1540 1418 4488 3
1328 1333 1132 3793 9
1378 1312 810 3500 7
1525 997 1116 3638 3
1496 713 1558 3767 0
1356 1130 1007 3493 10
781 1330 938 3049 4
1252 1148 868 3268 6
1330 1169 1662 4161 1
1419 901 1771 4091 2
1352 1185 1036 3573 1
1344 1257 1420 4021 5
1062 692 1575 3329 6
1497 1612 1398 4507 4
1740 2036 817 4593 8
970 1107 1697 3774 6
1174 1152 773 3099 5
1004 1649 1551 4204 1
1211 1218 1328 3757 9
1500 1241 1490 4231 6
1171 1404 1333 3908 6
1571 1347 1175 4093 5
1348 1629 1157 4134 0
988 1034 1744 3766 10
1275 1089 2130 4494 2
1567 1476 1286 4329 4
1811 1516 1038 4365 10
1366 1680 1364 4410 10
930 1167 890 2987 6
979 1291 1491 3761 3
845 1184 1120 3149 8
1168 1389 1430 3987 0
1300 991 999 3290 3
1242 1420 1207 3869 10
1635 1735 1245 4615 6
1259 811 1003 3073 3
1146 972 1051 3169 5
1270 1110 1254 3634 3
1422 1485 1635 4542 10
864 1988 1284 4136 10
1137 1046 905 3088 1
1243 1293 769 3305 8
1495 1752 988 4235 4
1381 1117 729 3227 3
1460 843 854 3157 9
1599 1057 1450 4106 4
841 1334 1047 3222 5
1039 1289 1360 3688 2
801 1275 1394 3470 2
1315 930 1666 3911 4
1243 1149 1353 3745 3
1315 1439 1094 3848 1
1183 1556 1113 3852 0
1472 1282 781 3535 3
722 595 1285 2602 1
910 1155 1420 3485 2
1123 1123 1477 3723 9
1462 981 1090 3533 5
1069 1542 1491 4102 8
1227 1583 1354 4164 7
976 1085 1511 3572 3
1124 1460 1078 3662 3
1181 1222 1644 4047 9
1357 1078 1372 3807 3
1505 1064 899 3468 5
1402 1129 1185 3716 3
1128 1365 850 3343 1
1226 1209 925 3360 2
1410 1364 1374 4148 6
1250 1317 773 3340 9
1117 1234 1354 3705 10
1558 1525 1905 4988 6
1167 1163 1401 3731 9
1214 557 937 2708 1
1006 961 1259 3226 10
1214 1486 901 3601 8
1320 870 1341 3531 2
1019 1030 1647 3696 10
1375 1131 1276 3782 0
1371 1272 1580 4223 7
1050 1045 1324 3419 9
1083 1923 1350 4356 1
1068 1352 1611 4031 10
446 1608 1872 3926 4
1511 1482 1497 4490 9
1269 1390 1255 3914 9
946 886 1010 2842 8
1131 1151 1059 3341 8
620 1475 957 3052 2
933 1416 796 3145 8
1051 1045 1330 3426 4
1441 1187 1299 3927 7
1016 1057 1593 3666 6
1350 1378 1416 4144 3
1083 1196 1344 3623 4
1442 861 1303 3606 9
1649 911 1088 3648 0
676 1400 1199 3275 10
1216 959 746 2921 4
901 1391 1398 3690 5
1083 856 1167 3106 9
848 1281 1229 3358 1
1096 1481 765 3342 7
1573 1530 1066 4169 5
1143 1209 1576 3928 1
1355 640 1194 3189 2
842 1477 1082 3401 4
1002 1549 1603 4154 8
1030 1120 1208 3358 8
1162 950 1192 3304 9
1057 1233 829 3119 8
920 1269 926 3115 1
951 1238 1262 3451 3
1108 1142 1210 3460 10
1465 1609 1891 4965 10
946 1505 921 3372 10
1608 1519 1354 4481 2
1359 1675 1336 4370 5
1160 731 1662 3553 3
1761 1398 850 4009 8
1072 1010 1268 3350 1