300
1546 1372 1958 4876 2
1129 1576 1137 3842 0
1285 1270 1730 4285 1
1195 1367 1581 4143 3
1642 1237 1649 4528 6
1854 949 1803 4606 6
1427 1366 2297 5090 1
1526 1301 1725 4552 0
1346 1257 1808 4411 0
1632 1211 1935 4778 10
1465 1360 1351 4176 1
1973 1458 1572 5003 9
1752 1330 1528 4610 7
1282 1379 1250 3911 10
1566 1020 1783 4369 5
1568 761 1502 3831 3
1352 2178 1191 4721 4
1573 1255 1655 4483 3
1647 1459 1259 4365 8
1417 1740 1533 4690 5
1328 1902 1625 4855 5
1878 1605 1334 4817 0
1640 1610 1367 4617 1
1436 923 977 3336 4
1296 1669 1552 4517 4
1553 1510 1957 5020 4
1862 1320 1639 4821 6
1746 1702 1105 4553 2
1325 1196 1329 3850 10
1481 1968 1600 5049 4
1131 1425 1482 4038 0
1664 1608 1152 4424 7
1970 1710 1363 5043 4
1446 1198 1841 4485 7
1608 1164 1298 4070 1
1200 1658 1125 3983 3
1588 1971 1171 4730 3
1745 1204 1552 4501 4
1863 1711 2094 5668 9
1717 1312 1778 4807 2
1308 1501 1143 3952 3
1577 1337 1650 4564 6
1774 1651 1247 4672 3
1582 1764 1694 5040 2
1320 2022 1578 4920 0
1265 1084 1037 3386 2
1094 1665 1667 4426 0
1340 1486 1913 4739 6
1457 1443 1182 4082 5
2136 1309 1066 4511 9
2087 1382 1233 4702 2
1504 1483 1600 4587 0
1864 1412 2295 5571 6
1554 1193 2000 4747 5
1150 1802 750 3702 3
1908 1613 1200 4721 6
1269 1560 1411 4240 0
1652 1289 1429 4370 5
1197 1393 1681 4271 9
1609 1490 1925 5024 5
1505 1714 1663 4882 5
1627 1836 1503 4966 7
1692 1371 889 3952 10
1578 1800 1223 4601 9
1256 1734 1235 4225 1
1735 1914 1322 4971 1
1382 1303 1254 3939 0
1645 829 1770 4244 10
1947 1831 1350 5128 1
1526 1433 1765 4724 8
847 1944 1461 4252 1
1829 1805 1453 5087 10
2119 1827 1264 5210 2
1277 1703 1657 4637 10
1484 1734 932 4150 3
1547 1525 1732 4804 5
1679 1564 1164 4407 3
1057 1584 1512 4153 6
1590 1683 931 4204 6
869 1026 1671 3566 5
1808 1377 1458 4643 6
1447 1610 1511 4568 2
1343 1916 1770 5029 7
1592 1629 1454 4675 3
1243 1092 1520 3855 9
1550 1655 1297 4502 7
1616 1656 1351 4623 5
1282 1455 1197 3934 8
1808 1350 1513 4671 1
1711 1719 1052 4482 3
1102 1373 1819 4294 4
1044 1746 1444 4234 6
1533 1177 2092 4802 3
1451 1246 1268 3965 3
1906 1468 1652 5026 5
1242 1032 1540 3814 1
1302 1467 1255 4024 1
1509 1712 1406 4627 4
1799 1731 1602 5132 0
1517 1848 1538 4903 4
1667 836 1906 4409 1
1693 1261 1367 4321 0
1004 2127 849 3980 0
1522 1351 1845 4718 5
1897 1605 1596 5098 6
1207 1022 1523 3752 0
1193 858 1510 3561 7
1809 1699 1442 4950 7
1396 1316 1584 4296 5
1163 1193 1606 3962 2
1470 971 1409 3850 0
1345 1441 1663 4449 4
1306 1751 1835 4892 10
1325 1319 1673 4317 1
1560 1630 1469 4659 5
1548 1524 2145 5217 10
1410 1926 1515 4851 8
1986 909 1253 4148 3
1478 1431 1405 4314 9
1537 1750 1273 4560 2
1524 1338 2104 4966 5
1538 1433 1475 4446 3
1448 1603 1225 4276 2
1751 1653 1802 5206 4
1492 1782 1672 4946 1
1350 1368 1283 4001 8
2206 2429 1148 5783 10
1300 1593 1239 4132 1
1618 1375 1820 4813 7
1497 649 1215 3361 9
1377 1683 1694 4754 7
1586 1833 1035 4454 7
1559 1148 1551 4258 9
1851 1552 1184 4587 9
1616 1500 2114 5230 4
1557 1162 1130 3849 1
1703 1499 1826 5028 10
1030 978 1815 3823 9
1114 1485 1413 4012 9
1798 1495 1322 4615 10
1249 1351 1817 4417 1
1525 1344 1782 4651 9
1567 1702 1752 5021 9
1740 1480 1367 4587 3
1694 1272 1566 4532 5
1970 1498 1641 5109 9
1861 1699 1252 4812 8
1641 1722 1699 5062 7
1293 1910 1507 4710 2
1617 1113 1485 4215 4
1450 1656 1477 4583 1
1952 1284 1556 4792 1
1553 1672 1635 4860 3
1498 1413 989 3900 7
948 1378 1277 3603 4
1325 1681 984 3990 3
1242 1682 1753 4677 3
1096 1175 1822 4093 1
1852 1736 1564 5152 4
1225 1618 1473 4316 5
1097 1703 1627 4427 8
1454 1429 1449 4332 8
1368 1445 1638 4451 5
1346 1766 1679 4791 3
1021 1698 2242 4961 9
1476 1149 1142 3767 9
658 1243 1568 3469 5
1832 1180 1561 4573 10
1554 1650 1713 4917 7
1096 1413 1673 4182 9
1457 1519 2175 5151 4
1683 1626 1502 4811 0
1194 1624 1610 4428 0
1321 1990 1438 4749 6
1797 1495 1515 4807 9
1650 1067 1330 4047 6
1732 1706 1733 5171 8
1265 2049 1225 4539 7
1227 1085 1784 4096 3
2436 1825 1679 5940 6
1790 1531 1119 4440 7
1334 1579 1381 4294 0
1447 1433 1755 4635 2
1196 1639 1513 4348 10
1049 1464 1221 3734 0
1926 1226 1700 4852 6
1476 1367 1110 3953 6
1103 1081 1671 3855 7
2104 2001 1317 5422 5
2116 1282 2121 5519 2
1892 1339 1665 4896 2
1261 1284 1578 4123 9
1493 1544 1449 4486 10
1182 1397 1587 4166 1
1165 1316 1777 4258 6
1101 1499 1240 3840 1
835 1238 1749 3822 2
1225 1558 1772 4555 0
1511 2056 1593 5160 1
1475 989 1324 3788 3
1462 1737 1782 4981 8
1381 1592 1525 4498 7
1356 1380 1652 4388 10
1633 1492 1183 4308 10
1548 1368 1301 4217 2
1468 2050 1371 4889 2
1223 1816 1520 4559 6
1669 1060 1836 4565 3
1399 1720 1518 4637 1
1344 1752 1096 4192 5
1535 1932 1541 5008 0
2335 1444 1278 5057 2
1348 1668 1385 4401 1
1709 1613 1388 4710 3
1132 1336 1303 3771 10
1834 1647 1309 4790 6
1609 1791 1171 4571 8
1887 1097 1260 4244 7
1055 1749 1507 4311 5
2070 1472 1536 5078 8
1235 1238 1200 3673 9
1382 1437 2038 4857 7
1714 1155 1678 4547 3
1880 930 945 3755 9
2145 1860 2051 6056 2
1356 1615 2030 5001 1
1344 1241 1263 3848 3
1829 1595 1015 4439 3
1446 1640 1773 4859 2
1087 996 1340 3423 7
1765 1554 928 4247 1
1528 1377 1806 4711 8
1484 1881 1111 4476 7
1647 1574 1541 4762 2
1959 1218 1362 4539 6
1629 1510 1573 4712 2
1449 2160 1137 4746 5
1500 1927 1799 5226 3
1680 1630 1540 4850 9
1859 1178 1983 5020 0
1490 1250 1320 4060 8
1147 1575 1699 4421 9
1797 1484 1015 4296 9
1436 1124 1803 4363 9
726 855 1301 2882 2
1696 976 1248 3920 4
1096 1195 1473 3764 2
1409 1416 1351 4176 9
1000 1690 1632 4322 8
1545 1808 1403 4756 3
1908 1295 1160 4363 6
1659 1423 1425 4507 6
1036 1253 1699 3988 1
1077 1154 1307 3538 8
1828 1131 1919 4878 2
1560 1484 1522 4566 9
1464 1279 1604 4347 1
1579 1778 1018 4375 9
2011 1573 1477 5061 2
1371 1253 1077 3701 5
1744 2121 1797 5662 3
1872 972 2014 4858 2
1940 1492 1707 5139 3
1486 1838 1488 4812 4
1500 1895 1910 5305 3
1696 786 1468 3950 2
1356 1389 1493 4238 10
924 1082 1478 3484 1
1212 1084 1741 4037 5
1649 1596 1310 4555 8
1031 1796 1550 4377 3
1714 1593 1392 4699 3
1158 1538 1143 3839 10
803 1214 1544 3561 0
1645 1278 1879 4802 0
1383 1307 1153 3843 5
917 1826 2125 4868 0
1238 1506 1643 4387 10
1260 1320 1396 3976 8
1345 1508 1921 4774 5
1521 1344 1290 4155 7
1733 1541 1209 4483 8
1338 1008 1537 3883 9
1157 700 1472 3329 3
1703 1718 1657 5078 8
1649 1432 1692 4773 2
1854 1399 1221 4474 5
1346 1480 1569 4395 7
1076 1754 1297 4127 0
1502 1355 1177 4034 8
1653 1682 1615 4950 1
1665 1457 1609 4731 4
1620 1579 1324 4523 2
1563 1640 1603 4806 1
1247 1757 1610 4614 5
1038 1271 1670 3979 4
2043 1626 865 4534 9
974 1848 1624 4446 8
1103 1756 1268 4127 6
1310 1240 796 3346 7