500
2186 2977 3141 8304 10
2638 2452 2543 7633 3
2539 2291 1702 6532 7
1931 2090 2339 6360 7
2805 2159 2735 7699 5
3634 2672 2230 8536 4
2623 1679 2284 6586 4
2442 1765 2819 7026 1
3253 3052 2550 8855 6
2495 2873 2217 7585 5
2233 2783 3727 8743 10
2168 2839 2038 7045 9
2819 3308 1732 7859 10
2343 2108 2057 6508 6
2153 3204 2342 7699 10
1946 2846 2979 7771 7
2796 3402 2325 8523 6
3091 2268 2282 7641 10
2883 2714 1838 7435 5
2120 1817 3084 7021 8
1685 2836 1939 6460 3
1405 2836 3291 7532 1
2531 2060 2958 7549 9
2265 1953 2811 7029 7
3018 2846 2371 8235 6
2261 2088 2545 6894 7
2639 2062 2476 7177 1
2930 2950 2892 8772 2
2366 2112 2374 6852 7
3007 3219 3368 9594 6
2959 1977 2826 7762 10
2522 2839 3092 8453 5
2689 3135 2559 8383 8
3038 2094 2588 7720 8
2794 2434 2185 7413 9
2165 2504 2077 6746 3
2418 1069 2366 5853 1
3265 2833 2373 8471 1
1640 2687 2388 6715 3
2622 1902 2311 6835 9
2922 2397 2239 7558 8
2114 2799 2089 7002 2
2328 2071 2531 6930 1
2386 2792 2694 7872 4
2309 2418 3047 7774 1
2083 2909 3312 8304 6
3160 3417 3181 9758 10
2362 1321 1669 5352 10
2978 3025 2598 8601 9
1691 2327 2143 6161 4
3014 2845 2860 8719 7
1676 3646 1485 6807 6
2478 2376 2159 7013 9
2517 2613 3183 8313 9
1488 1189 2414 5091 10
1747 2476 2834 7057 1
3256 1740 2938 7934 3
1968 2691 2876 7535 7
1887 2838 2580 7305 6
1692 2834 2325 6851 7
1931 3074 2054 7059 10
1601 2126 1425 5152 5
1793 2419 2651 6863 1
2132 2652 2034 6818 8
1969 1720 1771 5460 5
2105 1778 2489 6372 3
1747 2233 3370 7350 10
1925 2128 1859 5912 7
2178 2500 2427 7105 1
1787 2692 2608 7087 4
2146 2506 2149 6801 10
3160 2354 2067 7581 10
3160 2063 1795 7018 8
2501 1861 2583 6945 7
2713 1895 1852 6460 2
2161 3290 2088 7539 7
2722 3410 2700 8832 1
2791 2671 2544 8006 1
2046 2563 2858 7467 4
3505 3731 2163 9399 5
2519 2922 2224 7665 9
3262 2161 2357 7780 7
2468 3368 1746 7582 2
3167 2517 1683 7367 6
3019 2680 1626 7325 1
3545 1557 2631 7733 8
2940 1303 1929 6172 8
2575 3019 2230 7824 10
2368 779 1976 5123 6
2943 3001 2387 8331 6
2282 1887 1847 6016 9
1926 1660 1889 5475 1
1826 1459 1357 4642 7
2024 2427 1649 6100 10
3744 2995 3074 9813 6
2488 2795 3259 8542 6
1917 3111 3384 8412 10
3194 3149 2182 8525 1
2444 2865 2468 7777 7
2712 2242 2564 7518 10
2691 2125 2391 7207 6
2854 2667 3602 9123 2
1961 2463 2542 6966 1
2588 3468 2896 8952 9
1997 2325 1648 5970 7
2747 2984 1775 7506 6
2589 2560 2881 8030 7
2927 2542 3043 8512 9
3039 2683 2951 8673 3
2503 2097 3122 7722 1
2173 2508 3662 8343 9
3053 2681 2223 7957 6
2755 1987 2868 7610 10
2823 2387 2433 7643 2
2751 2334 2485 7570 1
2718 2711 2745 8174 2
2899 2969 2540 8408 1
2279 2698 2927 7904 4
2883 2192 1208 6283 10
2618 2794 2371 7783 3
3380 2110 2787 8277 4
2324 2716 3053 8093 1
3554 2563 2595 8712 6
2158 2236 2360 6754 2
2191 2499 2411 7101 4
1813 2574 2548 6935 8
2880 3076 2913 8869 6
2638 2207 2569 7414 6
2731 2966 2756 8453 6
3932 2603 2283 8818 8
1791 1885 2078 5754 1
2814 1769 2428 7011 1
2835 1857 2233 6925 1
2625 2355 2683 7663 10
2618 1189 3202 7009 7
2771 3050 2984 8805 3
3284 3634 2943 9861 7
2048 2650 3034 7732 1
2443 1593 2500 6536 1
2579 2645 2344 7568 10
3698 2485 2320 8503 5
1899 2038 1982 5919 5
3790 2377 2586 8753 5
2564 1892 2683 7139 1
1935 1822 1990 5747 3
2046 3137 2722 7905 8
1665 2734 2264 6663 4
2169 2793 2200 7162 4
1814 4013 2487 8314 7
2145 1655 2324 6124 1
2204 2792 1896 6892 6
2911 2702 3005 8618 1
3049 2504 2595 8148 6
2805 2203 3154 8162 10
2364 2115 2064 6543 4
2486 2523 3437 8446 7
1981 2557 3001 7539 1
3155 2218 3245 8618 6
2769 2162 2105 7036 2
2334 2509 3149 7992 1
2872 3549 3236 9657 6
2923 1805 2027 6755 9
1424 3780 3202 8406 9
1550 2257 2943 6750 7
1682 2141 2241 6064 4
2872 2700 3464 9036 4
1248 3186 2433 6867 9
3078 1837 2264 7179 7
2826 1705 2594 7125 1
2325 2384 1973 6682 8
2009 2339 2761 7109 3
1559 2727 2717 7003 2
2734 2683 2015 7432 3
3746 1566 1963 7275 9
2935 2320 3226 8481 1
3067 2602 2097 7766 6
1917 2905 3029 7851 3
3751 2444 2724 8919 3
2203 2742 3311 8256 9
2827 2174 2380 7381 2
2140 2119 1694 5953 5
2644 2689 1727 7060 8
2965 3386 3117 9468 9
2069 2623 2512 7204 1
2619 2490 1831 6940 6
3030 2283 2662 7975 7
2443 2737 2834 8014 6
2223 2332 1664 6219 3
2404 2628 2191 7223 10
2759 2647 2286 7692 1
2670 2277 2287 7234 3
2349 2793 2413 7555 9
2002 2733 2757 7492 6
2342 3840 2357 8539 2
2676 2178 1613 6467 7
2436 2297 1951 6684 4
2289 3396 3033 8718 7
1780 2013 2710 6503 8
2474 1535 2772 6781 9
2209 2860 2598 7667 1
1402 2560 2055 6017 5
2313 2419 2499 7231 9
2016 2010 2621 6647 8
2609 2456 3639 8704 10
3048 2942 2507 8497 5
2160 2024 2007 6191 10
3499 2406 2898 8803 1
1793 3538 3299 8630 5
2532 1973 2023 6528 7
1687 2950 2336 6973 3
2619 1871 2774 7264 10
2863 2788 2489 8140 9
2066 2259 2570 6895 9
3369 2977 2489 8835 2
3325 3133 2498 8956 10
1655 2145 1686 5486 8
2160 2202 3372 7734 6
3035 2015 1582 6632 9
2246 2379 2182 6807 2
2550 2672 2413 7635 1
3452 2671 2880 9003 9
2216 2415 2709 7340 4
2208 2586 2622 7416 4
2252 2745 2170 7167 2
3068 2226 2944 8238 5
3204 3485 2073 8762 9
2139 2162 2848 7149 4
2690 2284 2935 7909 4
2380 2056 2674 7110 10
2425 2182 3175 7782 6
2875 2199 2289 7363 5
3838 3294 2249 9381 8
2824 2873 2217 7914 10
2555 2191 1989 6735 5
2194 3145 3634 8973 5
2118 2690 1979 6787 4
2270 2630 2619 7519 4
2336 2151 2245 6732 4
2043 1516 2991 6550 6
2335 2601 2140 7076 10
1253 2395 3557 7205 2
2398 1954 2282 6634 8
2140 2377 2459 6976 6
2549 2786 2692 8027 3
2547 2228 2736 7511 4
1354 2405 2414 6173 6
2585 2979 2763 8327 9
2367 2811 2223 7401 5
2372 2993 2145 7510 2
2617 2918 2031 7566 2
2637 3054 3339 9030 3
2859 2221 2797 7877 4
2807 2155 2759 7721 8
2851 2230 2973 8054 6
2643 3027 3104 8774 3
3419 3757 2536 9712 7
2240 2681 1992 6913 9
2299 2367 2701 7367 2
2880 2564 3472 8916 4
3251 2374 1854 7479 8
2210 2634 2880 7724 9
2358 2489 2642 7489 2
2680 2162 3035 7877 3
3298 2244 2695 8237 6
2569 2630 2253 7452 8
2569 1809 1676 6054 1
1714 2606 2274 6594 3
2806 3386 1781 7973 6
1898 3050 2521 7469 2
2195 2942 3267 8404 9
1987 2513 1852 6352 4
1940 2214 3181 7335 10
3345 3470 2398 9213 8
1986 2874 2550 7410 2
1664 2718 953 5335 7
3640 1905 1965 7510 7
1966 2716 3095 7777 8
1115 2277 2999 6391 9
2206 2077 2450 6733 9
2185 2701 3242 8128 2
3083 2762 2796 8641 9
3294 2343 3328 8965 7
1809 2927 3217 7953 10
2506 2876 3004 8386 9
2627 3173 1703 7503 5
2626 2511 2529 7666 2
2700 1916 2787 7403 9
2493 2993 1932 7418 3
2002 2581 1846 6429 10
2808 2205 2656 7669 10
2887 1759 1980 6626 9
2774 2501 3297 8572 1
3270 2583 2605 8458 5
2576 1219 2093 5888 10
2503 3541 1987 8031 3
3322 2996 2472 8790 4
2080 3038 2214 7332 10
2433 3331 2655 8419 5
2685 2089 3155 7929 10
3122 2993 1501 7616 5
3063 2026 2197 7286 4
2093 2825 1801 6719 3
2786 3026 3143 8955 5
1594 2768 3241 7603 3
3217 2240 3577 9034 10
2907 2698 1880 7485 7
3070 2409 3825 9304 9
1872 1568 1628 5068 9
3071 1259 2034 6364 9
2528 2032 3351 7911 5
2376 2329 2391 7096 8
2941 3115 2280 8336 4
1934 2311 2350 6595 10
2080 2577 2843 7500 10
1798 2184 2659 6641 3
2383 3104 3216 8703 2
2665 2202 3206 8073 3
2115 2069 2024 6208 1
2491 2037 2844 7372 4
2523 2712 2513 7748 2
2751 1454 2112 6317 4
1776 1873 1843 5492 2
2296 2538 2346 7180 6
2240 2290 3040 7570 8
2002 1933 2320 6255 4
1900 2848 2649 7397 10
2134 4141 1996 8271 9
2368 3179 2157 7704 4
2270 2844 2019 7133 3
1902 2535 2062 6499 4
3761 2687 3526 9974 6
1749 2666 2190 6605 10
2678 2149 2665 7492 10
1972 2016 2148 6136 5
2304 2507 2428 7239 7
2855 2418 2092 7365 4
2569 3116 1789 7474 2
1883 2437 2797 7117 1
2108 2799 1989 6896 7
3022 1774 2029 6825 4
2934 1688 2286 6908 4
2721 2043 2172 6936 2
2404 2485 1922 6811 7
2002 2134 2040 6176 2
2738 2998 1769 7505 5
1874 1385 2283 5542 5
2019 3340 2754 8113 4
2461 2176 2046 6683 6
3024 2570 1893 7487 8
2483 2451 2278 7212 6
2305 2709 2078 7092 2
2784 1803 1827 6414 7
3308 2156 2135 7599 3
2699 2331 2623 7653 2
2363 2401 1946 6710 1
2830 3078 2271 8179 9
2581 1665 3064 7310 3
2875 2579 2445 7899 5
2702 1620 2609 6931 4
1660 1829 3231 6720 9
3420 2279 2787 8486 10
2767 3172 2019 7958 8
2179 2873 2658 7710 2
3427 2408 2515 8350 2
3057 3350 2389 8796 1
2733 2679 3263 8675 4
2483 2086 2713 7282 3
3148 2155 1656 6959 9
2685 2349 2551 7585 1
3220 3089 2113 8422 6
2466 2300 2682 7448 2
2548 2572 2321 7441 9
2412 2609 2713 7734 4
2678 3527 3021 9226 8
2353 2659 2196 7208 6
2922 1361 2378 6661 2
2960 2928 3908 9796 9
3218 2315 3062 8595 4
2388 1399 2545 6332 9
2611 2763 2933 8307 10
1164 2241 1402 4807 6
2478 2531 2825 7834 7
2793 2405 3322 8520 9
2666 2111 2630 7407 5
3200 2481 2631 8312 4
2365 1983 2739 7087 4
3068 3206 2004 8278 6
1968 2434 1934 6336 6
2426 3042 3247 8715 7
2769 2009 1750 6528 10
1536 2149 2313 5998 4
1673 2921 1578 6172 3
2653 2557 2306 7516 1
2948 3558 3045 9551 7
2730 3884 2239 8853 8
2212 1820 3209 7241 2
2459 2425 2102 6986 4
2155 2683 2560 7398 7
2806 2672 2391 7869 7
2407 3198 2792 8397 4
2115 2971 2564 7650 7
2999 3276 2597 8872 8
2613 2590 3161 8364 8
2135 1750 2353 6238 4
3085 3377 1931 8393 4
2229 2062 2671 6962 3
3269 1994 2826 8089 10
2447 2187 3198 7832 3
2223 2478 2255 6956 9
2420 1921 2579 6920 3
1578 1864 2464 5906 10
2327 3021 2374 7722 6
2279 2360 2487 7126 4
2249 2750 2437 7436 6
2559 2721 2727 8007 2
2084 2420 3511 8015 7
2493 2952 2548 7993 8
3041 2651 2926 8618 4
3007 2047 2820 7874 2
3591 1834 2232 7657 8
3243 1692 2969 7904 9
2614 2837 1638 7089 3
2256 2329 3392 7977 1
2109 2686 3361 8156 7
2194 2511 2506 7211 4
2053 3260 1618 6931 8
2879 1836 3311 8026 3
2266 2478 2898 7642 1
2868 2717 1292 6877 3
2952 2889 2079 7920 7
2097 2916 1239 6252 8
2911 2427 2765 8103 7
2951 3178 2694 8823 3
1351 2438 3074 6863 4
2596 2534 2380 7510 1
2812 1623 2161 6596 6
2434 2150 2594 7178 5
2249 1864 2273 6386 9
2306 2039 2284 6629 7
2928 2608 2622 8158 6
1447 3051 1862 6360 1
2503 2603 3690 8796 1
2939 1766 2345 7050 4
2456 2403 2986 7845 2
1906 1792 2580 6278 3
2229 2238 2601 7068 1
3156 1341 2292 6789 5
2557 1955 2987 7499 1
3034 2783 2817 8634 7
3396 2319 2409 8124 3
2434 2219 2392 7045 6
2511 1604 2984 7099 3
2644 2397 1706 6747 10
2721 1995 2905 7621 9
2848 2478 3015 8341 3
3021 2744 2162 7927 6
2179 2167 2186 6532 1
1852 2656 3096 7604 10
2689 2108 2286 7083 7
2528 1433 2756 6717 8
2365 2835 1986 7186 4
2242 2927 2797 7966 10
3087 2401 3287 8775 2
3176 2038 2783 7997 2
2081 1743 1935 5759 1
2281 2027 2496 6804 6
2717 2816 2308 7841 9
2226 2775 2589 7590 8
2827 2464 2718 8009 2
2835 2448 2712 7995 6
1655 3199 2908 7762 2
1164 2834 2868 6866 10
2417 2938 2162 7517 3
1921 3055 2630 7606 6
2644 2250 3130 8024 8
2600 2187 2828 7615 1
2381 2506 2097 6984 1
2923 2879 2416 8218 5
2031 2841 2009 6881 2
2660 3413 2018 8091 4
2960 3062 2436 8458 5
2719 2311 2791 7821 7
3178 2627 2135 7940 4
3657 2029 1769 7455 8
3338 2297 2941 8576 6
3012 2899 3265 9176 2
3128 3174 1883 8185 10
2900 1574 3336 7810 7
1937 2687 2309 6933 9
3846 2670 3109 9625 6
1619 2089 1882 5590 1
2272 2231 3320 7823 4
2804 1850 1583 6237 9
3600 3341 2576 9517 9
1673 2876 2583 7132 3
2084 2684 1877 6645 10
2028 2757 2221 7006 6
2083 2259 3155 7497 3
3089 3431 2298 8818 4
2344 1986 2605 6935 7