350
2319 1100 2480 5899 7
1525 2002 1624 5151 6
1178 1181 1434 3793 5
1689 1694 1992 5375 9
1439 1414 1734 4587 6
2105 1549 1576 5230 6
849 1694 1645 4188 9
1803 1890 1989 5682 1
1315 2583 1108 5006 8
1903 861 2339 5103 7
1588 2046 1811 5445 2
2057 1755 2321 6133 8
1422 1998 1416 4836 8
1284 2050 1687 5021 7
1689 1507 1982 5178 6
2071 1943 1264 5278 1
1902 1047 1508 4457 7
1315 1978 1270 4563 2
1833 2150 1507 5490 2
1548 1581 1697 4826 9
1553 1655 1958 5166 0
2252 1691 1978 5921 8
1782 1753 1983 5518 1
1675 2350 1460 5485 8
1112 1929 2086 5127 3
2135 1883 1707 5725 7
1084 1256 2165 4505 8
2103 1515 1857 5475 9
1723 2076 1504 5303 6
2000 1924 1561 5485 7
1540 1623 2113 5276 4
999 2348 1659 5006 1
1202 2113 1558 4873 2
1708 2262 1585 5555 9
1957 1404 1876 5237 4
2530 1704 2322 6556 9
1862 1944 1455 5261 6
1906 1279 1712 4897 8
978 1633 2115 4726 4
1830 1879 1840 5549 0
2225 1224 986 4435 2
1796 1730 1568 5094 1
1250 1762 1518 4530 6
1388 937 1898 4223 5
1234 1382 1796 4412 9
1763 844 1527 4134 3
1120 1696 1817 4633 2
1979 1368 1820 5167 5
1675 2259 1346 5280 5
1718 1743 1930 5391 7
2071 1681 1665 5417 9
1635 1547 2209 5391 0
1851 1589 1674 5114 8
1626 2114 1711 5451 6
1860 1426 1360 4646 9
1945 1457 1536 4938 7
2327 1708 945 4980 10
1856 2022 1712 5590 3
1114 1202 1912 4228 10
1683 1841 1764 5288 0
2401 1448 1226 5075 5
1549 2008 1159 4716 8
2046 1306 1450 4802 10
1464 1536 1753 4753 0
1498 1278 1821 4597 3
1919 1892 1780 5591 0
2031 1874 2126 6031 6
1439 2166 1914 5519 1
2008 1755 1832 5595 2
1743 2213 1550 5506 1
1407 1634 1648 4689 8
1385 1518 1735 4638 7
1414 1228 1495 4137 3
1186 1251 1606 4043 4
1345 1794 1523 4662 8
1590 1666 1946 5202 3
2180 2122 2016 6318 4
1823 1645 1779 5247 2
1601 1672 1795 5068 10
1659 1229 1049 3937 6
2300 1283 1365 4948 2
1064 1478 1431 3973 2
1621 335 1352 3308 1
1787 1822 2002 5611 8
1211 1510 1737 4458 3
1695 1460 2425 5580 10
1669 1181 877 3727 3
1499 1271 2136 4906 7
2387 1646 1464 5497 0
1595 2247 1617 5459 6
1414 1696 1091 4201 8
1999 1810 1521 5330 10
2268 1716 1697 5681 2
2019 1973 1873 5865 2
1658 2019 1433 5110 2
1493 2427 1558 5478 4
1951 1779 1843 5573 0
1816 1797 1579 5192 8
1444 1854 2124 5422 3
1466 2377 2521 6364 3
1010 2176 1470 4656 8
1263 1568 1889 4720 6
1415 2256 1339 5010 8
1966 1712 1881 5559 4
2022 1644 2479 6145 10
2053 1835 1752 5640 10
2213 1718 1963 5894 1
1987 1779 1473 5239 5
1322 2353 1856 5531 7
2349 1845 1661 5855 5
1510 1463 2678 5651 4
2034 1117 1370 4521 1
1553 1253 1627 4433 10
2482 1501 1334 5317 7
1622 1557 1838 5017 4
1237 1336 2468 5041 7
2141 1107 1490 4738 3
2109 1360 2188 5657 6
2068 1772 1498 5338 1
1492 2087 1996 5575 3
1896 1459 1891 5246 0
1829 1591 2226 5646 5
1656 1622 1812 5090 9
1659 2001 870 4530 1
2234 1289 1685 5208 2
1561 2028 1501 5090 7
2224 1715 1373 5312 0
1925 1336 1609 4870 1
1473 1998 2200 5671 7
1628 1768 1788 5184 8
2463 1749 1777 5989 7
1904 2009 2529 6442 7
1751 2269 2343 6363 8
2272 2336 1359 5967 0
2025 1810 1420 5255 5
1352 1352 1592 4296 2
1896 1721 2298 5915 6
1952 1293 945 4190 10
1571 2247 1526 5344 7
1966 1590 2166 5722 1
1441 1508 1942 4891 10
1157 1908 1867 4932 5
1651 1985 1833 5469 0
1955 1551 2177 5683 2
1955 2035 1642 5632 1
1343 2069 2031 5443 1
1343 1329 1183 3855 2
1691 1879 1461 5031 4
1855 1375 1733 4963 3
1822 1865 1510 5197 1
1830 2001 2022 5853 9
1422 1837 1528 4787 9
1865 1507 1872 5244 9
2041 1570 1462 5073 4
1893 1851 2325 6069 5
1752 1791 1804 5347 8
1715 1463 2325 5503 4
1835 1107 2114 5056 3
1495 1963 1451 4909 6
1785 1527 1746 5058 10
1523 1678 1066 4267 6
1974 1782 1741 5497 8
1571 2074 973 4618 9
1684 1573 1946 5203 10
1203 1916 1215 4334 5
1902 1554 1694 5150 5
1538 1590 2080 5208 2
1289 1588 1453 4330 8
2277 1248 1755 5280 8
2308 2167 1664 6139 10
1585 1383 2002 4970 5
1507 1528 1591 4626 1
1751 1754 1598 5103 2
1416 1716 1524 4656 8
1991 2001 1444 5436 4
1867 1990 1688 5545 4
1177 1751 1506 4434 3
2170 2171 1178 5519 7
2050 1501 1915 5466 6
1699 1588 1756 5043 1
1916 1698 1722 5336 8
1855 1795 1486 5136 0
1640 1224 2046 4910 4
1902 1551 1864 5317 4
1983 2530 1834 6347 2
2087 1729 1951 5767 3
1161 1921 1644 4726 8
1697 2285 1893 5875 3
1721 1862 1683 5266 8
2061 2188 1155 5404 4
1676 1678 1041 4395 3
2012 1707 1754 5473 0
1565 1169 1746 4480 4
2327 2043 1743 6113 2
2466 2104 998 5568 5
1569 2110 1254 4933 0
1891 1580 2036 5507 3
2094 1451 1880 5425 4
1728 1570 1760 5058 1
1641 1151 1876 4668 6
1968 1317 1459 4744 8
2712 1335 1564 5611 3
2217 1307 1391 4915 5
2379 1454 997 4830 9
1793 2024 2061 5878 10
2404 1716 1395 5515 1
1794 1778 1231 4803 3
1853 2391 1961 6205 10
1779 2130 1715 5624 1
1985 1998 2187 6170 9
1810 1840 2011 5661 2
1815 1176 1939 4930 2
2106 1554 1024 4684 3
1707 1666 1837 5210 3
1948 2093 1923 5964 9
1957 1326 1635 4918 8
1555 1764 2288 5607 7
1393 2010 1560 4963 9
1435 1719 2150 5304 2
1844 933 1480 4257 8
1814 1775 1613 5202 3
2152 946 1753 4851 0
1450 1699 2301 5450 1
1819 2219 1395 5433 8
1456 1683 1937 5076 7
1556 1825 1966 5347 3
2049 1774 2158 5981 0
1567 1630 2100 5297 4
2321 2387 1720 6428 2
809 2369 2177 5355 5
2354 1548 2210 6112 1
1859 1951 1510 5320 8
2043 2092 1510 5645 7
1605 1969 1908 5482 0
1769 1322 2079 5170 3
1660 2560 1663 5883 8
1466 2484 1822 5772 2
1797 2469 1896 6162 1
1415 1014 1870 4299 5
1914 1747 1828 5489 9
1520 2103 1396 5019 9
2310 2066 1962 6338 5
1060 1420 1986 4466 5
1742 1305 2192 5239 8
1638 1496 1441 4575 6
1959 1364 1903 5226 10
1740 2560 1638 5938 1
2360 1133 2210 5703 8
2045 1471 2160 5676 7
1867 1663 1470 5000 5
1819 1934 2087 5840 8
1957 1892 1826 5675 5
1500 1515 1940 4955 9
2443 1999 1662 6104 5
1219 1612 1853 4684 3
2508 1590 2163 6261 8
1886 2018 1555 5459 4
1580 1555 1052 4187 4
1708 2357 1861 5926 7
1576 1345 1133 4054 3
1972 2229 1481 5682 3
1390 1727 1857 4974 5
1088 1731 1653 4472 0
1326 2120 1661 5107 10
1900 1652 1586 5138 1
1465 2086 1720 5271 10
2611 1801 1230 5642 8
1786 2042 1299 5127 5
2063 1670 2317 6050 3
1711 1872 950 4533 3
1581 2342 1747 5670 10
1880 1821 1571 5272 10
1661 1939 1607 5207 6
1557 1673 1251 4481 0
1718 1129 1635 4482 7
1965 1715 1831 5511 5
1498 1857 1764 5119 2
2010 1815 1482 5307 4
1871 1309 987 4167 5
1795 1785 2429 6009 10
1726 1774 1891 5391 6
2620 1873 2018 6511 5
1983 1777 1406 5166 1
1923 1779 2322 6024 2
1761 2033 2087 5881 5
2021 1678 1253 4952 1
1656 1586 1688 4930 6
1540 1652 1969 5161 6
1683 1745 1692 5120 3
1877 1747 2113 5737 4
1484 1669 1703 4856 5
1912 1849 1628 5389 0
1395 1584 1801 4780 8
1831 2049 2048 5928 7
1495 975 2126 4596 8
1483 1836 1386 4705 5
1669 2084 1721 5474 8
2043 1874 1976 5893 5
1883 2024 1583 5490 9
628 1223 1194 3045 3
1789 1771 1588 5148 10
2378 1448 1893 5719 2
1155 1768 1613 4536 9
2288 2044 1599 5931 5
2306 1705 1676 5687 8
2228 1381 1684 5293 6
1454 1498 1627 4579 4
1289 1897 1416 4602 0
1799 1645 2383 5827 1
1509 2000 1663 5172 1
2167 1567 1921 5655 6
2189 1599 1011 4799 4
1664 1924 1379 4967 0
1809 1472 2074 5355 7
1964 1650 1638 5252 6
2159 2222 2243 6624 3
1747 2105 1949 5801 2
1156 1531 2135 4822 6
1258 1205 1943 4406 0
2105 1933 1856 5894 3
2100 1726 1588 5414 10
2110 1927 1762 5799 1
2016 1552 1975 5543 0
1720 1475 2080 5275 6
2021 1760 1883 5664 3
2073 1891 2228 6192 7
1811 1663 2228 5702 1
2285 1936 1187 5408 4
2057 1387 1530 4974 4
1406 1084 1935 4425 5
1358 1904 1511 4773 2
2405 1986 2040 6431 10
2102 1426 1438 4966 10
1592 1208 1495 4295 3
1377 1568 1606 4551 1
1533 1963 2009 5505 4
1733 1653 2240 5626 3
1906 1663 1906 5475 5
2386 1874 1730 5990 6
1808 1718 2135 5661 3
1542 1501 1679 4722 9
1407 1968 1762 5137 2
2031 1590 1618 5239 2
1563 1351 2161 5075 10
2248 1470 2254 5972 8
1963 1944 1312 5219 9
1579 1989 2222 5790 10
2255 1894 1331 5480 9
2243 1571 1416 5230 8
1904 1920 2121 5945 7