200
1264 1387 854 3505 2
872 1003 1214 3089 5
1042 1006 960 3008 9
1041 673 740 2454 2
985 811 812 2608 6
730 1313 1086 3129 6
1169 770 1062 3001 6
834 1045 1130 3009 6
1247 943 836 3026 2
1010 1011 1502 3523 5
960 817 948 2725 8
1090 624 1214 2928 9
1240 1174 594 3008 2
991 990 904 2885 8
1308 707 1113 3128 6
1535 1179 1095 3809 10
968 932 1041 2941 3
735 1298 1018 3051 10
934 1331 951 3216 4
1143 1206 1031 3380 9
1005 1062 1127 3194 2
1153 1080 1219 3452 9
1328 1264 1217 3809 4
969 1009 1086 3064 9
956 1003 1330 3289 8
1084 916 767 2767 4
1173 959 989 3121 8
1017 1121 913 3051 6
959 1210 866 3035 5
688 878 852 2418 8
841 1219 461 2521 7
888 992 1339 3219 7
1027 1319 1011 3357 8
1103 988 903 2994 1
796 974 921 2691 3
855 1245 1097 3197 8
1165 1126 991 3282 10
998 1171 1250 3419 10
765 723 1135 2623 7
964 636 903 2503 2
1196 807 1162 3165 10
1020 1077 1155 3252 4
1144 978 782 2904 3
988 803 936 2727 4
1087 1182 1189 3458 1
1038 1378 1303 3719 6
829 1203 1029 3061 3
903 1148 1030 3081 2
1121 572 1083 2776 4
806 982 681 2469 1
530 926 1074 2530 4
889 1156 1286 3331 3
1228 759 779 2766 2
915 791 1054 2760 6
714 1045 1141 2900 2
788 989 1180 2957 5
871 1083 971 2925 3
1092 828 1114 3034 2
1107 660 1028 2795 8
910 916 464 2290 4
831 748 1047 2626 10
878 1406 556 2840 5
987 1687 883 3557 6
978 1160 997 3135 8
1302 933 1195 3430 6
851 1187 806 2844 2
1062 1027 1106 3195 3
794 883 927 2604 3
1152 975 880 3007 3
1223 1308 921 3452 10
978 914 995 2887 2
1190 1133 1456 3779 5
1006 957 838 2801 1
1340 863 1003 3206 6
1265 935 963 3163 5
1106 1407 1165 3678 7
875 1029 1246 3150 7
1140 1143 669 2952 5
936 945 845 2726 8
1373 1146 943 3462 6
1111 790 1043 2944 5
954 1168 1319 3441 8
1007 930 825 2762 8
1159 845 794 2798 7
885 1011 1094 2990 4
866 841 826 2533 4
923 1131 688 2742 3
928 829 783 2540 4
1070 689 847 2606 3
951 628 727 2306 10
1269 1401 884 3554 5
965 1199 1001 3165 3
1100 1043 938 3081 2
1011 633 1125 2769 8
621 1189 574 2384 9
1057 1203 693 2953 2
759 803 1019 2581 3
866 981 867 2714 2
851 1049 1143 3043 3
952 959 1152 3063 2
1124 685 788 2597 3
1033 1058 1000 3091 2
783 1072 1027 2882 5
949 662 859 2470 9
1038 917 865 2820 3
888 1260 1027 3175 8
878 1153 941 2972 5
783 714 1138 2635 9
946 995 806 2747 3
1055 1221 827 3103 2
1008 1102 902 3012 4
861 1146 638 2645 8
1072 768 1069 2909 3
1059 756 610 2425 10
755 1133 1241 3129 5
556 1145 1021 2722 5
1107 1359 769 3235 6
904 1189 1009 3102 5
692 1179 1124 2995 6
893 997 1071 2961 10
821 1104 1286 3211 2
1440 927 942 3309 1
1134 1226 1042 3402 3
874 965 886 2725 8
1339 1104 923 3366 9
957 1362 918 3237 10
875 1093 1163 3131 3
1045 1050 1208 3303 2
937 1047 1059 3043 1
576 902 999 2477 2
1026 1040 715 2781 4
965 839 952 2756 10
853 1180 1072 3105 7
1367 989 1132 3488 3
1044 1159 1136 3339 10
1355 815 1194 3364 10
1077 1043 955 3075 9
951 1245 851 3047 3
1031 1342 751 3124 6
1298 521 1132 2951 1
871 839 922 2632 1
1382 813 908 3103 2
1133 1231 1396 3760 8
730 1423 1179 3332 4
1089 965 1339 3393 3
1246 1466 1351 4063 7
986 1373 1195 3554 5
1078 1148 1090 3316 1
1238 1406 1271 3915 10
958 989 914 2861 1
1168 902 1175 3245 7
1169 880 884 2933 3
890 1059 1266 3215 6
872 1193 848 2913 6
526 1330 1192 3048 2
1224 1255 1262 3741 9
1158 847 1074 3079 2
1044 1089 1116 3249 5
703 1135 1329 3167 9
797 1082 1523 3402 5
794 912 1191 2897 7
625 1188 1028 2841 10
997 966 1145 3108 3
997 909 942 2848 7
754 668 1219 2641 1
1010 1175 881 3066 8
647 772 890 2309 9
1094 840 862 2796 8
910 736 964 2610 10
640 1142 1292 3074 10
1097 1255 872 3224 6
1145 817 894 2856 1
1026 1425 788 3239 3
810 995 1159 2964 1
1001 767 963 2731 5
1117 1149 861 3127 4
1063 929 939 2931 1
1212 728 987 2927 4
1103 1004 1376 3483 9
1022 850 936 2808 2
562 1011 1196 2769 9
826 1078 1223 3127 4
1290 1253 901 3444 6
837 1047 880 2764 8
1121 948 953 3022 3
914 781 1109 2804 6
993 972 1095 3060 5
1130 1151 1128 3409 6
1279 656 874 2809 3
1292 750 871 2913 4
719 795 1373 2887 8
1129 1119 690 2938 3
834 964 1003 2801 8
863 928 780 2571 4
1430 865 998 3293 9
854 684 868 2406 3
1046 1401 964 3411 4
1387 622 483 2492 7
1414 971 731 3116 1
698 857 1147 2702 8