150
887 669 951 2507 7
717 708 930 2355 9
528 609 487 1624 10
795 900 914 2609 5
804 632 933 2369 9
908 535 768 2211 6
674 568 677 1919 9
843 927 632 2402 10
825 811 716 2352 7
1023 628 854 2505 4
879 745 640 2264 9
768 445 733 1946 8
718 717 691 2126 6
791 1009 476 2276 10
715 781 1167 2663 2
1015 711 1014 2740 6
999 747 657 2403 7
726 638 529 1893 6
479 791 861 2131 4
469 564 726 1759 3
903 751 816 2470 2
789 800 772 2361 10
598 746 882 2226 1
631 627 770 2028 6
966 727 840 2533 8
903 830 885 2618 7
930 648 822 2400 6
691 657 737 2085 6
886 829 781 2496 7
987 871 672 2530 6
943 776 589 2308 2
771 354 431 1556 10
944 637 736 2317 6
522 862 900 2284 5
809 857 1060 2726 7
671 824 724 2219 2
698 932 605 2235 7
844 982 759 2585 3
723 747 554 2024 2
863 848 630 2341 3
536 1073 719 2328 9
875 978 805 2658 5
606 547 978 2131 7
1020 860 861 2741 10
940 783 455 2178 9
555 590 802 1947 1
800 895 777 2472 5
634 958 802 2394 6
865 646 880 2391 3
881 501 696 2078 3
865 741 820 2426 4
647 741 791 2179 3
709 289 448 1446 10
790 778 547 2115 4
615 860 644 2119 6
686 568 978 2232 9
791 854 699 2344 6
778 949 795 2522 3
828 785 758 2371 7
542 990 853 2385 1
525 815 809 2149 2
874 678 981 2533 1
516 715 458 1689 8
811 836 903 2550 7
481 1123 716 2320 7
807 913 901 2621 6
682 634 709 2025 6
796 829 774 2399 10
926 683 595 2204 10
842 786 684 2312 4
861 678 366 1905 8
978 716 390 2084 2
627 921 1000 2548 9
613 793 748 2154 8
623 658 684 1965 1
599 560 954 2113 8
727 836 942 2505 9
843 910 622 2375 6
904 628 490 2022 3
772 624 757 2153 3
847 550 809 2206 7
864 965 479 2308 3
642 755 466 1863 2
662 602 908 2172 10
711 495 678 1884 6
872 804 635 2311 5
433 866 923 2222 9
723 908 696 2327 3
871 484 637 1992 1
699 737 1023 2459 6
818 797 671 2286 10
573 821 817 2211 4
968 503 851 2322 8
935 797 621 2353 6
810 938 756 2504 10
733 751 904 2388 3
716 872 893 2481 2
846 705 730 2281 3
831 686 951 2468 4
636 656 854 2146 5
774 971 1088 2833 7
697 894 742 2333 5
737 646 740 2123 5
965 790 1000 2755 4
634 812 814 2260 4
806 750 414 1970 6
740 742 789 2271 8
748 872 1017 2637 7
887 777 996 2660 6
909 639 903 2451 1
894 896 760 2550 1
678 969 906 2553 9
868 776 786 2430 9
926 909 573 2408 1
925 786 840 2551 10
999 832 800 2631 8
1011 747 521 2279 6
747 741 791 2279 9
883 694 744 2321 7
743 964 880 2587 8
667 985 623 2275 4
817 637 670 2124 9
1103 841 728 2672 5
489 760 407 1656 5
682 837 911 2430 4
808 798 656 2262 5
512 710 482 1704 5
397 573 825 1795 4
767 763 831 2361 4
899 751 989 2639 6
734 1103 963 2800 7
754 793 688 2235 2
800 923 764 2487 8
548 740 869 2157 10
747 941 916 2604 3
731 404 752 1887 7
647 537 656 1840 5
763 998 434 2195 6
850 894 673 2417 6
742 581 805 2128 8
634 859 994 2487 4
801 896 862 2559 7
987 1000 882 2869 1
814 585 793 2192 10
770 872 768 2410 1
593 746 655 1994 7
665 602 794 2061 3
702 867 779 2348 9
780 364 748 1892 3
918 733 712 2363 10