500
1/3 1/4 1/2 1/1 1/3
71235 265
48386 124
38349 277
52992 116
66727 243
58830 32
52910 203
53218 148
52341 89
63676 253
31401 40
62335 28
35068 156
40399 168
54792 167
55246 311
61858 115
73882 351
64318 239
56634 183
42715 74
53865 154
31678 160
36126 361
35125 369
34124 294
48557 157
63181 219
24159 260
59001 89
54653 435
41253 179
46730 151
27835 42
41988 267
47903 252
56763 22
45010 313
66244 78
44220 52
43979 222
61200 165
59512 296
28223 21
43359 251
43485 118
26422 272
69661 316
57589 52
33903 72
38667 383
68963 198
46816 26
65461 139
59457 308
35224 88
55365 66
36287 17
37300 269
56174 96
65375 40
42036 33
45004 257
40347 193
57731 391
52893 159
23063 104
46020 112
33684 156
36834 217
54110 73
50814 209
49613 229
62805 393
62116 216
61723 134
59194 304
67063 230
54547 151
71937 119
33429 203
63257 193
41574 450
55217 234
63005 109
59694 462
49089 263
36936 12
39078 228
70363 472
50582 41
59154 90
39948 151
52290 71
52727 91
28601 48
49135 423
42901 139
58340 138
53378 112
45770 322
33888 255
64444 145
54771 211
69681 91
61090 105
58768 54
38291 280
72929 90
37212 175
60783 157
50851 228
48916 190
70131 97
56429 205
55503 82
48764 3
46625 173
55196 235
63692 153
39551 153
36680 1
54779 163
45060 203
62258 369
56516 164
45469 17
49796 203
46428 156
50912 128
52614 258
48450 4
50983 203
72152 215
45352 300
43223 348
61341 3
40603 172
66630 32
52779 291
67944 285
51204 194
30003 302
57326 103
70044 185
50596 96
58222 90
50521 57
54364 127
47837 23
48120 239
45132 8
64752 134
46881 158
57620 28
48495 300
56402 270
50267 131
59773 91
68762 48
32710 180
65673 174
31232 117
42416 59
57243 133
50750 135
47402 86
35558 26
60352 87
37601 33
45108 359
43055 307
25651 312
32642 153
30378 178
60631 179
63725 184
62362 68
61534 162
43226 149
38957 272
55165 102
47277 176
25087 10
32585 223
64365 215
46590 219
36787 39
39494 284
29985 93
57990 274
60103 104
48569 215
58413 289
56598 284
58752 31
63365 278
50163 123
19748 89
47280 338
49187 164
32976 295
20179 35
36180 328
27441 118
54407 176
53458 258
49064 430
33401 34
63412 56
52348 333
40105 117
64845 208
42171 4
41253 43
52298 197
60136 193
65743 72
61450 78
51584 86
61073 169
41813 244
57923 182
58972 143
20510 13
49466 4
57827 326
35361 352
36388 66
47803 180
56012 323
52078 278
35674 256
55287 233
36674 249
36072 52
40459 207
68007 48
46346 21
47151 209
41553 195
47819 362
50493 225
54260 138
51624 198
37655 94
49359 27
46870 232
45506 119
51208 110
45233 21
44749 166
66900 105
28449 99
58532 121
43075 138
30025 32
53571 143
49836 201
44042 212
51363 194
64272 122
61461 230
49065 120
16455 222
70288 233
51585 290
29168 99
64717 124
41292 195
55200 34
32845 251
31522 40
61661 175
37278 170
66359 208
73041 177
54237 272
39651 89
48749 286
50858 221
47603 64
64578 151
39456 227
46636 255
37761 114
57532 258
52877 38
65321 145
42505 20
72590 128
53978 308
23621 260
65085 253
39953 100
63465 442
43625 167
64019 55
68046 214
45755 109
49568 37
69110 173
60173 230
47251 243
45696 269
44513 341
54854 219
41883 74
36972 14
47635 214
47822 101
51836 230
74174 204
60142 77
53133 71
66844 200
55857 124
53479 414
62066 108
60377 115
69542 23
53376 194
62825 226
49771 277
56980 51
52466 91
53691 225
57410 433
43658 166
71132 97
31160 33
30276 168
51742 100
59539 193
39504 379
64306 55
69113 18
47717 197
62912 102
55463 133
29654 77
61733 65
73329 284
52626 113
38307 173
62386 140
50471 257
32769 154
63549 152
38251 359
62518 15
39235 173
41095 214
44131 192
53849 257
60889 178
45376 172
38744 22
33940 217
47269 74
53357 74
35737 164
69471 2
58039 82
69961 246
41483 155
66665 54
48548 97
64168 61
46332 299
45615 234
43598 81
31281 113
48590 88
36014 315
52272 156
43273 164
65964 181
42591 228
73615 249
39270 59
56882 81
25367 250
38239 66
46611 282
57719 62
36083 43
53673 86
40273 41
46540 92
48739 253
54520 201
46783 104
55132 161
55677 291
40622 123
38754 25
54309 123
58470 76
67871 195
40426 198
53190 204
47296 53
55889 118
56065 214
51381 86
63945 19
53287 126
51409 170
42443 114
62774 219
70160 288
45868 56
47105 266
61093 115
37058 107
64863 161
59220 190
37182 258
44882 145
71951 367
43592 62
38902 36
64157 143
36938 40
44427 23
32875 3
55119 169
54590 66
62299 68
26089 271
57920 89
49290 154
55222 193
45687 172
37729 313
32985 167
43486 234
67057 62
61247 195
55925 242
45536 237
52682 261
61431 31
48444 115
53966 114
60969 60
70682 136
26902 257
47860 81
70003 229
57022 210
56459 21
28980 68
51229 209
60586 185
62600 195
42678 23
21921 98
37850 306
60505 21
57000 331
29732 210
50942 345
57353 28
62752 259
39182 74
45358 201
71811 52
71364 39
48204 226
51571 130
52560 207
58452 131
65911 119
62288 162
41592 215
39856 271
64043 240
55864 19
51934 162
52261 104
65519 40
57604 95
32745 149
17669 348
72809 439
49348 14
68450 118
40398 11
43623 304
51591 339
45162 59
37311 290
44629 74
35789 41
27214 180
44676 71
60517 70
49999 155