400
1/4 1/2 1/3 1/1 1/4
29152 160
29241 100
48938 132
50774 305
24401 86
43810 140
47909 125
44773 159
52657 83
22363 54
47775 60
30452 146
44120 114
38753 156
35111 188
44930 17
35122 197
27489 108
37297 121
25618 214
45424 203
47503 209
43917 76
42529 61
47872 191
44740 32
18947 6
40116 105
47723 245
37911 211
10998 223
44430 198
24298 116
17920 71
36073 55
27097 178
41533 97
38012 111
27627 126
36139 31
50518 255
49664 118
34736 2
18737 124
40505 134
45749 337
46397 55
35850 38
31340 77
46189 71
25074 91
38946 144
37803 23
24519 215
48186 93
32684 98
31812 95
43604 182
44234 93
39866 163
43470 128
45052 6
49022 19
48961 140
46405 379
36499 90
26096 180
29407 143
37277 48
52950 181
46450 3
50361 10
50252 82
43856 157
44424 229
17046 140
37403 185
29580 167
43543 266
53960 24
35108 68
28295 161
16980 160
14996 49
48286 34
39128 129
38228 209
26001 137
32184 316
44302 33
33404 59
30795 157
46501 69
42033 51
58178 134
22784 91
36162 48
43141 218
44419 193
45036 204
29377 64
49825 65
35842 243
27296 254
29995 164
46967 23
41587 138
44690 143
51548 151
49192 201
56439 90
48047 81
37620 144
35988 270
33426 15
33528 106
26800 136
45269 120
43513 158
32676 221
37828 40
35171 130
51099 125
34494 194
29298 122
33450 167
47597 54
43754 100
45403 139
50141 165
55776 62
24376 215
48233 128
44283 68
34062 92
33829 243
49262 123
45015 147
38341 93
44514 94
21912 75
41547 78
31302 47
46093 235
48253 208
39910 62
44570 26
32703 76
32639 56
39826 75
47732 143
41855 5
39315 179
44513 66
54269 161
30331 183
46664 59
25887 46
35526 266
55403 101
32341 303
42084 13
27814 3
47174 254
33516 92
44933 45
42360 167
40475 124
32400 200
23642 325
37037 211
25565 113
14822 193
39888 135
25529 228
39393 147
57307 75
36789 13
44120 4
43093 93
33077 121
35697 119
34848 255
27393 10
32350 163
39046 80
36983 206
16715 116
32536 122
41281 308
30478 123
54475 175
52701 150
23502 175
31634 42
41818 174
29331 120
41111 47
38722 107
36869 58
50509 19
36577 62
38605 298
43568 111
18184 108
50749 122
53089 133
39161 75
32514 10
37698 264
22936 277
36902 114
32808 347
36322 77
35159 98
30291 59
46287 122
40554 314
37474 198
36410 178
48725 46
36262 20
27790 294
34989 48
30958 32
46628 284
40896 124
42412 151
32895 56
27436 159
46330 94
53562 141
36537 182
36598 154
43485 128
27178 311
54511 67
59743 212
49378 69
34562 64
36321 255
41365 105
39600 112
34271 345
32790 76
30631 8
38298 173
24801 167
27180 145
38830 135
52800 51
45880 69
41216 82
39227 148
27629 143
26954 22
34523 71
37022 176
46710 190
44311 200
42235 54
33249 39
48803 56
37348 47
47907 77
37061 89
36476 67
32940 140
43475 124
31188 29
47579 20
44830 17
40703 25
53256 8
47168 71
32493 208
36776 111
54263 167
32841 22
37827 87
45476 172
54652 127
39058 73
37837 10
50165 66
46724 139
42168 110
30639 170
32117 96
45618 74
45859 121
52582 5
55659 100
36051 115
43315 30
50856 101
25156 110
52280 169
32209 202
39701 150
46046 248
43119 42
53894 42
29864 22
39691 65
50347 12
25386 166
35151 47
39039 58
55358 172
36161 100
48011 44
33048 268
52889 227
50537 20
25166 195
36314 80
32378 175
32158 247
38793 97
54995 269
50828 119
34541 76
34244 160
42586 10
45332 32
44872 3
19270 41
51014 25
31316 252
44587 90
39282 68
50940 210
37999 8
31752 304
47870 51
47856 231
38814 89
34993 68
44229 107
43453 221
34418 134
28432 195
49263 206
47776 147
20600 78
53839 88
40646 131
18616 76
56987 260
35321 226
40370 46
27111 180
34038 147
41518 4
36219 192
28897 43
40039 219
50543 60
46745 172
53230 261
20230 195
47676 27
52185 59
27907 160
50496 177
52629 169
39001 160
43155 179
35389 75
39841 35
47264 34
43162 69
44675 133
42204 90
29173 200
37471 104
40776 159
36207 108
37522 109
40232 135
27126 11
50935 179
22991 123
43698 95
46578 126
18485 227
37547 173
38263 301
25635 160
28840 29
46901 185
59648 194
32528 51
59588 9
47649 6
42281 95
31101 52
43600 29
49249 224