450
1/4 1/4 1/2 1/1 1/3
42681 71
41366 204
55214 114
56564 239
37937 214
53606 119
47782 277
36086 201
52342 85
45347 166
44342 43
33650 229
48303 46
46445 48
49485 166
41430 15
34115 107
54001 162
32956 167
46169 270
47885 3
31918 337
25311 231
44874 113
43990 87
52024 49
40824 56
41153 333
47646 335
50339 89
49029 26
38110 17
52259 258
33482 142
47919 121
64218 199
44533 138
19085 190
33199 67
50471 176
31486 68
59644 166
43328 5
66056 120
55931 90
38497 244
36732 172
54553 83
40922 58
51814 246
40343 106
35923 128
52166 128
61682 318
58028 165
32705 113
22397 79
33894 124
61860 112
35405 111
59315 107
46172 58
39734 245
50236 103
23278 421
34598 213
65576 281
63231 157
45061 144
33457 68
52238 15
46976 204
54053 88
44086 263
59872 150
32373 113
41865 201
36265 90
47473 91
43597 143
53334 113
30771 14
39772 138
28904 242
41862 156
39706 264
40906 48
45096 143
32430 14
49691 51
38937 53
45605 132
27890 40
38836 265
26733 155
38610 242
41152 195
57389 202
42933 220
36597 82
33350 83
43711 204
42857 262
34600 205
53698 244
50596 14
42767 58
43062 85
48276 125
40772 245
37144 164
35723 192
43866 273
39543 141
31827 51
27757 179
40743 183
46520 163
42363 52
63754 96
28787 44
38013 55
27049 73
44273 211
49365 11
30671 143
59292 240
56660 218
47566 346
59275 43
60710 153
47342 96
61870 24
51198 214
47925 152
46032 122
55810 175
62649 173
49924 124
31818 234
33558 230
56954 158
50781 111
49939 52
40670 18
51926 86
65559 86
38391 171
56697 77
41522 2
50634 28
43438 162
36960 179
35253 190
34616 125
40198 198
28406 140
54940 316
31767 280
39208 9
41474 145
43016 168
40200 37
19583 164
40182 153
49912 69
42935 228
42760 145
54782 183
47844 93
45971 78
38888 75
30938 74
61930 102
41481 162
35736 305
45690 2
54957 115
41952 15
53456 147
49537 242
25611 197
54228 170
56124 383
57686 127
19272 267
59264 207
41038 188
48053 98
47959 128
36675 328
41406 12
39777 77
46064 267
32420 237
47455 111
42306 63
39899 135
36061 103
33371 231
41599 313
29195 144
37153 159
38526 5
56247 192
47514 96
54634 176
54765 186
44094 151
26260 119
42185 331
47522 56
47379 176
40598 118
40330 201
53857 177
54880 54
43560 68
51302 76
55023 185
65136 207
41574 147
64441 156
48909 133
28437 10
63124 215
60819 88
37238 3
32047 88
31933 156
36120 93
42505 265
53258 231
59202 147
38446 25
28722 24
36556 117
46890 124
49727 37
42283 229
36422 183
53304 277
51891 148
41167 166
55331 49
60081 5
48912 130
54237 38
50907 223
67357 368
62751 197
47078 208
43581 35
62199 155
59219 23
63165 277
28911 240
35201 96
52852 384
17557 61
45663 173
45392 31
37141 168
43782 26
57929 121
53469 99
62597 318
45482 218
37253 13
61981 318
55541 323
50048 142
51712 264
36380 281
41652 197
37842 214
32015 186
47258 64
36081 156
44567 120
42480 154
38195 97
47032 19
62106 327
63429 98
34648 101
43533 160
54903 41
58008 298
35355 332
32648 115
26894 203
33927 114
46831 114
46408 234
46662 30
35297 262
40570 20
34754 70
50037 159
37399 118
42502 130
45357 250
38828 275
49107 8
30286 323
45579 244
13930 172
48232 23
48639 232
58353 107
54855 162
52702 82
46053 99
27003 47
39300 42
53540 69
52008 205
45132 310
51948 172
57302 87
48802 182
53768 17
41103 101
32212 199
43186 108
44363 387
53469 103
37727 272
45079 116
56903 45
55775 197
44047 200
43935 140
52324 66
33815 121
57306 418
34356 209
54159 141
40159 63
51432 318
55841 100
51128 68
44425 88
48373 238
51656 236
49168 7
30245 187
53476 37
45012 17
33293 242
39675 211
32449 116
40634 238
22643 271
56141 55
40053 35
59278 224
52823 21
48299 229
46698 221
39042 203
65652 191
63365 233
50696 179
44069 119
45515 88
32219 196
57279 195
45459 40
16651 205
46998 108
55854 206
45913 153
46097 152
34610 139
32637 115
45576 278
31876 168
41910 161
41785 300
49700 46
50406 102
36560 286
39585 104
55528 1
52165 176
35472 218
47449 122
54486 111
28817 338
57510 209
50569 135
35490 197
53041 292
41591 14
65263 53
61290 122
37168 226
40230 168
32056 217
47588 39
33531 72
53929 80
23738 435
49249 264
57640 111
49379 323
61796 149
43735 120
44509 68
41114 93
59440 61
52350 104
21336 37
56430 269
56756 370
42459 175
59868 172
45744 177
55708 187
20422 179
32137 240
39293 292
56916 137
32800 267
33382 62
41997 72
55914 283
34724 129
62620 59
48983 288
45710 72
44335 36
42031 207
27426 228
47558 192
55902 50
52051 22
59675 220
46636 218
57538 72
46780 86
55034 14
54663 228
47506 267
28638 92
19940 155
56849 324
38614 166