300
1/3 1/2 1/4 1/1 1/4
22231 26
25944 5
23270 213
21601 37
22862 123
20606 159
24910 7
13834 2
31298 66
19047 96
37158 101
30993 132
38081 17
26179 168
27825 92
22315 101
36988 138
30405 13
25443 120
23727 116
33320 189
24635 83
30984 145
24702 79
30010 127
36538 196
24757 89
38914 101
34321 136
30489 112
30705 128
29822 32
7973 100
17496 66
37861 119
22482 65
30454 126
25254 79
20837 37
39262 27
39728 166
24973 4
18035 4
29986 78
33953 71
27236 124
28580 82
14050 57
23570 139
41546 154
26691 156
35200 69
24665 132
36752 68
31229 203
37218 49
25029 143
38864 22
13695 40
21524 160
23364 31
18718 33
31611 139
35562 127
26863 39
28013 155
23850 146
33540 108
16898 41
30648 42
23755 19
34242 187
15861 18
29379 210
36706 51
35174 121
25164 46
35581 62
22319 33
37572 93
29418 82
15080 118
33158 4
25973 78
24714 75
24543 165
28932 32
27903 83
25614 161
30802 83
23232 138
32641 87
35955 40
40211 185
27622 116
17262 154
36295 146
36462 202
40889 38
38501 127
24689 74
17108 174
36071 12
35437 62
30268 146
25173 167
25591 20
29890 183
27583 106
25312 89
34920 101
18598 143
28927 50
41356 84
33583 29
18788 73
26750 85
41941 92
31746 57
30298 71
27851 68
37475 55
29506 55
29580 40
33054 106
36079 181
38346 89
29331 176
37231 157
19038 58
26154 14
36176 55
31122 77
30050 127
23161 56
31307 59
33382 62
29883 26
31358 129
27245 38
22225 19
26881 7
11630 82
22291 121
13572 82
34075 12
27993 164
32653 70
26613 80
12238 183
16994 70
18058 68
20214 188
37895 44
26333 65
24760 166
36215 182
31478 108
27126 28
35564 26
28493 197
24018 10
22480 2
23828 182
24334 53
30191 80
36700 81
24542 99
19925 67
37339 68
35860 220
31228 100
27953 95
32583 47
33244 150
29474 80
18953 92
37545 118
37713 131
34540 69
36744 80
19652 140
33169 35
38336 161
27901 56
34843 146
29892 104
28959 92
26212 196
30073 216
28627 195
33456 78
30390 169
28346 130
19821 54
35042 25
31364 159
14771 182
23155 57
26143 216
37241 58
29358 148
27938 48
32141 130
28671 62
34306 75
14525 166
34169 173
33344 50
39497 166
31344 31
33390 81
26472 162
31951 131
33887 105
36592 86
40398 98
32243 134
29701 146
34943 90
26233 18
28159 206
26999 20
21005 124
30021 44
31203 32
21234 71
18619 87
18122 106
37280 105
34510 148
30954 49
44905 51
32436 71
35601 190
28662 159
18063 46
20878 28
26907 54
28769 169
28322 118
40026 167
23639 131
40931 114
18376 71
21922 214
32611 56
27743 145
36339 225
26185 83
23581 137
30947 112
25974 67
33725 34
20054 120
19389 115
40437 87
26177 144
23868 99
26165 22
34655 39
32754 47
42876 90
35174 68
32439 88
33700 71
25479 225
25107 44
30362 125
18841 120
29492 84
26013 57
29057 69
34995 19
16496 113
17885 203
31089 100
23050 93
29568 99
34591 57
28513 105
32744 150
25438 33
23924 175
16705 135
29598 58
38412 55
24877 112
25028 30
23846 37
26772 102
31798 163
23613 46
44038 155
15572 141
37805 46
35147 96
33447 118
37880 189
26908 28