100
1/3 1/2 1/1 1/3 1/2
7684 74
6871 21
8177 34
11374 49
7065 28
5680 61
8156 98
10131 37
10757 65
9329 42
6754 13
10053 31
7659 18
7591 45
8454 36
9860 40
13099 46
9572 22
7289 44
6852 16
6723 91
10075 48
10545 37
10966 21
6996 51
6935 35
6223 18
9684 39
10520 10
10583 16
9076 3
6381 37
9331 44
14987 5
14395 81
12087 62
5767 32
9165 46
11329 14
11041 49
13326 70
8172 55
13626 90
11431 9
8427 42
10442 14
9385 19
11766 31
8146 3
11984 1
11544 63
10863 46
9265 71
9945 24
8291 25
7994 44
8912 72
11175 38
11329 66
11540 59
8012 11
10724 43
12464 8
5479 41
10099 37
10751 41
8273 14
10843 30
10843 27
10906 39
9706 65
8986 43
10113 52
10487 6
10504 10
10949 8
5172 23
9256 12
6381 43
9105 48
8372 37
10078 20
10057 25
7277 29
13814 42
8169 69
11932 17
14294 36
10799 15
6753 37
9685 43
13100 55
8084 59
10836 59
13437 78
11034 42
9051 25
12390 28
8714 48
14133 49