350
1/2 1/4 1/1 1/2 1/2
40919 171
28227 8
35827 195
25639 65
31237 59
35056 213
44955 90
29242 137
41248 115
28885 131
28145 52
24255 109
49944 44
46410 125
42593 140
32800 9
26957 36
47422 81
42371 147
23939 14
32093 204
25767 20
32809 21
28170 21
35193 193
32089 100
20331 86
25653 45
33317 65
30993 247
35742 93
41276 122
19421 107
34569 173
46913 109
43338 220
17426 30
37403 180
40991 37
47667 69
30456 162
37110 118
33427 155
20780 53
27540 153
28159 26
34780 224
34466 63
38452 76
37830 46
50513 11
33577 27
36638 113
47361 217
31711 115
27556 117
45226 242
44367 86
40489 183
19710 18
41302 201
28127 88
33353 102
26934 5
33690 25
42858 116
27120 141
42661 84
29772 50
47186 120
43950 150
41971 42
42837 55
31600 76
43264 23
36004 105
49923 203
41323 174
8985 2
37121 253
33479 49
25636 251
29885 145
42684 88
35249 113
36279 45
40387 129
50015 78
31215 169
37861 120
40314 190
28241 109
51201 201
26669 52
40068 13
28886 73
42651 16
9106 5
36057 143
41932 204
34402 182
25904 4
42013 133
20327 204
28512 105
39042 132
37332 114
48773 74
31916 77
32045 70
34451 80
35461 72
27611 74
45164 201
29502 191
26313 24
31972 174
40040 63
42120 130
37251 156
29166 50
38035 64
27797 98
37965 158
14214 192
39591 15
48440 119
15322 30
15757 36
34145 94
37653 218
35831 85
26148 92
27615 86
46863 63
24085 169
34945 59
29652 276
43684 56
30050 93
31011 247
38331 164
39974 37
35866 85
35868 180
35743 82
28855 115
47759 230
36018 109
27506 12
35041 32
28580 126
28418 106
24025 221
35204 73
36043 1
22169 115
23269 161
45427 126
46227 77
31276 150
35013 103
32281 35
43170 142
39921 169
43479 262
36790 126
32397 65
45055 89
34755 74
20792 192
37265 10
38991 98
34133 268
21374 194
29540 111
28203 45
33707 41
36391 132
50746 25
43582 98
37638 75
34362 108
38803 14
26918 160
29265 31
35180 130
40751 103
38986 214
49817 206
40853 71
19835 67
26955 208
29429 159
35821 225
26842 22
45614 173
38405 184
32147 53
27148 84
28499 190
32218 8
33557 110
39008 20
35176 117
33851 254
38023 81
22040 148
30713 107
36513 78
33158 111
36400 137
38706 102
19465 94
34662 115
28485 127
43831 42
34891 172
35778 76
32564 90
50085 128
38270 231
19240 85
17328 47
22466 41
31452 71
39035 33
35468 45
40113 250
40725 102
25411 23
29570 226
16401 152
44893 226
38678 132
41688 140
25712 24
27001 63
44254 56
36644 191
39813 47
38604 78
26167 186
38698 68
13715 177
31637 36
23072 47
17840 64
45521 190
24005 192
44664 63
35464 156
34707 126
27824 184
38748 172
32640 189
32519 284
44481 116
45852 202
32768 167
42274 70
32606 16
25240 145
32336 3
40286 178
41254 92
29349 166
32295 204
24709 59
41420 135
21248 24
22616 189
45873 11
30674 153
43097 80
39925 87
36991 289
35249 180
31061 40
33992 155
34109 22
34206 129
24297 44
35495 111
31929 102
40696 146
24707 48
26338 223
41339 113
31118 219
44044 9
27269 180
36056 56
34657 171
47170 20
39548 106
43265 66
37601 281
40378 99
37089 141
34025 127
25131 78
27746 91
39807 122
37908 22
39173 7
23567 105
28517 222
39253 16
29207 11
26798 12
30680 124
34031 115
22604 9
30707 40
26513 71
47652 347
23396 72
22342 36
23259 4
44576 99
37603 187
28534 3
45211 38
26117 61
44324 176
34826 6
44033 67
15064 105
42805 56
20839 210
26091 145
31997 177
25790 61
41246 27
42253 116
35714 136
33117 165
49291 113
37059 113
46535 199
35570 242
37371 98
40687 188
32157 107
27569 289
35307 92
21329 120
39545 76
28111 76