250
1/3 1/3 1/3 1/1 1/4
36193 24
29954 19
27996 12
22440 95
24782 29
24457 93
29656 46
26222 78
24480 105
23345 17
23253 102
23081 153
29135 56
20035 114
18406 37
32480 114
20386 14
20393 40
16105 21
11974 39
32875 93
36490 39
18174 11
24289 28
23915 6
31911 59
17604 42
12934 40
32770 105
27284 110
13821 108
29440 67
25864 29
14051 81
22976 99
19558 149
32391 45
21029 153
31067 238
21153 106
19640 48
25899 88
31652 105
23741 14
21297 65
18164 42
20521 84
17535 82
23682 223
23795 135
34287 47
21938 79
36077 40
25216 153
26956 49
21787 118
23071 105
23282 36
24008 30
20980 33
20360 187
21743 111
28184 106
27985 39
28263 11
33767 23
12891 104
27117 32
30997 44
28449 125
25573 64
20294 112
26053 129
14075 87
30550 26
23500 90
24282 103
20903 177
25581 103
33340 65
33826 145
21290 99
17123 37
32274 96
27712 38
32671 14
28105 78
21549 176
26649 107
21999 60
30829 132
12095 61
21766 93
29682 48
6471 100
18351 51
30870 66
25336 32
18473 61
16472 152
26110 116
18870 105
19640 224
24166 147
24387 116
31022 41
14331 13
24241 77
22670 89
30760 52
30386 16
25345 46
28365 57
24289 138
15337 126
18712 56
26882 135
32699 105
28439 89
26834 102
17881 25
15692 61
21993 9
19448 105
17406 43
21032 184
21335 108
23539 132
20460 70
21451 49
30199 74
20530 59
21020 163
29553 26
31518 39
12182 93
32033 100
25051 97
18474 140
20281 32
31926 22
11373 79
20926 142
19963 127
13420 53
21697 141
25130 137
31711 102
22123 89
16190 115
27343 134
17437 29
29804 90
30621 46
23621 6
30851 43
31156 130
16927 71
15344 67
31265 121
21628 70
20723 86
18670 102
29869 29
34931 174
15496 174
29310 64
19346 101
26100 51
30731 48
18539 5
23330 24
22328 104
18689 56
25430 40
22457 45
30350 108
20728 90
15197 1
24910 121
22907 60
26724 156
24327 14
26755 56
20517 49
34851 120
30850 125
15012 58
30575 28
18307 69
23024 143
27961 125
25245 17
33908 85
19580 30
22827 38
29627 3
27288 24
33545 165
31763 125
34908 132
24004 186
29884 128
31588 122
25755 47
24768 61
25679 73
17020 127
23069 137
23253 109
23347 1
36767 140
31618 113
18720 9
22317 72
25363 33
30257 8
15598 11
10133 82
26818 112
28603 119
23918 77
31105 29
16409 93
29794 52
18336 67
28750 94
22232 83
37015 118
21136 76
19667 141
24222 126
21917 21
22160 44
25665 111
23330 73
25643 51
18015 75
36590 105
26988 60
15540 136
35595 68
16489 72
31509 8
24504 154
25222 178
29533 64
29157 37
31044 146
32071 22