200
1/2 1/3 1/1 1/2 1/4
14274 37
11642 30
18424 117
18071 78
16762 102
26058 60
10493 80
20028 58
19474 25
23209 31
19400 111
13645 73
22613 99
16059 27
23996 64
17081 28
20942 115
23712 21
8738 57
16782 103
27617 67
14073 59
24698 76
18338 74
22631 71
26625 97
15224 92
24786 80
13677 60
19949 96
18754 42
28569 86
24477 78
20632 62
22061 105
9575 74
14906 45
27766 35
19349 101
14095 98
21554 70
15012 98
19669 122
13621 40
20486 20
8257 63
19248 64
18592 44
17489 70
24022 6
17438 116
25756 8
22109 168
21648 70
20917 185
25057 85
28831 11
19743 68
20125 74
21624 53
16342 64
17103 81
18726 60
24791 17
25321 18
17516 37
21828 102
12989 194
18767 25
6907 107
14137 75
13630 35
24784 103
17717 148
20355 18
20176 24
23274 42
21922 34
12105 33
11702 52
23731 47
28303 109
11560 123
16305 19
19540 53
21164 48
20336 24
17768 26
20486 156
22289 34
18036 32
24162 56
17784 66
24828 25
19742 16
17404 108
21030 28
25184 71
13464 97
21024 72
24830 62
20987 102
20001 92
13309 74
11268 87
23650 35
23679 66
28384 94
23603 123
29018 97
20860 104
22568 17
20291 41
13500 22
19933 23
15187 84
23389 50
19498 126
12062 23
11946 61
16350 36
18521 14
20095 42
23394 44
24387 61
16991 42
27425 146
22700 68
28813 74
16116 91
25093 39
23811 57
26106 81
14498 29
16133 128
15788 42
17782 73
8146 41
18173 83
17463 89
12187 78
20745 6
22239 4
17392 66
22482 155
20645 66
16495 107
19204 30
25645 77
22583 35
13377 125
12134 39
20668 32
15408 145
23427 76
11032 32
16597 61
20725 93
21008 164
21060 37
21977 67
12138 89
17729 89
17754 110
22847 104
15871 117
19726 30
21640 57
24627 20
25790 78
18623 72
28138 88
22509 64
18728 92
21521 120
23934 90
26584 87
26313 166
28729 27
25910 24
16425 12
12118 72
20494 51
18054 24
23496 64
10992 74
20801 54
25286 13
24625 19
20379 11
29012 16
25713 17
23538 41
19410 28
18074 81
24119 35
21237 140
21378 29
18750 88
21062 97