150
1/1 1/3 1/4 1/3 1/3
12464 13
11196 54
8328 66
18317 73
14435 41
19509 33
18454 8
16591 31
13432 86
13280 28
13426 45
20856 36
10190 11
16977 28
20733 57
18772 73
21557 33
14622 19
6026 32
14807 50
11359 6
15679 79
8602 24
13925 7
14795 55
14484 108
14956 67
19126 34
17136 16
9679 112
11969 32
13863 45
11829 64
19862 38
19315 35
13305 39
13559 72
14798 37
17500 1
14175 77
12421 39
6102 43
10807 65
16685 77
20157 70
14725 36
16355 5
13930 66
16117 71
13829 44
15612 38
10498 58
15500 75
15804 45
10936 47
21792 86
17308 61
9826 89
8630 46
15275 43
9996 26
10847 80
4790 50
16112 79
16780 3
9658 54
11330 14
18057 64
16891 60
8763 35
15639 70
13667 102
14404 121
21889 2
14886 29
10933 20
17123 41
17951 10
13838 70
11295 66
14047 95
12339 35
12250 18
14423 27
14534 73
17248 10
19387 24
16619 56
20444 44
19925 7
15397 9
15387 18
16007 16
13481 80
18344 66
17262 117
18221 31
16707 40
11226 40
16455 64
15599 11
16565 19
10817 17
16802 84
7378 20
16645 19
19017 88
11976 63
8205 65
13051 68
11013 68
13162 57
12116 62
12075 45
18988 42
12746 39
14879 12
21494 20
11632 26
9484 62
13245 43
13339 10
9173 56
9748 104
8297 63
16079 91
13190 36
13206 6
14300 65
12028 50
11834 23
16356 114
17993 30
18276 74
19621 46
15058 89
13844 4
14261 46
11297 76
10762 71
15399 41
19073 71
7534 8
19394 51
16956 32
16704 63
16865 47
9294 25
14678 63
19218 46