250
9 12 5 31 12
7 7 7 74 14
2 5 12 27 2
6 7 8 43 12
2 5 9 44 23
17 12 8 15 0
18 14 16 54 21
5 18 1 15 3
7 7 13 20 18
14 4 14 27 24
19 5 13 33 2
4 0 19 34 2
18 2 12 69 16
0 2 3 46 9
5 6 1 38 9
7 1 5 57 7
18 12 9 18 17
8 11 10 29 13
15 19 6 35 12
4 11 11 38 9
2 15 14 25 4
17 11 18 14 4
1 15 10 44 18
3 18 9 36 17
4 2 11 18 5
3 10 10 32 11
4 17 6 28 24
5 6 5 34 19
6 4 0 41 12
18 15 8 31 8
14 17 17 48 24
1 4 14 80 6
19 19 16 20 2
0 10 12 33 19
12 15 3 54 5
5 16 9 18 7
19 16 8 19 8
14 19 15 20 4
2 19 18 64 22
2 18 15 57 1
9 1 6 45 10
16 14 17 45 8
4 18 18 50 7
16 17 2 54 9
6 11 15 49 13
18 14 1 23 7
11 4 1 90 5
19 2 17 82 9
5 10 11 72 15
8 2 0 39 3
8 19 12 69 17
12 9 1 77 13
1 0 11 22 10
18 7 16 52 18
14 4 18 83 7
5 7 7 52 21
0 7 19 17 3
9 13 4 17 12
1 3 13 62 3
9 16 17 36 9
7 10 7 52 0
5 10 1 53 11
13 12 9 34 21
18 15 5 39 7
17 0 13 56 13
9 7 0 50 5
17 15 0 46 18
19 15 14 14 9
15 16 18 42 11
19 7 16 44 10
17 14 18 49 18
14 7 19 45 22
3 17 11 36 16
4 8 2 59 8
12 8 13 52 16
19 18 14 51 23
3 15 7 22 23
11 6 9 43 6
9 19 16 61 9
3 7 13 45 1
18 17 0 50 8
7 17 9 45 9
3 11 17 32 21
18 17 14 53 14
17 2 17 50 22
5 6 10 38 23
12 18 0 52 13
16 17 8 54 21
11 18 8 63 8
1 16 18 36 5
9 15 17 44 24
7 18 12 55 18
10 2 14 47 4
15 11 2 19 18
17 3 3 33 17
17 3 14 78 2
12 18 1 45 15
2 16 6 38 19
14 18 2 19 4
0 15 4 35 7
2 0 2 50 15
19 0 8 15 7
3 3 13 40 16
5 3 16 46 21
9 10 6 45 4
12 1 11 31 21
3 10 0 57 13
2 7 7 31 11
4 18 10 33 6
13 16 19 33 11
16 7 6 38 21
1 8 15 48 20
2 17 16 22 10
19 13 0 27 2
10 13 13 56 18
5 14 7 42 7
3 18 15 43 17
14 13 16 92 14
7 16 1 77 23
5 3 6 25 0
3 18 11 35 18
2 9 4 79 22
14 14 2 29 22
5 14 17 40 10
19 13 17 38 24
3 15 3 16 1
5 15 11 36 22
16 11 8 48 16
9 13 4 57 15
3 4 12 46 9
11 6 8 36 20
14 5 3 35 19
13 13 11 27 3
0 0 7 28 4
19 7 16 19 13
4 17 11 20 21
15 3 1 28 9
3 3 4 57 0
14 10 12 45 5
5 17 11 33 22
18 6 18 53 0
4 18 4 74 0
6 12 12 28 13
19 10 8 35 13
18 14 8 34 16
2 7 15 36 24
7 18 4 30 7
6 3 17 50 7
14 0 3 52 0
12 5 18 36 8
19 4 3 22 2
19 1 12 25 10
9 12 4 23 5
6 13 4 60 17
18 0 3 32 22
9 19 11 39 21
17 6 11 49 12
18 14 11 49 5
8 6 13 54 13
7 13 1 22 3
11 1 2 39 14
18 15 11 35 23
7 11 9 46 6
0 6 9 26 21
7 2 1 51 10
6 5 18 59 16
3 5 12 32 0
10 12 14 65 6
5 5 0 11 6
0 6 8 62 6
9 5 11 8 2
3 5 18 35 17
6 6 12 30 4
1 11 2 42 12
13 9 18 44 11
18 4 18 27 22
8 12 7 27 12
18 0 12 19 18
13 9 18 17 6
14 18 0 16 2
11 1 10 74 11
0 13 2 32 9
14 2 12 27 17
18 10 9 23 4
3 11 11 45 13
19 6 8 40 1
18 9 5 57 8
5 1 15 22 21
1 9 15 28 17
13 10 3 85 22
8 3 17 33 7
14 8 13 57 15
6 12 3 30 13
18 3 1 46 22
16 12 3 32 21
16 5 5 68 7
1 2 7 51 2
12 17 3 59 12
12 0 16 38 12
15 8 14 36 23
4 9 14 33 22
13 19 2 19 14
7 13 16 16 9
7 14 3 49 16
0 2 5 34 4
4 4 1 42 4
5 18 11 36 7
11 16 12 57 0
11 3 6 48 20
5 18 4 52 23
13 4 18 35 18
10 12 8 33 16
15 19 2 63 24
11 1 18 49 14
10 4 2 41 23
17 15 14 85 16
15 3 16 54 24
9 4 6 37 7
15 5 1 50 18
8 11 1 55 4
2 8 2 51 22
15 14 19 45 22
14 4 13 35 22
5 8 17 37 18
2 19 2 38 2
19 17 14 36 15
16 8 14 34 22
4 12 6 25 3
14 13 16 47 3
9 18 2 20 15
0 5 9 42 18
15 0 16 54 18
2 18 5 40 19
2 0 7 23 0
9 9 11 54 10
9 10 13 28 11
9 6 5 39 1
0 9 3 28 12
16 11 2 20 14
11 19 15 53 11
12 1 2 28 17
4 9 1 32 7
6 4 10 44 18
4 10 3 57 23
13 14 2 26 4
6 6 14 31 12
3 2 11 62 12
8 7 7 71 5
17 14 6 36 5
0 6 12 30 12
