300
9 12 5 31 15
7 7 7 74 17
2 5 12 27 3
6 7 8 43 15
2 5 9 44 28
17 12 8 15 0
18 14 16 54 25
5 18 1 15 4
7 7 13 20 22
14 4 14 27 29
19 5 13 33 2
4 0 19 34 3
18 2 12 69 19
0 2 3 46 11
5 6 1 38 10
7 1 5 57 9
18 12 9 18 21
8 11 10 29 16
15 19 6 35 14
4 11 11 38 10
2 15 14 25 5
17 11 18 14 5
1 15 10 44 22
3 18 9 36 20
4 2 11 18 6
3 10 10 32 14
4 17 6 28 29
5 6 5 34 23
6 4 0 41 14
18 15 8 31 9
14 17 17 48 29
1 4 14 80 7
19 19 16 20 2
0 10 12 33 23
12 15 3 54 7
5 16 9 18 9
19 16 8 19 9
14 19 15 20 5
2 19 18 64 26
2 18 15 57 1
9 1 6 45 12
16 14 17 45 9
4 18 18 50 8
16 17 2 54 11
6 11 15 49 15
18 14 1 23 8
11 4 1 90 6
19 2 17 82 11
5 10 11 72 18
8 2 0 39 4
8 19 12 69 20
12 9 1 77 15
1 0 11 22 12
18 7 16 52 22
14 4 18 83 9
5 7 7 52 26
0 7 19 17 3
9 13 4 17 15
1 3 13 62 4
9 16 17 36 10
7 10 7 52 0
5 10 1 53 13
13 12 9 34 25
18 15 5 39 8
17 0 13 56 15
9 7 0 50 6
17 15 0 46 22
19 15 14 14 11
15 16 18 42 13
19 7 16 44 12
17 14 18 49 22
14 7 19 45 26
3 17 11 36 19
4 8 2 59 10
12 8 13 52 19
19 18 14 51 28
3 15 7 22 27
11 6 9 43 8
9 19 16 61 11
3 7 13 45 1
18 17 0 50 10
7 17 9 45 11
3 11 17 32 26
18 17 14 53 17
17 2 17 50 27
5 6 10 38 27
12 18 0 52 16
16 17 8 54 25
11 18 8 63 10
1 16 18 36 6
9 15 17 44 29
7 18 12 55 22
10 2 14 47 5
15 11 2 19 21
17 3 3 33 21
17 3 14 78 3
12 18 1 45 18
2 16 6 38 23
14 18 2 19 5
0 15 4 35 9
2 0 2 50 18
19 0 8 15 9
3 3 13 40 20
5 3 16 46 25
9 10 6 45 5
12 1 11 31 25
3 10 0 57 16
2 7 7 31 14
4 18 10 33 7
13 16 19 33 13
16 7 6 38 25
1 8 15 48 24
2 17 16 22 12
19 13 0 27 3
10 13 13 56 22
5 14 7 42 9
3 18 15 43 20
14 13 16 92 17
7 16 1 77 28
5 3 6 25 0
3 18 11 35 22
2 9 4 79 26
14 14 2 29 26
5 14 17 40 12
19 13 17 38 29
3 15 3 16 1
5 15 11 36 27
16 11 8 48 19
9 13 4 57 18
3 4 12 46 11
11 6 8 36 24
14 5 3 35 23
13 13 11 27 4
0 0 7 28 5
19 7 16 19 16
4 17 11 20 25
15 3 1 28 11
3 3 4 57 0
14 10 12 45 6
5 17 11 33 27
18 6 18 53 1
4 18 4 74 0
6 12 12 28 15
19 10 8 35 15
18 14 8 34 20
2 7 15 36 29
7 18 4 30 8
6 3 17 50 9
14 0 3 52 1
12 5 18 36 9
19 4 3 22 2
19 1 12 25 13
9 12 4 23 6
6 13 4 60 20
18 0 3 32 27
9 19 11 39 25
17 6 11 49 15
18 14 11 49 6
8 6 13 54 16
7 13 1 22 4
11 1 2 39 17
18 15 11 35 28
7 11 9 46 7
0 6 9 26 25
7 2 1 51 12
6 5 18 59 19
3 5 12 32 0
10 12 14 65 8
5 5 0 11 7
0 6 8 62 7
9 5 11 8 3
3 5 18 35 21
6 6 12 30 5
1 11 2 42 15
13 9 18 44 14
18 4 18 27 26
8 12 7 27 15
18 0 12 19 21
13 9 18 17 7
14 18 0 16 2
11 1 10 74 13
0 13 2 32 11
14 2 12 27 20
18 10 9 23 5
3 11 11 45 15
19 6 8 40 1
18 9 5 57 9
5 1 15 22 25
1 9 15 28 21
13 10 3 85 27
8 3 17 33 8
14 8 13 57 19
6 12 3 30 16
18 3 1 46 26
16 12 3 32 25
16 5 5 68 8
1 2 7 51 3
12 17 3 59 14
12 0 16 38 14
15 8 14 36 28
4 9 14 33 26
13 19 2 19 17
7 13 16 16 11
7 14 3 49 20
0 2 5 34 4
4 4 1 42 5
5 18 11 36 8
11 16 12 57 0
11 3 6 48 24
5 18 4 52 28
13 4 18 35 22
10 12 8 33 19
15 19 2 63 28
11 1 18 49 17
10 4 2 41 27
17 15 14 85 20
15 3 16 54 29
9 4 6 37 8
15 5 1 50 22
8 11 1 55 5
2 8 2 51 27
15 14 19 45 27
14 4 13 35 26
5 8 17 37 21
2 19 2 38 3
19 17 14 36 18
16 8 14 34 26
4 12 6 25 4
14 13 16 47 4
9 18 2 20 18
0 5 9 42 22
15 0 16 54 21
2 18 5 40 23
2 0 7 23 0
9 9 11 54 12
9 10 13 28 14
9 6 5 39 1
0 9 3 28 14
16 11 2 20 17
11 19 15 53 13
12 1 2 28 20
4 9 1 32 8
6 4 10 44 22
4 10 3 57 27
13 14 2 26 5
6 6 14 31 14
3 2 11 62 14
8 7 7 71 6
17 14 6 36 6
0 6 12 30 15
5 12 9 14 20
19 12 10 41 15
19 8 8 62 5
9 11 9 42 2
6 1 4 57 3
10 13 13 64 27
15 7 19 39 19
16 0 14 56 12
18 18 14 37 6
11 19 3 64 7
15 9 15 36 29
13 10 14 37 24
8 7 0 32 13
13 6 0 18 8
9 1 19 62 1
12 10 12 47 15
1 3 10 33 15
19 19 16 56 9
7 0 4 44 3
16 7 4 42 0
11 0 17 22 12
19 7 17 10 27
5 14 13 41 1
15 8 16 44 24
16 1 17 30 21
4 5 2 49 20
13 3 13 55 7
19 8 11 31 14
4 6 5 57 27
2 15 19 52 14
17 5 18 56 28
14 16 14 56 23
5 19 13 50 4
14 3 4 21 10
18 8 4 33 29
16 2 6 50 12
11 13 18 29 3
16 9 5 54 18
7 10 0 28 15
7 10 13 45 6
12 14 12 32 6
10 15 16 36 13
16 3 18 39 21
10 3 12 64 11
9 5 18 36 23
9 11 8 38 5
15 7 8 49 9
15 12 11 47 5
19 0 17 57 7
19 2 14 24 28
