400
3 0 5 61 21
5 17 14 38 22
1 9 11 26 27
12 6 5 58 29
10 18 7 48 1
5 8 10 46 10
1 18 1 62 11
17 16 6 26 9
19 19 3 12 22
1 18 12 61 17
9 11 7 31 10
7 13 15 60 5
0 19 9 41 28
1 7 14 21 18
12 0 7 54 26
5 13 7 28 27
16 6 15 38 28
14 11 16 38 9
7 13 9 26 0
14 14 10 30 26
15 5 13 44 13
19 4 0 61 34
16 19 12 37 3
9 9 15 53 30
17 2 18 23 30
4 2 0 31 15
7 11 7 66 7
14 13 15 58 16
19 18 12 62 7
9 11 8 47 23
10 2 14 28 38
11 6 7 24 14
1 14 5 23 13
8 15 5 39 30
1 4 13 24 36
17 13 10 82 16
9 0 12 43 2
3 15 13 52 29
3 3 15 52 28
11 5 9 45 0
7 0 0 33 28
6 2 9 63 32
4 11 14 33 26
8 7 2 32 36
11 11 7 36 18
4 12 19 56 14
7 2 1 48 29
12 13 9 63 23
18 11 8 38 2
13 7 16 37 15
16 0 12 60 18
10 14 18 46 33
18 0 19 30 5
15 12 0 68 4
5 1 4 64 38
2 13 14 41 28
8 5 13 49 34
12 9 18 28 3
10 9 10 20 27
1 5 9 50 9
16 7 4 42 10
19 1 17 29 15
6 5 17 65 22
14 14 13 50 8
16 6 5 19 30
11 1 1 15 30
6 4 1 48 23
19 17 12 20 24
3 6 10 89 7
18 6 11 44 9
18 13 1 43 8
8 8 12 20 24
11 18 4 36 27
13 16 0 26 24
16 12 12 44 23
10 8 11 77 8
9 2 10 35 38
16 3 11 48 19
10 7 11 70 25
16 15 10 35 29
2 11 15 49 0
14 5 11 65 6
6 16 12 46 6
8 6 4 48 19
12 11 12 46 31
17 5 4 41 7
0 2 9 40 2
19 10 2 63 26
3 13 6 34 28
1 16 0 39 28
3 6 7 45 1
8 9 0 34 38
16 14 14 17 24
14 11 4 53 35
18 4 6 68 32
14 12 4 33 29
15 5 9 56 13
16 1 5 2 13
15 2 2 45 34
4 15 10 77 3
12 18 14 56 9
2 17 16 40 1
15 16 11 20 22
14 14 9 31 20
18 8 8 43 30
10 9 7 67 4
7 17 3 39 17
5 17 4 26 8
14 7 6 38 39
7 18 13 38 5
4 14 17 10 26
12 3 17 36 24
4 4 4 21 7
8 0 14 44 31
5 3 9 29 20
8 3 9 39 6
7 18 9 76 37
0 13 1 53 23
4 15 4 31 36
11 18 3 31 12
13 16 7 15 6
15 19 9 37 20
9 1 4 53 29
13 19 18 85 26
12 6 13 11 38
7 8 12 34 25
1 14 15 38 8
6 10 4 31 20
12 17 3 58 10
17 11 12 36 7
4 15 1 53 15
0 14 18 46 31
16 5 10 33 37
14 9 16 51 2
16 6 11 33 36
8 4 15 44 5
6 1 10 30 30
19 4 16 43 16
12 16 2 43 19
10 6 3 58 34
10 7 4 18 39
9 7 7 41 20
3 16 16 54 11
0 13 1 85 24
5 18 5 28 18
3 3 0 36 33
8 14 12 31 12
15 5 3 25 15
18 2 11 62 19
0 7 6 20 32
0 2 2 83 33
15 19 15 36 23
19 14 18 44 17
1 12 17 69 28
14 6 5 33 19
1 9 15 60 12
9 9 19 75 3
4 8 6 35 5
3 0 15 48 20
0 1 1 53 37
5 2 7 50 4
4 5 9 65 25
19 10 13 82 5
1 14 11 24 15
9 5 2 44 20
15 5 15 38 25
1 15 4 18 27
11 4 4 44 18
9 7 13 42 28
1 1 11 27 24
15 3 10 51 12
7 1 12 48 39
10 8 6 30 17
10 8 19 31 35
2 4 14 39 15
9 0 18 62 21
6 2 15 30 3
3 15 9 42 17
18 5 5 52 8
19 11 3 49 6
1 11 17 63 22
14 8 6 53 4
9 19 1 29 11
19 4 0 87 13
18 16 17 58 19
3 1 19 47 3
14 17 12 63 5
11 16 8 35 21
7 14 12 46 6
3 0 13 64 38
12 4 16 56 1
8 0 15 45 32
3 4 16 22 36
7 7 19 39 27
13 11 7 43 6
14 6 8 51 2
17 3 10 62 22
16 1 9 46 38
16 11 15 25 7
17 9 19 27 31
19 19 12 32 14
17 17 0 41 3
16 5 6 54 3
4 13 4 51 12
4 17 2 72 38
15 9 4 68 2
11 4 10 48 7
8 5 7 30 27
18 3 9 37 18
15 9 4 48 22
19 5 5 20 18
7 10 3 60 13
19 11 12 20 2
8 9 0 39 39
12 11 4 49 3
8 1 11 68 9
4 13 19 17 33
1 19 11 47 27
12 5 15 40 1
0 17 10 35 35
12 15 16 64 34
0 2 6 30 10
16 4 5 80 24
2 3 7 13 35
18 16 13 57 1
15 5 18 73 12
9 6 19 60 24
9 13 13 68 0
6 9 15 26 13
3 2 12 34 7
14 16 7 55 37
10 0 3 51 5
17 5 2 38 24
11 2 16 39 2
9 2 15 46 36
5 14 14 50 31
6 8 14 72 15
3 17 9 21 4
1 9 2 19 16
1 8 6 57 37
11 4 16 37 28
15 14 13 41 9
8 10 17 52 32
10 10 1 12 11
3 8 3 26 17
16 5 10 62 26
6 3 8 52 12
7 8 18 52 37
3 9 9 92 27
1 7 9 35 21
9 16 12 47 30
7 18 15 36 29
10 9 6 20 29
17 15 7 69 13
12 4 14 40 12
15 12 0 50 18
3 18 13 16 15
12 14 13 46 1
5 8 9 28 23
0 5 1 41 16
9 7 19 22 22
6 18 13 27 3
0 11 4 26 34
9 3 4 58 28
0 4 16 47 21
2 15 5 10 18
12 5 6 44 39
11 17 0 19 35
14 4 7 20 28
11 3 12 62 29
6 5 16 50 15
10 12 16 41 4
7 5 1 29 2
0 6 18 54 17
12 17 6 45 14
16 13 4 34 19
6 10 11 33 4
13 10 9 42 0
14 16 9 57 6
4 4 11 39 21
9 10 9 29 6
11 12 17 77 19
5 9 8 21 31
10 16 8 35 17
19 7 19 66 38
14 11 4 46 6
16 9 8 49 14
5 14 10 43 21
7 17 2 25 12
5 11 15 27 11
6 8 17 17 13
7 1 1 75 31
6 4 8 31 23
12 2 12 71 16
15 12 9 22 13
9 15 0 36 17
6 5 18 54 30
10 16 18 39 4
16 4 7 56 13
0 18 5 47 27
10 19 10 79 8
14 17 4 54 15
0 2 3 24 36
8 8 19 27 1
19 8 0 36 3
14 16 9 35 39
9 5 11 38 4
19 9 11 27 35
5 16 19 26 16
1 7 1 69 18
1 10 3 82 10
8 2 15 69 11
8 15 15 38 25
1 0 5 24 23
11 8 12 38 4
16 4 4 26 39
0 7 2 36 3
3 9 17 66 4
3 8 4 9 35
8 12 1 23 38
10 5 17 37 38
10 11 18 42 19
6 0 19 38 7
18 1 8 53 26
7 2 13 57 9
1 12 19 49 5
18 0 8 97 26
9 11 19 51 4
0 18 7 40 7
17 2 4 54 19
3 15 15 35 12
2 15 1 60 4
14 11 14 37 24
11 2 13 45 19
7 7 9 57 39
10 19 8 43 23
15 8 0 20 23
10 1 11 24 36
18 9 6 59 13
17 13 1 29 10
15 14 2 34 32
13 7 7 17 29
8 0 17 52 34
19 8 13 33 4
17 13 0 70 21
2 3 17 51 35
10 19 12 68 13
1 7 14 24 15
1 10 17 32 28
16 6 11 55 26
4 5 4 22 10
10 11 2 48 2
0 0 9 31 18
4 18 8 28 16
11 14 14 43 9
4 0 10 50 30
4 8 14 35 21
12 10 8 72 26
4 5 16 44 15
9 2 6 18 33
6 2 9 34 24
17 19 3 41 10
14 19 12 21 17
16 8 2 35 23
0 16 15 39 5
12 17 9 80 7
1 6 5 62 29
4 7 1 24 6
4 16 4 28 21
5 13 2 31 13
17 6 3 23 6
8 10 2 50 27
16 15 13 41 5
5 11 16 13 6
0 10 18 65 7
8 11 19 32 6
11 15 13 41 24
18 1 2 33 25
7 9 3 35 18
6 9 12 17 24
17 9 7 22 4
8 1 15 33 16
13 6 12 17 15
16 6 18 52 2
2 5 13 31 37
11 13 11 52 10
16 13 2 18 23
12 14 4 68 24
16 1 16 42 25
7 13 8 38 10
9 12 11 47 13
5 9 6 33 26
5 9 3 64 17
11 19 13 48 15
6 2 0 31 24
5 11 15 23 9
16 8 12 42 13
12 3 15 23 2
1 14 4 45 36
17 13 15 36 30
