500
3 0 5 61 27
5 17 14 38 28
1 9 11 26 34
12 6 5 58 36
10 18 7 48 2
5 8 10 46 12
1 18 1 62 13
17 16 6 26 12
19 19 3 12 28
1 18 12 61 22
9 11 7 31 12
7 13 15 60 7
0 19 9 41 35
1 7 14 21 23
12 0 7 54 33
5 13 7 28 34
16 6 15 38 35
14 11 16 38 11
7 13 9 26 1
14 14 10 30 33
15 5 13 44 16
19 4 0 61 43
16 19 12 37 4
9 9 15 53 37
17 2 18 23 38
4 2 0 31 19
7 11 7 66 9
14 13 15 58 20
19 18 12 62 9
9 11 8 47 28
10 2 14 28 48
11 6 7 24 18
1 14 5 23 17
8 15 5 39 38
1 4 13 24 46
17 13 10 82 21
9 0 12 43 2
3 15 13 52 36
3 3 15 52 35
11 5 9 45 0
7 0 0 33 35
6 2 9 63 41
4 11 14 33 33
8 7 2 32 45
11 11 7 36 23
4 12 19 56 18
7 2 1 48 37
12 13 9 63 28
18 11 8 38 3
13 7 16 37 19
16 0 12 60 23
10 14 18 46 41
18 0 19 30 7
15 12 0 68 5
5 1 4 64 48
2 13 14 41 35
8 5 13 49 42
12 9 18 28 4
10 9 10 20 34
1 5 9 50 12
16 7 4 42 12
19 1 17 29 19
6 5 17 65 28
14 14 13 50 10
16 6 5 19 38
11 1 1 15 37
6 4 1 48 29
19 17 12 20 30
3 6 10 89 9
18 6 11 44 12
18 13 1 43 11
8 8 12 20 30
11 18 4 36 34
13 16 0 26 30
16 12 12 44 29
10 8 11 77 10
9 2 10 35 47
16 3 11 48 24
10 7 11 70 32
16 15 10 35 36
2 11 15 49 0
14 5 11 65 8
6 16 12 46 7
8 6 4 48 24
12 11 12 46 39
17 5 4 41 9
0 2 9 40 3
19 10 2 63 33
3 13 6 34 35
1 16 0 39 35
3 6 7 45 2
8 9 0 34 47
16 14 14 17 30
14 11 4 53 44
18 4 6 68 40
14 12 4 33 37
15 5 9 56 17
16 1 5 2 16
15 2 2 45 43
4 15 10 77 4
12 18 14 56 11
2 17 16 40 2
15 16 11 20 28
14 14 9 31 25
18 8 8 43 38
10 9 7 67 6
7 17 3 39 21
5 17 4 26 10
14 7 6 38 49
7 18 13 38 7
4 14 17 10 32
12 3 17 36 30
4 4 4 21 9
8 0 14 44 38
5 3 9 29 25
8 3 9 39 8
7 18 9 76 47
0 13 1 53 28
4 15 4 31 45
11 18 3 31 15
13 16 7 15 8
15 19 9 37 25
9 1 4 53 36
13 19 18 85 33
12 6 13 11 48
7 8 12 34 31
1 14 15 38 10
6 10 4 31 25
12 17 3 58 12
17 11 12 36 8
4 15 1 53 19
0 14 18 46 38
16 5 10 33 46
14 9 16 51 2
16 6 11 33 45
8 4 15 44 7
6 1 10 30 37
19 4 16 43 20
12 16 2 43 23
10 6 3 58 42
10 7 4 18 49
9 7 7 41 25
3 16 16 54 14
0 13 1 85 30
5 18 5 28 23
3 3 0 36 42
8 14 12 31 15
15 5 3 25 19
18 2 11 62 23
0 7 6 20 40
0 2 2 83 41
15 19 15 36 29
19 14 18 44 21
1 12 17 69 36
14 6 5 33 24
1 9 15 60 15
9 9 19 75 4
4 8 6 35 6
3 0 15 48 25
0 1 1 53 47
5 2 7 50 5
4 5 9 65 32
19 10 13 82 6
1 14 11 24 18
9 5 2 44 26
15 5 15 38 31
1 15 4 18 34
11 4 4 44 22
9 7 13 42 35
1 1 11 27 30
15 3 10 51 15
7 1 12 48 49
10 8 6 30 21
10 8 19 31 44
2 4 14 39 18
9 0 18 62 27
6 2 15 30 4
3 15 9 42 22
18 5 5 52 10
19 11 3 49 7
1 11 17 63 27
14 8 6 53 5
9 19 1 29 13
19 4 0 87 17
18 16 17 58 24
3 1 19 47 4
14 17 12 63 7
11 16 8 35 26
7 14 12 46 7
3 0 13 64 47
12 4 16 56 1
8 0 15 45 40
3 4 16 22 45
7 7 19 39 34
13 11 7 43 8
14 6 8 51 3
17 3 10 62 27
16 1 9 46 48
16 11 15 25 9
17 9 19 27 39
19 19 12 32 18
17 17 0 41 3
16 5 6 54 3
4 13 4 51 16
4 17 2 72 48
15 9 4 68 3
11 4 10 48 8
8 5 7 30 34
18 3 9 37 23
15 9 4 48 28
19 5 5 20 22
7 10 3 60 16
19 11 12 20 2
8 9 0 39 49
12 11 4 49 4
8 1 11 68 11
4 13 19 17 41
1 19 11 47 33
12 5 15 40 2
0 17 10 35 44
12 15 16 64 43
0 2 6 30 13
16 4 5 80 30
2 3 7 13 44
18 16 13 57 2
15 5 18 73 15
9 6 19 60 30
9 13 13 68 0
6 9 15 26 16
3 2 12 34 9
14 16 7 55 47
10 0 3 51 6
17 5 2 38 30
11 2 16 39 3
9 2 15 46 45
5 14 14 50 38
6 8 14 72 19
3 17 9 21 5
1 9 2 19 21
1 8 6 57 47
11 4 16 37 35
15 14 13 41 11
8 10 17 52 40
10 10 1 12 14
3 8 3 26 21
16 5 10 62 33
6 3 8 52 15
7 8 18 52 46
3 9 9 92 33
1 7 9 35 26
9 16 12 47 37
7 18 15 36 36
10 9 6 20 36
17 15 7 69 16
12 4 14 40 15
15 12 0 50 23
3 18 13 16 19
12 14 13 46 1
5 8 9 28 29
0 5 1 41 20
9 7 19 22 28
6 18 13 27 4
0 11 4 26 43
9 3 4 58 36
0 4 16 47 26
2 15 5 10 23
12 5 6 44 49
11 17 0 19 44
14 4 7 20 35
11 3 12 62 36
6 5 16 50 19
10 12 16 41 5
7 5 1 29 3
0 6 18 54 22
12 17 6 45 17
16 13 4 34 23
6 10 11 33 5
13 10 9 42 1
14 16 9 57 7
4 4 11 39 27
9 10 9 29 7
11 12 17 77 24
5 9 8 21 39
10 16 8 35 22
19 7 19 66 48
14 11 4 46 8
16 9 8 49 17
5 14 10 43 27
7 17 2 25 15
5 11 15 27 13
6 8 17 17 17
7 1 1 75 39
6 4 8 31 29
12 2 12 71 20
15 12 9 22 16
9 15 0 36 21
6 5 18 54 38
10 16 18 39 6
16 4 7 56 17
0 18 5 47 34
10 19 10 79 10
14 17 4 54 19
0 2 3 24 45
8 8 19 27 1
19 8 0 36 4
14 16 9 35 49
9 5 11 38 6
19 9 11 27 44
5 16 19 26 20
1 7 1 69 22
1 10 3 82 12
8 2 15 69 13
8 15 15 38 31
1 0 5 24 29
11 8 12 38 5
16 4 4 26 49
0 7 2 36 4
3 9 17 66 5
3 8 4 9 44
8 12 1 23 48
10 5 17 37 48
10 11 18 42 23
6 0 19 38 8
18 1 8 53 33
7 2 13 57 12
1 12 19 49 6
18 0 8 97 32
9 11 19 51 6
0 18 7 40 9
17 2 4 54 23
3 15 15 35 15
2 15 1 60 5
14 11 14 37 30
11 2 13 45 24
7 7 9 57 49
10 19 8 43 28
15 8 0 20 29
10 1 11 24 45
18 9 6 59 16
17 13 1 29 12
15 14 2 34 40
13 7 7 17 37
8 0 17 52 43
19 8 13 33 5
17 13 0 70 26
2 3 17 51 44
10 19 12 68 17
1 7 14 24 19
1 10 17 32 35
16 6 11 55 32
4 5 4 22 12
10 11 2 48 2
0 0 9 31 22
4 18 8 28 20
11 14 14 43 11
4 0 10 50 37
4 8 14 35 26
12 10 8 72 33
4 5 16 44 19
9 2 6 18 42
6 2 9 34 30
17 19 3 41 12
14 19 12 21 21
16 8 2 35 29
0 16 15 39 6
12 17 9 80 9
1 6 5 62 37
4 7 1 24 7
4 16 4 28 26
5 13 2 31 16
17 6 3 23 7
8 10 2 50 34
16 15 13 41 7
5 11 16 13 7
0 10 18 65 9
8 11 19 32 7
11 15 13 41 31
18 1 2 33 32
7 9 3 35 23
6 9 12 17 30
17 9 7 22 6
8 1 15 33 20
13 6 12 17 19
16 6 18 52 2
2 5 13 31 46
11 13 11 52 13
16 13 2 18 29
12 14 4 68 31
16 1 16 42 31
7 13 8 38 13
9 12 11 47 16
5 9 6 33 32
5 9 3 64 22
11 19 13 48 18
6 2 0 31 30
5 11 15 23 11
16 8 12 42 17
12 3 15 23 3
1 14 4 45 45
17 13 15 36 37
17 17 8 80 46
17 9 13 43 14
5 5 17 34 41
16 1 12 13 16
7 11 15 35 49
1 5 0 59 35
2 11 16 52 5
2 1 7 60 22
13 11 11 49 43
3 15 15 30 11
6 1 18 58 36
1 15 0 45 12
4 10 8 31 7
3 8 3 47 49
7 1 12 30 22
4 8 13 62 4
7 19 1 40 20
3 7 5 29 10
16 15 11 28 33
10 17 16 33 1
7 15 18 47 21
16 17 10 57 32
18 18 18 31 0
15 6 4 29 14
6 2 15 61 13
16 18 6 50 41
19 6 9 45 28
16 0 15 31 49
13 18 17 35 41
18 11 7 31 44
16 9 15 70 15
6 11 9 20 44
11 18 9 29 32
8 13 1 43 34
14 8 9 81 46
16 5 12 64 0
7 15 9 58 42
3 11 0 48 32
7 10 12 40 17
6 7 19 64 5
17 17 8 59 46
16 15 8 31 49
11 8 2 31 14
7 16 5 36 32
12 1 4 33 34
4 19 2 67 7
18 14 8 59 33
9 19 15 34 36
3 2 18 45 24
8 4 4 44 14
0 11 17 66 45
2 15 6 64 2
15 12 9 68 18
3 7 8 28 20
2 3 15 31 19
10 10 19 33 48
11 17 16 57 12
2 9 8 30 26
0 13 5 30 2
7 2 19 48 10
9 4 3 34 6
19 3 12 61 47
12 9 0 41 34
6 2 9 56 27
3 18 17 64 42
12 1 12 26 4
6 15 7 61 22
14 14 16 31 3
2 3 1 62 26
12 11 16 29 8
1 4 2 44 42
10 4 15 38 12
1 10 9 23 16
3 17 8 60 37
5 19 6 19 46
1 1 14 36 16
3 16 10 62 9
8 11 3 75 40
12 3 17 50 36
1 12 8 52 32
6 16 14 38 7
17 13 15 47 43
3 1 17 12 47
16 15 16 8 9
4 3 1 52 13
8 17 9 38 48
11 6 11 40 11
1 1 3 43 0
3 5 5 47 5
16 15 14 33 28
2 10 7 37 10
4 1 17 49 24
6 7 19 53 18
7 9 13 37 49
4 9 10 40 39
14 1 12 54 19
18 3 1 12 28
15 19 7 29 5
9 1 3 36 43
18 16 11 38 12
