50
9 12 5 31 2
7 7 7 74 2
2 5 12 27 0
6 7 8 43 2
2 5 9 44 4
17 12 8 15 0
18 14 16 54 4
5 18 1 15 0
7 7 13 20 3
14 4 14 27 4
19 5 13 33 0
4 0 19 34 0
18 2 12 69 3
0 2 3 46 1
5 6 1 38 1
7 1 5 57 1
18 12 9 18 3
8 11 10 29 2
15 19 6 35 2
4 11 11 38 1
2 15 14 25 0
17 11 18 14 0
1 15 10 44 3
3 18 9 36 3
4 2 11 18 1
3 10 10 32 2
4 17 6 28 4
5 6 5 34 3
6 4 0 41 2
18 15 8 31 1
14 17 17 48 4
1 4 14 80 1
19 19 16 20 0
0 10 12 33 3
12 15 3 54 1
5 16 9 18 1
19 16 8 19 1
14 19 15 20 0
2 19 18 64 4
2 18 15 57 0
9 1 6 45 2
16 14 17 45 1
4 18 18 50 1
16 17 2 54 1
6 11 15 49 2
18 14 1 23 1
11 4 1 90 1
19 2 17 82 1
5 10 11 72 3
8 2 0 39 0
