150
9 12 5 31 7
7 7 7 74 8
2 5 12 27 1
6 7 8 43 7
2 5 9 44 14
17 12 8 15 0
18 14 16 54 12
5 18 1 15 2
7 7 13 20 11
14 4 14 27 14
19 5 13 33 1
4 0 19 34 1
18 2 12 69 9
0 2 3 46 5
5 6 1 38 5
7 1 5 57 4
18 12 9 18 10
8 11 10 29 8
15 19 6 35 7
4 11 11 38 5
2 15 14 25 2
17 11 18 14 2
1 15 10 44 11
3 18 9 36 10
4 2 11 18 3
3 10 10 32 7
4 17 6 28 14
5 6 5 34 11
6 4 0 41 7
18 15 8 31 4
14 17 17 48 14
1 4 14 80 3
19 19 16 20 1
0 10 12 33 11
12 15 3 54 3
5 16 9 18 4
19 16 8 19 4
14 19 15 20 2
2 19 18 64 13
2 18 15 57 0
9 1 6 45 6
16 14 17 45 4
4 18 18 50 4
16 17 2 54 5
6 11 15 49 7
18 14 1 23 4
11 4 1 90 3
19 2 17 82 5
5 10 11 72 9
8 2 0 39 2
8 19 12 69 10
12 9 1 77 7
1 0 11 22 6
18 7 16 52 11
14 4 18 83 4
5 7 7 52 13
0 7 19 17 1
9 13 4 17 7
1 3 13 62 2
9 16 17 36 5
7 10 7 52 0
5 10 1 53 6
13 12 9 34 12
18 15 5 39 4
17 0 13 56 7
9 7 0 50 3
17 15 0 46 11
19 15 14 14 5
15 16 18 42 6
19 7 16 44 6
17 14 18 49 11
14 7 19 45 13
3 17 11 36 9
4 8 2 59 5
12 8 13 52 9
19 18 14 51 14
3 15 7 22 13
11 6 9 43 4
9 19 16 61 5
3 7 13 45 0
18 17 0 50 5
7 17 9 45 5
3 11 17 32 13
18 17 14 53 8
17 2 17 50 13
5 6 10 38 13
12 18 0 52 8
16 17 8 54 12
11 18 8 63 5
1 16 18 36 3
9 15 17 44 14
7 18 12 55 11
10 2 14 47 2
15 11 2 19 10
17 3 3 33 10
17 3 14 78 1
12 18 1 45 9
2 16 6 38 11
14 18 2 19 2
0 15 4 35 4
2 0 2 50 9
19 0 8 15 4
3 3 13 40 10
5 3 16 46 12
9 10 6 45 2
12 1 11 31 12
3 10 0 57 8
2 7 7 31 7
4 18 10 33 3
13 16 19 33 6
16 7 6 38 12
1 8 15 48 12
2 17 16 22 6
19 13 0 27 1
10 13 13 56 11
5 14 7 42 4
3 18 15 43 10
14 13 16 92 8
7 16 1 77 14
5 3 6 25 0
3 18 11 35 11
2 9 4 79 13
14 14 2 29 13
5 14 17 40 6
19 13 17 38 14
3 15 3 16 0
5 15 11 36 13
16 11 8 48 9
9 13 4 57 9
3 4 12 46 5
11 6 8 36 12
14 5 3 35 11
13 13 11 27 2
0 0 7 28 2
19 7 16 19 8
4 17 11 20 12
15 3 1 28 5
3 3 4 57 0
14 10 12 45 3
5 17 11 33 13
18 6 18 53 0
4 18 4 74 0
6 12 12 28 7
19 10 8 35 7
18 14 8 34 10
2 7 15 36 14
7 18 4 30 4
6 3 17 50 4
14 0 3 52 0
12 5 18 36 4
