350
9 12 5 31 18
7 7 7 74 20
2 5 12 27 3
6 7 8 43 18
2 5 9 44 33
17 12 8 15 0
18 14 16 54 29
5 18 1 15 5
7 7 13 20 25
14 4 14 27 33
19 5 13 33 2
4 0 19 34 4
18 2 12 69 22
0 2 3 46 13
5 6 1 38 12
7 1 5 57 10
18 12 9 18 24
8 11 10 29 19
15 19 6 35 17
4 11 11 38 12
2 15 14 25 6
17 11 18 14 6
1 15 10 44 25
3 18 9 36 24
4 2 11 18 7
3 10 10 32 16
4 17 6 28 34
5 6 5 34 27
6 4 0 41 17
18 15 8 31 11
14 17 17 48 34
1 4 14 80 8
19 19 16 20 3
0 10 12 33 27
12 15 3 54 8
5 16 9 18 11
19 16 8 19 11
14 19 15 20 6
2 19 18 64 31
2 18 15 57 2
9 1 6 45 14
16 14 17 45 11
4 18 18 50 10
16 17 2 54 13
6 11 15 49 18
18 14 1 23 9
11 4 1 90 7
19 2 17 82 13
5 10 11 72 21
8 2 0 39 5
8 19 12 69 24
12 9 1 77 18
1 0 11 22 14
18 7 16 52 25
14 4 18 83 10
5 7 7 52 30
0 7 19 17 4
9 13 4 17 17
1 3 13 62 4
9 16 17 36 12
7 10 7 52 0
5 10 1 53 16
13 12 9 34 30
18 15 5 39 10
17 0 13 56 18
9 7 0 50 7
17 15 0 46 25
19 15 14 14 13
15 16 18 42 15
19 7 16 44 14
17 14 18 49 26
14 7 19 45 30
3 17 11 36 22
4 8 2 59 12
12 8 13 52 22
19 18 14 51 32
3 15 7 22 32
11 6 9 43 9
9 19 16 61 13
3 7 13 45 1
18 17 0 50 12
7 17 9 45 13
3 11 17 32 30
18 17 14 53 20
17 2 17 50 31
5 6 10 38 32
12 18 0 52 19
16 17 8 54 29
11 18 8 63 12
1 16 18 36 8
9 15 17 44 34
7 18 12 55 25
10 2 14 47 6
15 11 2 19 25
17 3 3 33 24
17 3 14 78 3
12 18 1 45 21
2 16 6 38 27
14 18 2 19 5
0 15 4 35 10
2 0 2 50 21
19 0 8 15 11
3 3 13 40 23
5 3 16 46 30
9 10 6 45 6
12 1 11 31 29
3 10 0 57 19
2 7 7 31 16
4 18 10 33 8
13 16 19 33 16
16 7 6 38 29
1 8 15 48 28
2 17 16 22 15
19 13 0 27 3
10 13 13 56 26
5 14 7 42 10
3 18 15 43 24
14 13 16 92 20
7 16 1 77 32
5 3 6 25 1
3 18 11 35 25
2 9 4 79 31
14 14 2 29 31
5 14 17 40 14
19 13 17 38 34
3 15 3 16 2
5 15 11 36 32
16 11 8 48 22
9 13 4 57 21
3 4 12 46 13
11 6 8 36 28
14 5 3 35 27
13 13 11 27 5
0 0 7 28 6
19 7 16 19 19
4 17 11 20 29
15 3 1 28 13
3 3 4 57 0
14 10 12 45 7
5 17 11 33 31
18 6 18 53 1
4 18 4 74 1
6 12 12 28 18
19 10 8 35 18
18 14 8 34 23
2 7 15 36 34
7 18 4 30 10
6 3 17 50 10
14 0 3 52 1
12 5 18 36 11
19 4 3 22 3
19 1 12 25 15
9 12 4 23 7
6 13 4 60 23
18 0 3 32 31
9 19 11 39 29
17 6 11 49 17
18 14 11 49 7
8 6 13 54 19
7 13 1 22 5
11 1 2 39 20
18 15 11 35 33
7 11 9 46 8
0 6 9 26 29
7 2 1 51 14
6 5 18 59 22
3 5 12 32 1
10 12 14 65 9
5 5 0 11 9
0 6 8 62 8
9 5 11 8 4
3 5 18 35 25
6 6 12 30 6
1 11 2 42 18
13 9 18 44 16
18 4 18 27 31
8 12 7 27 17
18 0 12 19 25
13 9 18 17 9
14 18 0 16 2
11 1 10 74 15
0 13 2 32 13
14 2 12 27 23
18 10 9 23 6
3 11 11 45 18
19 6 8 40 1
18 9 5 57 11
5 1 15 22 29
1 9 15 28 24
13 10 3 85 31
8 3 17 33 10
14 8 13 57 22
6 12 3 30 19
18 3 1 46 30
16 12 3 32 29
16 5 5 68 10
1 2 7 51 4
12 17 3 59 17
12 0 16 38 17
15 8 14 36 33
4 9 14 33 31
13 19 2 19 20
7 13 16 16 13
7 14 3 49 23
0 2 5 34 5
4 4 1 42 6
5 18 11 36 9
11 16 12 57 1
11 3 6 48 28
5 18 4 52 32
13 4 18 35 26
10 12 8 33 22
15 19 2 63 33
11 1 18 49 20
10 4 2 41 32
17 15 14 85 23
15 3 16 54 34
9 4 6 37 10
15 5 1 50 26
8 11 1 55 6
2 8 2 51 31
15 14 19 45 32
14 4 13 35 30
5 8 17 37 25
2 19 2 38 3
19 17 14 36 21
16 8 14 34 31
4 12 6 25 5
14 13 16 47 5
9 18 2 20 21
0 5 9 42 26
15 0 16 54 25
2 18 5 40 27
2 0 7 23 0
9 9 11 54 14
9 10 13 28 16
9 6 5 39 1
0 9 3 28 16
16 11 2 20 20
11 19 15 53 15
12 1 2 28 24
4 9 1 32 10
6 4 10 44 26
4 10 3 57 32
13 14 2 26 6
6 6 14 31 16
3 2 11 62 17
8 7 7 71 7
17 14 6 36 7
0 6 12 30 17
5 12 9 14 24
19 12 10 41 18
19 8 8 62 6
9 11 9 42 2
6 1 4 57 4
10 13 13 64 32
15 7 19 39 22
16 0 14 56 15
18 18 14 37 7
11 19 3 64 8
15 9 15 36 34
13 10 14 37 28
8 7 0 32 15
13 6 0 18 10
9 1 19 62 1
12 10 12 47 18
1 3 10 33 17
19 19 16 56 10
7 0 4 44 4
16 7 4 42 0
11 0 17 22 14
19 7 17 10 32
5 14 13 41 2
15 8 16 44 28
16 1 17 30 25
4 5 2 49 24
13 3 13 55 9
19 8 11 31 16
4 6 5 57 31
2 15 19 52 16
17 5 18 56 32
14 16 14 56 27
5 19 13 50 5
14 3 4 21 12
18 8 4 33 34
16 2 6 50 14
11 13 18 29 3
16 9 5 54 21
7 10 0 28 17
7 10 13 45 7
12 14 12 32 7
10 15 16 36 16
16 3 18 39 25
10 3 12 64 13
9 5 18 36 26
9 11 8 38 6
15 7 8 49 11
15 12 11 47 6
19 0 17 57 8
19 2 14 24 33
10 18 10 48 27
17 1 16 89 34
10 13 19 87 14
1 19 9 42 20
7 8 12 55 2
15 13 11 49 20
11 13 7 22 19
10 3 8 89 14
7 4 7 48 11
18 1 17 50 18
7 4 8 56 10
11 3 14 47 3
14 10 8 74 26
17 17 0 17 1
5 3 13 53 11
1 3 3 70 32
1 3 0 40 0
2 7 19 40 9
9 10 5 59 5
12 2 14 72 4
1 2 11 34 34
14 8 15 89 21
12 8 18 51 4
0 7 3 37 27
17 6 18 49 10
4 4 1 45 26
6 17 9 27 15
5 16 14 61 27
17 17 11 26 2
19 15 15 18 17
16 14 12 36 28
11 4 12 35 24
15 14 12 83 3
1 8 7 28 11
1 1 3 33 23
7 4 17 34 21
6 11 16 60 33
11 0 19 60 11
17 5 5 42 4
5 10 15 23 12
0 2 9 59 31
5 9 14 46 18
16 9 9 27 13
6 11 1 55 2
2 17 4 46 0
11 1 3 35 10
13 12 4 41 30
7 12 18 56 13
3 10 16 38 28
14 16 3 32 17
