100
9 12 5 31 5
7 7 7 74 5
2 5 12 27 1
6 7 8 43 5
2 5 9 44 9
17 12 8 15 0
18 14 16 54 8
5 18 1 15 1
7 7 13 20 7
14 4 14 27 9
19 5 13 33 0
4 0 19 34 1
18 2 12 69 6
0 2 3 46 3
5 6 1 38 3
7 1 5 57 3
18 12 9 18 7
8 11 10 29 5
15 19 6 35 4
4 11 11 38 3
2 15 14 25 1
17 11 18 14 1
1 15 10 44 7
3 18 9 36 6
4 2 11 18 2
3 10 10 32 4
4 17 6 28 9
5 6 5 34 7
6 4 0 41 4
18 15 8 31 3
14 17 17 48 9
1 4 14 80 2
19 19 16 20 0
0 10 12 33 7
12 15 3 54 2
5 16 9 18 3
19 16 8 19 3
14 19 15 20 1
2 19 18 64 8
2 18 15 57 0
9 1 6 45 4
16 14 17 45 3
4 18 18 50 2
16 17 2 54 3
6 11 15 49 5
18 14 1 23 2
11 4 1 90 2
19 2 17 82 3
5 10 11 72 6
8 2 0 39 1
8 19 12 69 6
12 9 1 77 5
1 0 11 22 4
18 7 16 52 7
14 4 18 83 3
5 7 7 52 8
0 7 19 17 1
9 13 4 17 5
1 3 13 62 1
9 16 17 36 3
7 10 7 52 0
5 10 1 53 4
13 12 9 34 8
18 15 5 39 2
17 0 13 56 5
9 7 0 50 2
17 15 0 46 7
19 15 14 14 3
15 16 18 42 4
19 7 16 44 4
17 14 18 49 7
14 7 19 45 8
3 17 11 36 6
4 8 2 59 3
12 8 13 52 6
19 18 14 51 9
3 15 7 22 9
11 6 9 43 2
9 19 16 61 3
3 7 13 45 0
18 17 0 50 3
7 17 9 45 3
3 11 17 32 8
18 17 14 53 5
17 2 17 50 9
5 6 10 38 9
12 18 0 52 5
16 17 8 54 8
11 18 8 63 3
1 16 18 36 2
9 15 17 44 9
7 18 12 55 7
10 2 14 47 1
15 11 2 19 7
17 3 3 33 7
17 3 14 78 1
12 18 1 45 6
2 16 6 38 7
14 18 2 19 1
0 15 4 35 3
