450
3 0 5 61 24
5 17 14 38 25
1 9 11 26 31
12 6 5 58 33
10 18 7 48 1
5 8 10 46 11
1 18 1 62 12
17 16 6 26 11
19 19 3 12 25
1 18 12 61 20
9 11 7 31 11
7 13 15 60 6
0 19 9 41 31
1 7 14 21 21
12 0 7 54 29
5 13 7 28 30
16 6 15 38 31
14 11 16 38 10
7 13 9 26 0
14 14 10 30 29
15 5 13 44 14
19 4 0 61 39
16 19 12 37 4
9 9 15 53 34
17 2 18 23 34
4 2 0 31 17
7 11 7 66 8
14 13 15 58 18
19 18 12 62 8
9 11 8 47 25
10 2 14 28 43
11 6 7 24 16
1 14 5 23 15
8 15 5 39 34
1 4 13 24 41
17 13 10 82 19
9 0 12 43 2
3 15 13 52 32
3 3 15 52 32
11 5 9 45 0
7 0 0 33 32
6 2 9 63 36
4 11 14 33 30
8 7 2 32 41
11 11 7 36 20
4 12 19 56 16
7 2 1 48 33
12 13 9 63 25
18 11 8 38 2
13 7 16 37 17
16 0 12 60 20
10 14 18 46 37
18 0 19 30 6
15 12 0 68 4
5 1 4 64 43
2 13 14 41 31
8 5 13 49 38
12 9 18 28 4
10 9 10 20 31
1 5 9 50 11
16 7 4 42 11
19 1 17 29 17
6 5 17 65 25
14 14 13 50 9
16 6 5 19 34
11 1 1 15 34
6 4 1 48 26
19 17 12 20 27
3 6 10 89 8
18 6 11 44 11
18 13 1 43 10
8 8 12 20 27
11 18 4 36 30
13 16 0 26 27
16 12 12 44 26
10 8 11 77 9
9 2 10 35 42
16 3 11 48 21
10 7 11 70 28
16 15 10 35 33
2 11 15 49 0
14 5 11 65 7
6 16 12 46 7
8 6 4 48 21
12 11 12 46 35
17 5 4 41 8
0 2 9 40 3
19 10 2 63 30
3 13 6 34 31
1 16 0 39 32
3 6 7 45 2
8 9 0 34 43
16 14 14 17 27
14 11 4 53 40
18 4 6 68 36
14 12 4 33 33
15 5 9 56 15
16 1 5 2 15
15 2 2 45 39
4 15 10 77 4
12 18 14 56 10
2 17 16 40 2
15 16 11 20 25
14 14 9 31 22
18 8 8 43 34
10 9 7 67 5
7 17 3 39 19
5 17 4 26 9
14 7 6 38 44
7 18 13 38 6
4 14 17 10 29
12 3 17 36 27
4 4 4 21 8
8 0 14 44 34
5 3 9 29 23
8 3 9 39 7
7 18 9 76 42
0 13 1 53 26
4 15 4 31 40
11 18 3 31 13
13 16 7 15 7
15 19 9 37 22
9 1 4 53 32
13 19 18 85 30
12 6 13 11 43
7 8 12 34 28
1 14 15 38 9
6 10 4 31 23
12 17 3 58 11
17 11 12 36 7
4 15 1 53 17
0 14 18 46 34
16 5 10 33 42
14 9 16 51 2
16 6 11 33 41
8 4 15 44 6
6 1 10 30 33
19 4 16 43 18
12 16 2 43 21
10 6 3 58 38
10 7 4 18 44
9 7 7 41 22
3 16 16 54 13
0 13 1 85 27
5 18 5 28 21
3 3 0 36 38
8 14 12 31 14
15 5 3 25 17
18 2 11 62 21
0 7 6 20 36
0 2 2 83 37
15 19 15 36 26
19 14 18 44 19
1 12 17 69 32
14 6 5 33 22
1 9 15 60 14
9 9 19 75 3
4 8 6 35 5
3 0 15 48 23
0 1 1 53 42
5 2 7 50 4
4 5 9 65 28
19 10 13 82 6
1 14 11 24 17
9 5 2 44 23
15 5 15 38 28
1 15 4 18 30
11 4 4 44 20
9 7 13 42 32
1 1 11 27 27
15 3 10 51 14
7 1 12 48 44
10 8 6 30 19
10 8 19 31 40
2 4 14 39 16
9 0 18 62 24
6 2 15 30 4
3 15 9 42 19
18 5 5 52 9
19 11 3 49 7
1 11 17 63 25
14 8 6 53 5
9 19 1 29 12
19 4 0 87 15
18 16 17 58 22
3 1 19 47 3
14 17 12 63 6
11 16 8 35 24
7 14 12 46 7
3 0 13 64 42
12 4 16 56 1
8 0 15 45 36
3 4 16 22 41
7 7 19 39 30
13 11 7 43 7
14 6 8 51 2
17 3 10 62 25
16 1 9 46 43
16 11 15 25 8
17 9 19 27 35
19 19 12 32 16
17 17 0 41 3
16 5 6 54 3
4 13 4 51 14
4 17 2 72 43
15 9 4 68 2
11 4 10 48 7
8 5 7 30 30
18 3 9 37 21
15 9 4 48 25
19 5 5 20 20
7 10 3 60 14
19 11 12 20 2
8 9 0 39 44
12 11 4 49 3
8 1 11 68 10
4 13 19 17 37
1 19 11 47 30
12 5 15 40 2
0 17 10 35 39
12 15 16 64 39
0 2 6 30 11
16 4 5 80 27
2 3 7 13 40
18 16 13 57 1
15 5 18 73 14
9 6 19 60 27
9 13 13 68 0
6 9 15 26 15
3 2 12 34 8
14 16 7 55 42
10 0 3 51 5
17 5 2 38 27
11 2 16 39 3
9 2 15 46 41
5 14 14 50 34
6 8 14 72 17
3 17 9 21 5
1 9 2 19 18
1 8 6 57 42
11 4 16 37 32
15 14 13 41 10
8 10 17 52 36
10 10 1 12 12
3 8 3 26 19
16 5 10 62 29
6 3 8 52 14
7 8 18 52 42
3 9 9 92 30
1 7 9 35 23
9 16 12 47 33
7 18 15 36 32
10 9 6 20 33
17 15 7 69 15
12 4 14 40 13
15 12 0 50 20
3 18 13 16 17
12 14 13 46 1
5 8 9 28 26
0 5 1 41 18
9 7 19 22 25
6 18 13 27 3
0 11 4 26 38
9 3 4 58 32
0 4 16 47 23
2 15 5 10 20
12 5 6 44 44
11 17 0 19 39
14 4 7 20 31
11 3 12 62 32
6 5 16 50 17
10 12 16 41 4
7 5 1 29 3
0 6 18 54 19
12 17 6 45 16
16 13 4 34 21
6 10 11 33 4
13 10 9 42 1
14 16 9 57 7
4 4 11 39 24
9 10 9 29 7
11 12 17 77 21
5 9 8 21 35
10 16 8 35 19
19 7 19 66 43
14 11 4 46 7
16 9 8 49 15
5 14 10 43 24
7 17 2 25 14
5 11 15 27 12
6 8 17 17 15
7 1 1 75 35
6 4 8 31 26
12 2 12 71 18
15 12 9 22 15
9 15 0 36 19
6 5 18 54 34
10 16 18 39 5
16 4 7 56 15
0 18 5 47 31
10 19 10 79 9
14 17 4 54 17
0 2 3 24 40
8 8 19 27 1
19 8 0 36 4
14 16 9 35 44
9 5 11 38 5
19 9 11 27 40
5 16 19 26 18
1 7 1 69 20
1 10 3 82 11
8 2 15 69 12
8 15 15 38 28
1 0 5 24 26
11 8 12 38 4
16 4 4 26 44
0 7 2 36 4
3 9 17 66 4
3 8 4 9 40
8 12 1 23 43
10 5 17 37 43
10 11 18 42 21
6 0 19 38 8
18 1 8 53 29
7 2 13 57 10
1 12 19 49 6
18 0 8 97 29
9 11 19 51 5
0 18 7 40 8
17 2 4 54 21
3 15 15 35 13
2 15 1 60 5
14 11 14 37 27
11 2 13 45 21
7 7 9 57 44
10 19 8 43 26
15 8 0 20 26
10 1 11 24 40
18 9 6 59 15
17 13 1 29 11
15 14 2 34 36
13 7 7 17 33
8 0 17 52 38
19 8 13 33 5
17 13 0 70 23
2 3 17 51 39
10 19 12 68 15
1 7 14 24 17
1 10 17 32 31
16 6 11 55 29
4 5 4 22 11
10 11 2 48 2
0 0 9 31 20
4 18 8 28 18
11 14 14 43 10
4 0 10 50 34
4 8 14 35 24
12 10 8 72 30
4 5 16 44 17
9 2 6 18 38
6 2 9 34 27
17 19 3 41 11
14 19 12 21 19
16 8 2 35 26
0 16 15 39 6
12 17 9 80 8
1 6 5 62 33
4 7 1 24 6
4 16 4 28 24
5 13 2 31 14
17 6 3 23 6
8 10 2 50 30
16 15 13 41 6
5 11 16 13 7
0 10 18 65 8
8 11 19 32 7
11 15 13 41 27
18 1 2 33 29
7 9 3 35 21
6 9 12 17 27
17 9 7 22 5
8 1 15 33 18
13 6 12 17 17
16 6 18 52 2
2 5 13 31 41
11 13 11 52 11
16 13 2 18 26
12 14 4 68 27
16 1 16 42 28
7 13 8 38 12
9 12 11 47 14
5 9 6 33 29
5 9 3 64 19
11 19 13 48 16
6 2 0 31 27
5 11 15 23 10
16 8 12 42 15
12 3 15 23 3
1 14 4 45 40
17 13 15 36 33
17 17 8 80 41
17 9 13 43 13
5 5 17 34 36
16 1 12 13 14
7 11 15 35 44
1 5 0 59 32
2 11 16 52 4
2 1 7 60 19
13 11 11 49 39
3 15 15 30 10
6 1 18 58 33
1 15 0 45 11
4 10 8 31 7
3 8 3 47 44
7 1 12 30 19
4 8 13 62 4
7 19 1 40 18
3 7 5 29 9
16 15 11 28 30
10 17 16 33 1
7 15 18 47 19
16 17 10 57 29
18 18 18 31 0
15 6 4 29 12
6 2 15 61 12
16 18 6 50 37
19 6 9 45 25
16 0 15 31 44
13 18 17 35 37
18 11 7 31 39
16 9 15 70 13
6 11 9 20 40
11 18 9 29 29
8 13 1 43 30
14 8 9 81 41
16 5 12 64 0
7 15 9 58 38
3 11 0 48 28
7 10 12 40 15
6 7 19 64 5
17 17 8 59 42
16 15 8 31 44
11 8 2 31 13
7 16 5 36 28
12 1 4 33 31
4 19 2 67 7
18 14 8 59 30
9 19 15 34 32
3 2 18 45 22
8 4 4 44 12
