200
9 12 5 31 10
7 7 7 74 11
2 5 12 27 2
6 7 8 43 10
2 5 9 44 19
17 12 8 15 0
18 14 16 54 16
5 18 1 15 3
7 7 13 20 14
14 4 14 27 19
19 5 13 33 1
4 0 19 34 2
18 2 12 69 13
0 2 3 46 7
5 6 1 38 7
7 1 5 57 6
18 12 9 18 14
8 11 10 29 11
15 19 6 35 9
4 11 11 38 7
2 15 14 25 3
17 11 18 14 3
1 15 10 44 14
3 18 9 36 13
4 2 11 18 4
3 10 10 32 9
4 17 6 28 19
5 6 5 34 15
6 4 0 41 9
18 15 8 31 6
14 17 17 48 19
1 4 14 80 4
19 19 16 20 1
0 10 12 33 15
12 15 3 54 4
5 16 9 18 6
19 16 8 19 6
14 19 15 20 3
2 19 18 64 17
2 18 15 57 1
9 1 6 45 8
16 14 17 45 6
4 18 18 50 5
16 17 2 54 7
6 11 15 49 10
18 14 1 23 5
11 4 1 90 4
19 2 17 82 7
5 10 11 72 12
8 2 0 39 3
8 19 12 69 13
12 9 1 77 10
1 0 11 22 8
18 7 16 52 14
14 4 18 83 6
5 7 7 52 17
0 7 19 17 2
9 13 4 17 10
1 3 13 62 2
9 16 17 36 7
7 10 7 52 0
5 10 1 53 9
13 12 9 34 17
18 15 5 39 5
17 0 13 56 10
9 7 0 50 4
17 15 0 46 14
19 15 14 14 7
15 16 18 42 8
19 7 16 44 8
17 14 18 49 14
14 7 19 45 17
3 17 11 36 12
4 8 2 59 6
12 8 13 52 12
19 18 14 51 18
3 15 7 22 18
11 6 9 43 5
9 19 16 61 7
3 7 13 45 0
18 17 0 50 6
7 17 9 45 7
3 11 17 32 17
18 17 14 53 11
17 2 17 50 18
5 6 10 38 18
12 18 0 52 10
16 17 8 54 17
11 18 8 63 6
1 16 18 36 4
9 15 17 44 19
7 18 12 55 14
10 2 14 47 3
15 11 2 19 14
17 3 3 33 14
17 3 14 78 2
12 18 1 45 12
2 16 6 38 15
14 18 2 19 3
0 15 4 35 6
2 0 2 50 12
19 0 8 15 6
3 3 13 40 13
5 3 16 46 17
9 10 6 45 3
12 1 11 31 17
3 10 0 57 10
2 7 7 31 9
4 18 10 33 4
13 16 19 33 9
16 7 6 38 16
1 8 15 48 16
2 17 16 22 8
19 13 0 27 2
10 13 13 56 14
5 14 7 42 6
3 18 15 43 13
14 13 16 92 11
7 16 1 77 18
5 3 6 25 0
3 18 11 35 14
2 9 4 79 17
14 14 2 29 17
5 14 17 40 8
19 13 17 38 19
3 15 3 16 1
5 15 11 36 18
16 11 8 48 12
9 13 4 57 12
3 4 12 46 7
11 6 8 36 16
14 5 3 35 15
13 13 11 27 3
0 0 7 28 3
19 7 16 19 10
4 17 11 20 17
15 3 1 28 7
3 3 4 57 0
14 10 12 45 4
5 17 11 33 18
18 6 18 53 0
4 18 4 74 0
6 12 12 28 10
19 10 8 35 10
18 14 8 34 13
2 7 15 36 19
7 18 4 30 5
6 3 17 50 6
14 0 3 52 0
12 5 18 36 6
19 4 3 22 1
19 1 12 25 8
9 12 4 23 4
6 13 4 60 13
18 0 3 32 18
9 19 11 39 17
17 6 11 49 10
18 14 11 49 4
8 6 13 54 11
7 13 1 22 3
11 1 2 39 11
18 15 11 35 19
7 11 9 46 5
0 6 9 26 17
7 2 1 51 8
6 5 18 59 12
3 5 12 32 0
10 12 14 65 5
5 5 0 11 5
0 6 8 62 4
9 5 11 8 2
3 5 18 35 14
6 6 12 30 3
1 11 2 42 10
13 9 18 44 9
18 4 18 27 17
8 12 7 27 10
18 0 12 19 14
13 9 18 17 5
14 18 0 16 1
11 1 10 74 8
0 13 2 32 7
14 2 12 27 13
18 10 9 23 3
3 11 11 45 10
19 6 8 40 0
18 9 5 57 6
5 1 15 22 16
1 9 15 28 14
13 10 3 85 18
8 3 17 33 5
14 8 13 57 12
6 12 3 30 11
18 3 1 46 17
16 12 3 32 16
16 5 5 68 5
1 2 7 51 2
12 17 3 59 9
12 0 16 38 9
15 8 14 36 19
