450
1.0 0.95 0.67 0.66 0.48
1 50
6 140
10 308
5 174
11 327
9 139
2 39
4 96
9 134
1 78
1 54
10 324
8 228
10 101
4 261
5 215
1 43
2 86
5 242
9 22
7 243
3 175
4 16
6 304
1 306
1 2
1 218
1 267
10 229
10 276
3 244
1 93
2 233
9 292
4 149
4 200
4 131
8 88
3 14
11 266
9 282
6 82
9 79
3 202
9 200
5 110
2 211
2 230
8 186
4 72
10 216
1 111
8 129
9 42
8 25
5 95
3 204
6 110
7 143
8 120
8 181
8 182
5 151
7 101
7 238
3 23
7 206
5 121
2 250
9 62
11 109
10 42
7 230
3 224
4 336
6 151
4 88
5 222
10 320
4 5
1 226
11 232
9 108
3 101
10 76
11 188
6 58
4 78
5 15
7 40
11 297
4 52
6 150
1 185
11 209
1 19
1 304
6 141
5 39
9 112
4 36
4 116
3 163
7 67
3 11
2 319
2 127
1 300
10 176
8 58
2 4
6 330
3 160
10 193
7 321
2 290
8 317
4 34
7 113
4 237
3 226
5 136
9 291
4 180
10 38
6 63
1 181
1 20
2 188
5 13
7 230
2 258
3 13
3 13
7 225
8 193
1 279
2 45
8 253
7 236
1 175
6 49
5 203
9 0
2 207
6 225
3 104
9 66
7 82
2 259
11 1
1 282
11 121
5 102
4 280
6 213
6 83
6 236
5 136
4 142
5 287
5 44
3 240
2 87
7 52
6 336
9 308
7 77
8 41
9 320
6 157
2 208
10 256
10 301
11 254
6 70
1 311
7 253
6 90
8 28
8 197
7 160
1 31
1 64
1 198
8 49
11 85
2 28
11 132
1 242
4 111
8 146
6 70
9 76
2 40
3 60
3 51
4 117
11 301
2 185
6 198
4 296
1 279
6 0
8 13
7 188
2 148
4 132
8 234
5 271
10 336
2 110
6 3
2 149
7 5
10 127
2 86
9 121
7 139
6 303
9 120
8 288
6 214
1 180
3 296
11 171
2 52
10 313
9 49
4 215
1 295
11 17
10 4
3 310
5 281
10 108
6 297
9 155
7 302
10 19
2 262
3 136
6 275
7 302
1 280
7 200
11 327
1 112
1 279
11 193
7 298
6 176
5 27
11 328
5 306
9 21
2 23
7 241
4 299
4 26
5 94
4 243
5 254
9 237
9 290
8 103
5 217
5 180
2 201
7 100
3 330
8 162
1 237
11 145
6 106
2 246
1 231
7 185
6 91
10 1
9 12
9 100
3 187
4 111
7 273
5 127
11 131
4 18
1 81
3 337
8 6
1 161
2 54
1 283
9 118
11 165
6 190
10 13
5 184
8 97
11 160
5 56
11 216
8 45
3 211
7 85
8 292
11 318
6 216
11 33
2 288
9 28
1 256
7 242
4 131
9 203
3 138
2 183
9 200
7 116
2 138
10 130
3 292
4 319
11 338
8 123
2 7
6 136
10 232
8 330
7 54
2 272
6 169
7 177
8 328
2 231
8 120
9 310
7 83
6 246
1 224
10 92
7 179
9 228
1 5
2 240
7 65
2 36
2 138
11 173
1 246
5 58
8 170
10 30
5 322
3 304
7 157
4 323
10 162
4 247
11 162
9 210
2 68
5 79
11 324
1 108
6 202
2 171
7 330
1 69
9 17
7 42
7 172
8 120
2 25
6 142
7 62
11 34
3 61
2 338
1 281
6 116
4 97
11 194
7 91
5 70
4 262
2 11
11 4
1 91
5 171
4 3
5 302
9 36
3 250
4 63
5 52
8 103
7 191
7 88
9 265
6 82
11 212
6 295
5 250
7 205
2 261
8 55
7 289
8 24
3 133
9 94
2 271
1 113
8 79
8 83
9 110
5 195
5 144
8 133
1 264
4 294
3 169
2 258
6 197
7 160
7 108
7 246
7 268
2 263
3 172
8 303
4 76
8 326
7 5
7 299
3 115
8 95
7 130
3 296
9 244
6 307
3 293
6 214
2 119
4 87
6 271
9 191
4 216
11 323