300
0.85 0.32 0.29 1.0 0.4
468 2203
573 1895
60 161
267 1245
378 2710
494 1769
142 1264
11 130
337 2739
462 1128
290 1897
31 2749
418 2836
287 910
73 1483
185 1524
208 1393
324 1860
428 1523
17 1286
114 524
388 207
484 1746
355 2417
308 864
396 1224
132 2663
28 469
337 1972
17 2569
196 2479
413 1434
580 2786
296 1630
391 923
147 336
363 2264
280 1783
183 2905
166 2815
289 2638
220 1038
590 2790
133 1773
89 2170
378 2064
29 455
16 2363
30 1492
245 68
351 1165
99 963
504 1698
116 1374
218 2916
390 758
350 2752
175 2747
578 2956
14 2242
102 2909
380 2841
372 1448
49 939
489 2129
268 666
474 1576
590 613
544 942
436 2002
456 574
368 87
191 1268
18 273
226 931
293 2825
349 536
587 2075
19 2468
542 1737
540 707
159 419
45 1516
146 2157
85 1314
565 1570
375 1710
130 2822
108 808
411 670
407 1295
199 888
110 90
153 1632
160 716
28 1295
194 2016
520 2031
57 1990
196 1793
27 803
193 851
597 1023
225 2207
39 921
413 1224
316 1200
557 2835
270 1863
23 477
317 2459
404 533
201 1394
520 1829
174 2337
33 2225
216 2180
124 1892
129 1291
522 2319
564 1793
35 466
596 1160
74 1863
138 962
36 2155
63 889
49 1242
219 2459
336 2705
337 307
364 1201
510 1656
556 2297
593 352
35 2643
30 1783
121 1021
271 2339
8 2699
529 1797
238 1131
69 1521
331 663
221 952
466 2516
12 1795
433 665
503 1042
383 1903
527 2956
403 540
171 812
277 1942
30 2544
521 214
377 26
156 2395
531 1567
266 2502
153 2836
261 908
370 1207
446 2802
184 304
491 863
201 2129
579 553
55 1551
210 371
107 159
542 2050
453 1783
322 2121
543 244
451 1621
570 2948
160 1412
427 2599
360 2173
231 372
341 700
252 2878
484 1448
185 2077
241 1591
456 500
101 2595
211 379
128 1522
139 2573
556 1087
159 681
103 2920
78 108
491 2163
342 1461
352 322
288 1883
198 2473
233 1347
227 2971
316 2525
382 448
161 1822
292 231
246 26
65 1965
275 2340
201 524
347 1349
83 1177
269 2538
134 655
140 1998
179 2364
256 1025
596 2677
340 1154
97 355
441 527
486 1121
243 2769
43 71
158 2691
513 2935
553 2510
137 396
79 96
407 859
20 1801
425 1442
33 2056
104 882
213 597
348 2224
431 1588
574 1887
14 1151
456 216
487 2899
269 1520
33 1698
563 145
112 735
153 1078
583 250
512 1345
279 2017
505 373
287 1922
588 2079
501 1281
205 2147
273 2261
311 659
588 2976
383 222
293 379
331 2885
534 2786
68 2935
444 410
25 2399
205 2528
105 2142
118 482
553 1851
540 2266
397 1121
529 1799
272 182
438 621
283 375
460 1964
419 1140
362 2319
550 1306
504 1792
377 2242
112 773
129 2945
500 1341
367 800
422 1764
334 1211
230 905
563 1452
221 123
52 979
55 1940
550 2580
294 1977
253 1386
586 1199
582 1037
71 1276
461 1198
320 466
128 2450
