450
0.9 0.81 0.92 1.0 0.89
706 2359
233 2898
491 813
885 3535
194 4397
734 1621
724 3066
812 3617
307 4326
321 2170
319 389
5 157
521 2964
311 81
225 497
152 3560
580 2247
38 3217
771 3959
431 2613
6 3153
892 3020
680 13
647 4364
57 3454
399 1128
750 3164
834 1857
474 2573
552 3612
706 4191
265 3444
629 1578
542 354
168 4300
890 3052
182 2082
420 526
232 284
578 584
451 3757
173 393
652 4225
438 1605
550 2289
710 1223
127 40
155 3925
734 2456
748 982
798 2164
793 1323
62 1700
282 2444
714 1200
387 611
218 2115
182 1936
319 1527
473 1533
603 3419
523 3844
668 2729
85 2837
92 2110
700 770
897 1452
639 1641
204 1140
199 4228
449 3682
105 3700
407 4265
190 144
192 3028
656 3715
76 3632
740 1870
121 4483
478 1638
609 3602
555 3468
128 4485
897 1800
670 657
849 576
665 3958
170 1226
414 544
203 4358
118 806
352 1993
228 3646
605 3297
73 4220
368 298
669 2535
350 1978
415 3833
135 3318
608 489
816 3266
298 2099
452 1614
384 3606
248 3123
845 669
757 3892
214 3589
147 3884
112 1752
359 424
292 361
709 3291
75 3803
627 2616
732 2553
86 370
496 41
28 2208
325 1195
866 2230
10 3179
370 89
279 2157
222 2624
809 798
573 3987
641 399
618 3835
823 1963
417 782
468 2704
214 200
68 930
573 3564
93 3966
214 2232
227 3493
565 2443
473 177
881 2644
492 1080
859 4397
751 4164
24 4038
469 1289
222 1045
774 1105
385 3760
79 3779
752 2353
303 3019
38 1730
855 651
429 2010
406 3518
481 1033
286 2202
348 3775
604 376
801 2454
110 1573
819 68
52 4342
756 997
239 1234
407 2794
205 3968
84 2924
803 3710
286 906
563 2139
359 268
745 1057
125 576
344 2823
174 388
188 3020
234 1429
548 1735
653 3236
502 4034
443 3629
223 2641
303 32
699 4143
122 262
688 3536
50 1857
222 3141
682 3410
675 3533
371 1402
216 438
496 3626
32 4002
373 1065
495 4285
282 2432
10 4159
698 1013
424 3907
664 2758
769 3121
145 3156
390 3217
684 2001
236 1971
899 2574
440 442
431 1621
519 1469
365 4381
578 2529
648 1234
356 822
480 753
178 4031
665 1436
281 2403
588 1659
175 3515
188 3228
798 479
259 2718
833 696
608 2923
781 2683
518 4208
317 250
252 778
29 4032
96 4093
336 1941
873 3023
97 4386
14 1803
883 1145
155 3373
260 198
108 3524
167 1749
729 2840
481 2237
329 2267
272 1095
845 3708
228 651
438 1441
835 1736
675 3828
662 4243
747 1132
154 1132
655 2526
144 3059
758 4036
586 4113
636 1240
826 2973
11 453
322 3269
345 374
333 2988
852 777
358 3332
896 2439
547 2039
694 4100
119 2000
783 1244
231 2632
650 4115
251 3997
400 2503
563 3676
854 2213
865 523
425 137
107 2893
454 2857
899 2799
166 4019
49 3056
477 4005
290 3350
445 3779
21 2080
630 2476
859 733
727 4253
708 1102
640 1613
185 3873
190 28
572 86
770 2591
710 3027
836 3160
490 711
482 4323
597 2792
613 3544
842 3308
791 562
226 1006
660 2691
186 2235
665 2800
580 3510
243 3379
129 3370
273 2497
629 4080
592 2796
24 2431
445 4178
603 672
632 4454
187 3786
730 1694
753 3591
484 2642
288 2023
172 1065
19 2401
137 268
64 3849
686 1220
239 223
426 1177
431 2387
107 1274
496 2350
273 4235
868 373
235 2665
256 2730
664 1782
620 3580
153 4203
203 485
292 2798
256 1826
208 4159
483 414
396 3892
626 4196
21 3338
366 2339
208 3852
53 4051
320 2075
351 3900
195 4304
733 1836
91 4068
788 435
580 3451
637 347
809 1437
865 4434
309 3097
596 281
461 1433
252 642
448 200
689 1310
369 1544
896 1594
142 3020
234 3312
605 4398
282 3010
799 2394
428 3976
197 2140
513 1728
559 335
668 2
29 2662
436 1819
761 1871
632 3232
897 1430
386 3305
205 1239
568 1619
281 410
290 1088
395 2054
551 2532
829 1431
262 3942
423 3519
89 1155
61 1895
213 583
750 3296
530 3007
855 2364
438 2689
638 761
830 2804
110 3039
157 843
808 1483
142 3667
386 3641
720 2347
765 1584
521 3073
376 1745
768 3418
764 4371
316 4067
403 2628
17 1878
130 2565
250 3291
392 2609
382 1398
264 2167
372 1523
841 2361
495 4305
115 683
592 3523
56 752
786 505
540 1119
409 290
863 2966
215 3602
197 3995
529 1393
275 11
298 3935
882 2691
317 780
678 1889
478 31
402 3778
712 2089
391 232
498 3537
7 1180
506 3077
46 4065
