400
0.94 0.87 0.83 0.86 1.0
651 2531
626 2140
374 3799
549 2231
724 1705
645 237
761 2659
523 2433
711 1538
279 917
447 884
403 1398
491 892
200 3389
709 2868
157 1920
502 3115
751 3983
694 3161
150 1673
346 798
420 3314
613 107
628 1048
463 2502
508 85
195 1386
71 2372
762 2906
527 636
745 2497
20 361
283 3080
167 2855
452 374
335 1179
307 630
364 567
22 3158
445 3970
316 729
259 2043
521 847
649 2242
356 2465
521 1515
168 806
343 3388
204 1858
85 83
315 2653
30 3552
689 3682
145 2232
639 2421
74 130
514 1716
64 1343
548 2174
544 1716
28 999
390 3103
276 1846
204 490
683 636
525 2438
581 654
377 3629
507 1270
219 2409
271 2913
342 3152
561 2096
644 3578
189 1976
717 3276
246 460
447 927
533 1590
605 3858
243 2180
704 3929
602 1565
430 1874
15 2373
91 546
558 3779
620 1007
653 3756
48 3656
518 730
408 2032
297 1989
392 3293
334 2965
355 3587
798 3167
118 2660
406 3341
528 2818
119 1556
41 1619
19 426
179 2134
127 2314
177 3354
24 1578
509 2846
437 148
411 3981
487 1709
328 2772
506 2743
80 2562
213 1943
55 3832
543 3697
221 1686
199 1144
124 1972
145 1582
235 3158
57 56
397 2446
411 2872
784 2385
452 2670
215 3162
351 399
110 2715
648 542
234 2329
287 943
663 3266
652 491
237 1230
728 2651
318 3887
748 991
677 747
762 2027
435 5
754 127
800 1147
714 2473
737 3384
759 47
707 51
479 1733
399 526
390 2296
210 1153
244 3873
80 95
87 2595
249 3176
750 1144
534 1731
16 2696
780 2355
433 1395
136 236
201 1155
386 1087
501 2066
340 1887
468 1599
390 3062
726 1870
546 3811
468 3053
759 1689
421 1365
781 2749
797 3457
79 1507
602 2179
611 2961
783 2835
330 11
585 2871
11 2752
279 1757
111 2353
164 3361
787 981
572 721
201 3892
164 3640
640 3966
601 761
5 3652
221 2220
165 363
458 1947
386 1455
72 2144
651 579
422 1312
482 3641
713 425
655 2957
15 1092
284 1781
65 3462
268 2089
382 589
490 3773
210 22
478 3004
291 32
305 3395
642 1110
298 189
619 267
549 2395
787 1754
147 1102
283 330
502 1428
731 3347
367 3991
91 1977
53 2706
182 408
308 1487
42 1160
107 1769
593 3251
170 1399
243 356
455 2369
373 2298
385 2561
763 3605
96 2396
108 3302
132 1779
135 3740
511 710
720 1680
472 2819
261 1292
123 1152
685 2130
730 1430
352 245
772 1398
601 2357
619 1653
745 3527
639 1743
124 2873
474 1470
588 2243
225 2839
719 3852
601 1497
42 623
183 1
509 393
609 1255
293 2650
691 320
58 42
383 2034
338 295
307 1068
617 2823
461 2399
183 2378
544 995
450 1323
106 1866
356 1996
568 2544
285 2185
455 3636
244 2818
12 264
106 2369
305 621
468 1297
738 1008
136 3208
185 1410
503 2325
726 2858
255 2115
262 3179
738 1083
669 2495
503 2556
340 2701
95 3344
142 1573
538 1903
94 3646
166 517
648 645
631 163
260 601
160 3130
307 3446
663 218
666 2710
48 1486
383 289
760 390
799 978
84 2306
258 2213
687 2549
19 3897
662 1156
416 1845
35 417
432 2573
403 629
422 1118
230 2848
373 1213
235 1286
553 1518
556 1528
147 1499
444 360
198 799
437 1763
314 937
551 2211
142 3316
692 3679
375 2151
171 1191
721 2856
53 3561
657 2483
590 1596
491 1116
112 1464
158 1490
29 232
605 1359
651 3042
507 1785
341 3958
19 405
696 3214
615 1036
501 1699
789 883
630 3015
358 3990
661 3931
611 3766
180 683
274 1257
424 2260
324 177
797 3220
454 354
599 1060
606 2923
465 1620
525 2676
627 7
582 749
674 782
441 1297
602 1755
472 3131
52 1850
20 1520
788 3067
429 2689
646 2735
393 2973
582 3744
263 1275
795 96
253 2199
730 3174
711 13
215 590
201 1543
573 2961
106 672
86 3217
500 2200
698 622
128 2361
316 2430
283 537
486 369
78 2699
288 2225
694 3766
767 3128
227 1515
