250
0.66 1.0 0.45 0.5 0.31
478 1833
247 1367
314 1146
114 1889
457 867
316 1305
114 1126
446 337
16 1991
499 1450
25 1132
67 166
105 1858
345 285
334 2136
364 216
467 1660
147 1174
288 1404
414 997
377 173
411 1825
473 1846
185 1992
310 916
289 207
274 1683
348 374
415 2430
135 799
107 1692
238 400
263 1246
218 1327
259 102
31 602
442 411
95 2425
441 2177
11 482
488 295
175 2037
440 1001
178 1652
240 1345
55 1586
295 1100
128 911
102 1524
79 2368
499 591
318 1443
153 1672
433 352
255 409
352 269
327 2365
432 2408
326 2302
281 1182
225 441
336 1458
34 1095
45 522
351 654
158 391
427 960
329 730
318 1652
448 1398
320 1147
416 1176
242 1227
169 651
76 2082
469 2446
412 1227
238 2465
295 271
105 1517
423 1863
165 2330
72 973
252 2232
411 2054
79 2187
159 1341
452 2425
25 464
144 1630
66 109
82 394
396 1559
103 1020
315 2201
259 169
484 1266
26 396
324 1648
349 101
420 1883
339 1701
261 1774
254 1144
233 158
350 1310
9 736
434 455
473 1978
161 2086
253 1187
241 753
350 244
4 55
195 1328
84 1696
423 2409
474 2044
157 1956
380 1527
279 111
226 2320
191 539
384 2136
210 1252
263 1471
124 295
109 1911
139 997
274 2445
198 1835
432 931
303 1726
342 770
362 1152
347 535
306 1209
436 572
261 2378
343 2150
401 23
191 890
183 2173
143 206
325 2162
174 1609
58 2323
70 1797
324 1643
131 1289
166 2351
285 1632
496 1947
279 555
63 585
289 340
235 1514
367 1218
385 4
63 1987
226 416
3 1386
194 2046
34 877
132 2238
226 1626
325 185
348 1204
214 907
401 391
239 22
150 1121
377 449
199 1102
104 1255
493 1161
164 671
353 1852
92 1568
154 820
196 834
201 2345
393 1993
151 652
9 1796
5 1292
178 1979
112 769
408 2061
37 103
166 2076
122 328
172 1865
293 1290
462 1352
262 227
58 108
198 636
402 456
256 747
106 1442
417 618
30 793
82 676
331 899
228 857
37 1891
182 2124
131 981
351 1465
460 374
89 2423
314 654
404 1289
188 749
411 2366
71 1282
367 714
165 1236
36 556
169 390
398 1454
40 2126
407 1740
267 1833
341 390
95 1583
421 742
293 2029
24 2269
267 617
129 595
114 89
31 189
77 2181
480 1674
95 647
195 1363
469 711
326 505
153 1921
346 2342
472 1627
405 176
240 1922
248 1282
272 1024
476 1698
339 1063
69 1500
