500
1.0 0.63 0.52 0.74 0.92
796 3547
200 4474
722 2660
717 3939
272 947
848 2724
304 1424
473 2530
523 722
713 4402
269 464
940 863
393 818
337 4629
608 1940
169 1394
703 234
482 2676
956 599
864 3652
501 514
706 1756
174 3790
851 1606
49 1568
372 102
775 2883
762 1345
714 1070
618 4527
756 2038
228 1386
154 1777
882 3916
251 1027
546 43
639 93
239 327
756 1454
604 608
808 307
508 193
324 676
190 4221
193 220
242 4578
784 157
168 1746
177 889
561 3461
643 4560
266 4058
771 218
19 2421
149 3614
876 3850
9 3054
855 2407
172 503
97 1374
473 335
975 250
150 2320
949 685
474 988
862 1673
261 1314
737 3097
232 769
884 3216
199 3385
822 1793
951 4136
597 4619
712 4958
416 1693
934 4408
39 4370
105 429
767 454
373 2249
801 1281
281 4440
470 3277
603 3032
387 3396
788 2386
442 2353
123 4380
686 3218
331 2302
632 2951
134 3089
903 3431
111 2411
317 2765
222 3977
366 1524
671 546
24 1873
961 1251
262 4941
98 2688
965 4749
450 4202
203 1116
422 1924
681 4244
690 2687
266 78
512 4792
974 48
406 3312
242 2852
884 3687
33 2278
47 3420
716 561
123 4498
287 2628
208 1494
292 1373
383 2634
52 2208
715 4445
379 3657
414 4844
894 4732
388 1589
978 754
733 4284
346 1837
245 3811
828 2255
121 2585
350 2530
407 2557
526 2844
984 4372
577 4847
126 2840
218 2638
237 4233
283 12
423 917
656 2834
329 365
230 478
301 2561
308 1244
970 2384
523 4464
257 1682
215 1907
333 4193
247 2280
816 1689
921 2594
248 1535
269 1863
276 1735
777 4596
94 1586
875 4386
605 3349
365 2962
545 467
78 4297
257 3397
90 1913
885 681
54 4095
692 798
100 3700
83 3965
726 478
51 2791
490 4950
700 3612
825 3860
956 4978
251 1933
273 3396
49 4820
667 2627
103 4830
239 1371
174 4135
750 1359
813 1701
813 246
424 3133
607 2795
422 3267
506 869
253 4914
309 2008
32 1457
356 3009
96 3110
547 4897
762 1911
918 2353
531 630
927 3823
91 2536
825 1401
331 1902
633 1006
879 1263
16 485
92 768
992 3830
197 3181
216 2710
730 3
68 4377
840 4165
878 20
825 2522
869 1713
253 4585
127 4037
618 3974
419 25
129 4717
120 1250
587 4237
232 1921
603 4279
782 715
817 3095
454 834
165 4135
216 2028
691 1358
424 3644
90 2858
444 3728
663 2046
926 4790
199 2838
255 481
401 3796
455 3408
310 1948
599 2561
990 2195
976 2487
471 2166
883 3631
533 1041
699 1035
408 2211
345 1451
916 4835
819 560
138 342
121 1953
539 1362
508 4173
747 3493
243 1111
45 2595
787 3295
997 3313
349 4621
117 3583
507 583
970 4185
674 833
11 2557
15 3546
87 4062
24 1147
203 2594
414 1857
706 2140
644 4986
825 4356
890 588
355 2001
822 3835
297 417
549 1588
315 4928
695 3981
235 2314
932 4796
118 1732
268 3586
541 727
648 2787
377 2771
357 4208
658 1861
730 4125
835 1422
825 4438
876 1291
822 1123
968 1597
666 2191
211 1971
684 2372
785 4623
520 331
177 717
681 397
624 3467
816 4612
619 2023
207 2926
704 2555
554 1055
654 3478
589 3981
241 797
297 1040
358 3042
637 4944
789 1711
265 2196
868 1875
149 4845
647 961
443 464
171 4781
4 2989
444 1757
992 2152
607 585
10 3843
342 3031
833 3899
34 4819
689 1721
571 2147
505 1718
598 3199
859 4196
290 2584
253 792
684 582
136 2850
66 3515
210 7
430 192
116 1354
616 4646
519 3349
69 2082
441 1759
541 1190
103 2869
850 4498
720 914
281 811
540 2110
628 2859
684 3588
609 3052
277 824
969 2468
625 755
874 2645
912 3032
40 333
800 2598
829 4189
464 631
796 3827
978 2819
584 1081
858 720
651 3613
536 3478
753 4465
332 2276
798 4696
928 4658
448 2903
287 1030
262 1341
910 391
972 3847
919 4694
67 2422
692 3215
196 1586
862 3123
997 1569
406 1602
363 3415
934 1077
760 775
34 3099
638 2207
950 1907
119 4159
806 4145
440 2801
225 2697
133 729
518 1055
1000 2444
933 3650
451 4838
338 3447
121 516
49 2638
965 193
311 3632
108 3970
83 3532
33 2093
937 4062
174 4766
349 1770
408 2908
924 997
595 2965
554 717
225 909
573 4879
895 586
763 1470
352 574
836 1683
642 568
731 3534
201 2873
639 1145
753 4715
559 2711
526 4422
309 2833
710 4576
168 2311
687 3789
70 4801
91 539
716 1751
515 776
909 1721
746 3739
401 3821
688 4131
229 3998
647 4437
865 1020
533 3072
724 1046
484 156
263 4294
47 1703
558 4365
194 3857
127 4321
125 3158
103 2576
455 1678
476 3534
415 4656
944 3125
86 1340
19 1372
680 2671
483 3936
858 4536
786 2352
517 2027
772 491
573 2405
805 4643
315 4596
85 1208
969 553
789 1228
836 2285
508 4804
836 4039
945 3721
695 157
469 3076
428 2713
401 898
292 3751
470 2843
738 4812
454 1543
698 644
737 3862
352 4817
367 2136
496 4253
996 499
214 2085
572 1270
632 2379
