200
1.0 0.88 0.25 0.89 0.91
383 658
188 661
48 58
255 154
372 340
198 1299
65 268
265 1277
55 1735
121 1380
306 590
175 433
350 772
397 588
81 568
190 1364
380 1521
189 1379
207 1556
24 809
233 217
126 36
167 1861
117 286
294 1508
131 614
260 1276
213 1315
214 1380
187 1194
363 398
389 1375
350 405
121 815
206 1097
322 1155
355 1788
184 243
350 1024
71 1065
262 572
150 861
112 420
391 1363
4 765
372 378
299 1273
114 907
332 1251
330 1504
251 905
142 24
398 1459
262 858
43 1528
117 51
261 283
30 675
301 985
106 73
52 1350
179 630
342 134
265 248
118 352
388 1586
248 1800
38 804
349 1627
90 903
264 1672
155 1706
239 1895
203 226
147 1983
336 1400
167 1795
7 1670
300 1102
165 613
362 230
38 1059
143 589
151 1771
263 156
56 429
100 1271
208 301
150 811
147 504
259 46
363 454
253 1082
16 532
24 1073
50 1437
334 1079
186 56
122 1091
99 1472
320 1186
351 264
24 1155
331 108
329 340
142 1252
87 1915
82 207
180 711
72 466
17 1322
226 556
113 351
48 1190
17 823
385 1311
154 692
134 563
364 197
381 203
343 1478
323 894
324 534
136 350
219 802
85 1244
164 1533
204 353
153 1422
365 914
141 1464
323 1586
167 1977
212 281
349 1730
353 27
310 1774
52 1762
305 1620
338 1317
370 151
238 1672
83 550
124 1536
138 1589
289 677
399 1493
48 738
292 1640
66 598
349 1027
304 1457
350 1953
308 349
299 836
321 1495
153 135
274 1168
234 225
44 1575
223 563
172 772
189 835
79 784
225 1468
109 842
93 798
371 65
103 252
359 1722
102 1197
147 1480
381 824
217 69
115 1703
80 1916
157 251
325 1063
189 53
263 1903
253 1028
263 511
138 1166
282 74
180 220
174 1026
306 169
169 132
76 329
105 16
282 997
239 1485
382 107
394 1126
73 386
19 426
356 1748
118 1471
7 1140
109 1978
