150
1.0 0.57 0.7 0.28 0.28
221 872
136 444
198 82
297 1371
28 723
244 1309
130 610
261 202
142 857
268 951
23 959
34 1495
111 1200
118 640
99 1078
114 1470
149 958
211 599
255 1049
46 9
139 654
59 678
79 1131
73 498
140 1257
79 1479
195 660
202 1485
219 105
48 1350
285 1108
92 594
80 1169
8 55
74 1010
229 153
184 922
198 160
220 154
295 467
275 1054
25 138
131 1218
141 556
253 578
67 1189
215 114
214 868
251 1336
110 935
157 909
53 884
129 647
195 1415
42 312
284 923
93 809
277 53
198 1008
214 1030
205 717
219 399
160 1290
238 831
300 408
177 1335
26 889
237 950
32 1059
260 63
38 1282
77 1251
80 440
181 505
22 491
27 450
166 357
105 1036
110 212
148 234
99 1108
3 147
76 986
147 1297
201 671
39 730
293 1334
186 1337
131 139
4 1447
128 447
263 901
217 1450
252 230
70 29
245 710
88 85
281 138
9 1160
38 1379
97 1354
237 588
228 448
144 1050
27 227
178 1356
158 1084
142 324
291 1359
82 879
130 517
175 235
157 879
91 496
127 1399
232 82
4 176
69 779
230 1259
48 1141
112 350
58 9
43 235
245 1381
177 1225
12 572
196 1438
41 1022
268 362
267 644
225 992
83 77
182 1161
63 801
109 84
213 209
261 883
179 73
76 335
273 1353
196 817
144 1016
54 961
31 578
49 359
212 779
144 1334
136 313
191 748
285 524
