100
0.38 0.61 1.0 0.41 0.95
8 135
140 698
156 990
36 287
184 924
81 837
42 28
94 453
97 702
166 490
2 308
161 546
15 707
82 749
114 433
155 784
129 134
198 618
28 333
104 578
153 463
134 875
8 994
61 815
65 246
123 867
164 519
42 884
85 232
169 737
74 4
16 110
85 198
20 750
141 647
72 963
158 143
196 511
114 98
100 323
55 541
56 415
5 554
121 267
15 630
41 236
122 308
73 925
109 831
190 314
193 750
75 395
166 599
158 844
9 611
28 664
119 228
55 41
128 108
40 175
44 927
135 708
183 833
69 115
2 398
137 770
169 612
172 175
159 918
76 218
15 527
103 988
60 87
98 83
37 577
97 747
51 828
132 264
130 257
175 814
90 809
163 898
191 421
197 540
161 786
153 317
147 274
32 878
157 366
183 929
120 347
42 201
170 665
90 65
145 376
194 687
110 376
55 720
190 257
43 962
