350
1.0 0.75 0.44 0.29 0.76
641 3230
132 1108
63 2485
669 2852
597 245
500 872
283 2063
567 1764
168 73
659 563
368 367
561 3024
54 405
539 1303
32 1296
487 3205
435 2098
145 1546
327 3182
93 2346
202 1887
72 305
326 2503
222 1302
521 577
631 32
198 2763
199 2705
297 1314
544 3142
186 1258
483 1134
474 2419
307 47
268 1468
505 1200
70 3496
232 2046
395 3037
472 2821
423 1056
296 1991
684 3493
500 455
42 1772
249 1037
429 2751
673 2812
481 3302
696 1089
61 1098
362 696
420 986
240 116
180 468
52 3226
38 1120
421 2250
693 1857
124 992
198 1609
332 375
342 237
211 2765
698 3406
156 1932
56 1272
254 2336
696 3017
123 42
692 1080
145 1902
571 2290
220 207
224 825
237 2275
632 685
418 3362
329 656
161 1656
484 2505
512 2782
254 2017
18 1118
254 1372
294 2052
122 2605
360 1255
77 2344
312 3499
42 2092
637 1103
505 587
279 673
494 1255
691 1811
359 1011
301 1608
41 2916
666 3420
300 499
42 2412
203 1940
165 2297
597 2924
311 3135
128 2880
7 1454
23 617
404 44
324 1293
553 185
39 778
596 900
654 2970
427 1663
554 1103
587 3411
476 2046
494 2043
617 1415
304 2676
437 3359
349 1860
371 234
174 3264
216 772
344 1589
53 1425
323 2153
15 1595
446 183
648 873
380 2396
419 1960
700 228
272 3087
211 3172
246 2169
39 140
16 67
32 781
487 1310
621 1385
61 151
560 1733
631 3350
348 1338
137 1936
49 185
432 1150
98 2486
42 1218
331 2450
375 2142
415 623
190 681
603 510
532 2996
242 2300
221 473
74 1899
168 2193
219 3402
164 216
51 1582
528 1304
629 3365
479 247
35 1823
607 674
174 159
158 2083
288 325
335 3377
353 319
342 3357
655 390
602 450
543 747
172 440
386 306
82 1120
589 82
319 2832
581 3103
75 1575
396 2219
110 1323
451 1923
630 3422
151 844
525 206
463 1302
690 1021
584 3431
688 1757
670 3308
473 1860
328 3064
199 1796
577 2992
61 440
584 388
572 1212
111 360
465 153
32 1630
264 2866
364 1543
612 1621
261 1397
99 247
198 3089
560 1697
462 550
33 3294
92 3324
354 2747
508 115
407 937
305 1750
691 1434
145 3485
215 166
620 3281
34 638
239 1514
398 3318
231 1859
575 2188
321 2194
647 1353
685 2804
561 878
263 403
426 3330
315 614
601 3494
160 503
468 59
5 3351
534 1995
247 1625
368 249
308 1356
345 3485
535 2032
529 1299
623 865
599 2183
404 445
30 1135
274 3261
213 665
601 973
667 623
4 1806
48 1320
174 878
5 354
353 1980
417 1615
666 1457
366 3474
371 3406
22 1868
455 1701
333 864
188 695
462 178
348 3352
89 3259
101 2619
15 3423
660 3405
154 2665
260 1049
72 707
49 1664
663 807
540 3067
98 455
487 2151
691 198
538 511
468 933
137 3218
204 1421
359 2620
265 1616
322 1713
130 2186
323 109
345 2365
39 3337
454 792
637 3045
455 983
679 462
22 2209
351 3128
563 2594
588 2038
240 1661
337 2062
11 1572
101 637
61 1945
673 1148
6 2295
650 645
358 2686
98 314
432 2403
447 799
202 1884
161 2243
325 961
135 385
317 1214
304 3151
179 1685
592 651
276 1820
511 2726
305 1682
592 3460
427 3090
331 1989
539 483
358 969
84 736
308 2141
464 15
371 2846
592 3489
4 2806
485 3085
426 1779
206 2968
202 1516
150 961
510 2273
138 3434
69 2519
413 2318
469 2438
483 3166
400 1321
