200
146 835 860 57 6361
535 138 860 32 4313
964 309 942 257 4995
635 495 951 318 4736
313 560 978 69 1080
206 748 879 76 410
826 275 746 155 1151
768 28 383 3 307
528 518 547 487 1503
282 633 838 187 1671
915 78 83 27 6199
638 749 928 575 6068
73 808 628 63 226
87 773 851 46 3067
944 871 448 30 7256
986 783 809 404 2092
35 474 722 27 2803
832 553 260 57 3121
351 593 362 194 3314
515 588 888 397 1526
451 680 720 247 3519
55 513 34 13 865
56 745 547 48 6332
965 75 356 18 6158
727 629 472 368 4396
419 79 667 18 504
882 929 535 157 4037
429 478 461 130 3492
327 334 636 22 892
313 905 821 282 7709
301 954 944 90 1224
106 348 211 11 3924
816 950 332 23 718
91 115 601 19 3603
50 98 1000 18 596
384 861 381 77 1449
916 664 349 321 1448
341 27 542 5 2370
656 823 887 481 7643
383 690 243 152 7174
58 359 617 16 849
279 689 73 40 2693
829 713 687 299 1133
838 448 783 128 1569
467 666 208 141 1237
664 617 434 153 1769
690 847 424 413 5738
654 567 989 339 6466
769 863 47 17 559
831 879 137 126 17
943 696 352 869 3135
110 294 691 723 1488
729 731 496 983 2571
995 521 604 819 3443
367 871 800 916 5502
99 993 403 636 2759
716 675 399 678 5110
790 713 144 706 1559
708 170 545 690 1158
90 930 343 879 5848
163 623 525 900 7559
731 734 637 689 2427
123 382 490 757 376
402 327 462 496 3319
21 493 421 484 6710
387 252 477 675 2646
344 957 927 986 3201
664 657 700 794 500
911 559 591 778 2490
577 70 630 769 4266
298 162 526 615 1816
4 223 537 607 5785
374 242 323 760 2871
339 813 168 804 5276
222 693 3 821 3496
986 32 109 191 3928
409 451 622 922 2466
755 203 996 997 5611
842 455 713 941 1635
513 186 295 983 6048
865 540 786 977 4412
315 491 880 894 154
157 945 319 623 1873
385 486 958 993 370
647 369 290 615 0
712 724 7 124 5640
397 584 80 885 945
207 379 211 211 1106
735 447 884 907 2338
649 256 112 876 5942
747 685 948 967 6168
486 842 613 672 4806
698 137 982 993 7506
691 557 298 620 1313
237 200 815 854 6904
679 390 802 946 1396
414 246 260 722 1757
364 39 467 955 5630
275 934 36 645 6549
397 321 631 716 2251
500 208 45 369 5409
625 219 443 835 1561
951 780 740 790 5737
424 516 180 482 5336
296 200 889 963 382
511 199 76 535 1295
375 165 412 722 3481
4 188 148 255 1878
539 436 588 648 6757
311 335 479 811 1011
337 616 675 680 3631
256 308 747 787 166
64 358 158 528 1799
893 7 961 981 253
656 262 289 993 6059
541 272 176 647 6572
357 296 339 979 2251
348 636 728 973 6640
466 745 398 527 6591
105 749 505 756 1887
204 303 877 996 6685
442 121 829 998 2761
665 736 876 963 6999
987 561 388 869 4705
234 10 410 513 7682
571 58 848 889 3247
309 682 30 853 2008
374 433 710 842 5031
241 166 771 825 3484
128 376 69 541 7114
364 878 477 490 1748
921 405 70 1000 7498
951 512 920 988 4890
342 705 569 783 2485
599 191 810 912 130
798 429 897 905 411
318 24 211 728 3653
340 188 376 501 4935
784 820 527 734 3523
807 547 817 833 3104
569 102 360 679 38
442 495 258 946 6248
342 588 966 989 4829
695 879 985 1000 6943
183 705 417 683 1930
539 714 980 982 1796
877 690 915 978 6249
481 54 791 819 236
966 484 761 771 4274
784 967 980 992 6940
546 684 986 2301 5871
663 551 684 1931 3695
714 748 962 2476 1570
547 683 985 2279 5558
751 972 993 2779 6297
600 626 536 1784 6844
997 868 786 2748 7283
706 594 868 2277 6883
771 566 531 1944 7312
779 746 791 2338 972
646 800 795 2267 7628
988 926 598 2707 4428
678 677 625 1986 1714
562 784 989 2525 2903
849 616 988 2566 1884
959 589 547 2250 425
813 546 968 2512 281
882 877 745 2562 853
758 772 697 2240 5158
562 755 546 1903 6649
780 947 711 2533 630
548 792 996 2549 2022
887 691 963 2545 6759
902 752 501 2199 1827
607 976 682 2327 4826
623 844 575 2085 6112
627 614 686 1952 2551
677 642 568 1931 3532
872 960 646 2513 1592
530 581 784 1946 6234
770 778 908 2492 1137
549 875 500 1972 5558
986 574 620 2292 5085
927 903 823 2685 4839
976 537 578 2227 6880
929 578 785 2349 7526
719 641 549 1916 6317
847 563 609 2076 6163
849 747 594 2256 5212
578 786 797 2167 2958
923 570 680 2256 4913
903 790 665 2372 5179
997 841 666 2506 6595
578 719 877 2224 5228
779 882 998 2743 1488
867 585 716 2309 6343
794 832 963 2675 2540
525 844 513 2046 7107
933 696 985 2689 2592
633 984 881 2574 1893
