100
321 844 401 169 513
502 504 359 118 165
253 177 387 75 3743
205 717 566 177 7996
21 813 994 14 471
490 710 1 1 7996
394 967 149 113 5585
78 622 958 47 2729
107 535 666 80 5598
498 533 829 6 5688
932 900 22 20 6962
952 87 497 39 7278
294 39 40 24 6764
922 959 858 276 3140
603 370 152 11 1910
909 381 546 65 2364
923 99 165 31 394
274 80 961 2 2722
582 28 15 14 4399
569 479 870 10 3796
152 301 202 16 6966
194 319 617 81 6943
81 598 244 61 1758
809 851 760 363 1559
264 708 913 204 4454
956 242 391 926 2631
950 369 869 961 6847
76 349 723 760 2868
870 615 65 863 4204
760 313 425 861 215
169 380 352 872 657
210 251 769 892 6745
267 169 423 886 4879
725 186 310 878 7794
287 690 420 635 5205
852 414 837 866 1367
398 530 900 966 2417
7 736 918 918 5172
64 598 392 600 1886
654 601 882 973 3899
403 724 163 289 6082
791 955 720 963 5636
67 64 220 356 1159
772 28 304 827 8076
788 774 543 612 3620
254 162 54 220 8139
875 796 787 945 864
550 119 329 988 4340
86 105 529 554 165
95 894 149 161 6244
495 461 897 934 7708
460 527 713 763 1036
198 828 590 839 5742
651 7 89 728 548
814 454 388 558 7906
958 109 256 976 7674
760 680 804 885 7848
220 846 679 809 164
747 556 684 719 2152
175 712 542 951 869
885 507 55 833 7456
93 567 770 955 5266
622 918 74 786 3448
160 127 823 862 7970
235 880 488 898 8016
109 449 661 888 4528
782 613 293 662 1535
298 923 732 811 8004
581 8 919 965 5776
515 695 733 919 679
608 511 584 987 2642
165 535 399 545 6976
684 750 692 730 5997
740 132 37 257 2197
500 885 531 888 3956
935 918 627 2506 4786
799 955 641 2536 4259
949 988 836 2838 5740
776 732 856 2391 761
800 789 778 2368 7162
753 970 541 2364 565
790 805 976 2658 3762
825 540 600 1995 6087
525 626 872 2132 6640
649 729 778 2195 7450
545 771 646 1982 4172
765 520 902 2378 2906
515 799 698 2014 620
825 621 945 2500 5173
862 651 975 2525 2379
585 662 750 2065 3721
689 561 612 1866 6241
905 512 883 2414 3700
713 915 589 2347 6356
554 813 875 2245 6084
653 896 638 2224 732
725 524 994 2448 6306
607 891 581 2218 4099
793 898 632 2323 2627
646 759 870 2297 1154
