400
13 583 715 6 386
538 523 630 511 5278
650 838 994 271 3190
920 673 375 270 625
410 813 662 258 3572
338 621 880 36 806
52 203 634 19 5525
901 446 268 13 5278
930 36 915 3 4275
921 914 261 175 5956
231 484 603 51 1790
8 708 70 1 120
809 769 827 129 5905
13 868 192 1 4635
334 1000 172 7 5774
186 924 610 11 3973
998 147 652 137 5781
407 759 8 6 5078
225 295 176 115 3663
811 152 17 17 4118
225 204 628 5 4856
384 335 872 117 2098
852 246 177 56 4468
600 736 932 13 2019
882 558 208 104 3195
520 923 324 235 1509
183 255 53 7 3685
484 155 659 120 4571
596 582 906 347 6916
540 371 100 79 339
126 751 556 76 6652
259 935 594 56 5679
942 475 649 262 1026
70 722 381 34 4101
953 455 911 263 5636
143 358 552 48 6932
356 15 408 3 2738
534 833 846 442 5852
16 583 802 2 3404
889 380 254 109 928
39 831 17 1 7246
454 531 128 117 752
604 549 308 241 720
691 458 619 375 7121
993 650 58 30 726
752 328 273 39 4702
668 838 192 136 6377
336 93 575 18 1185
864 81 163 56 1645
315 675 911 182 1835
179 664 120 5 2353
480 487 829 9 387
276 686 659 44 555
878 925 700 607 2956
764 178 716 169 2602
780 668 161 108 2126
567 40 663 22 1370
711 280 84 70 2097
431 121 177 61 5760
914 634 890 240 3699
961 799 546 156 5539
886 226 380 50 6189
736 894 94 77 5827
651 878 817 510 6978
249 826 776 133 7015
270 236 718 82 4888
925 539 198 168 6997
325 573 52 34 1402
681 497 359 229 3020
101 215 353 38 3461
680 92 610 27 5481
389 936 550 262 4142
723 893 294 211 1577
617 615 625 603 4485
383 620 920 326 1003
765 461 379 209 6722
692 187 438 48 7012
230 165 143 6 859
411 574 955 181 2567
212 45 594 11 4036
417 127 860 59 2119
665 86 568 32 7121
527 483 492 20 3576
474 121 673 58 3751
713 872 676 359 6062
938 18 585 2 1412
554 277 466 31 4962
119 341 943 114 3053
652 844 333 30 3496
331 270 583 77 6963
716 103 698 39 1860
705 316 883 118 3738
318 510 825 10 5761
522 452 651 163 2158
777 684 507 119 655
704 717 857 203 684
879 413 962 382 7300
997 337 532 287 844
913 400 313 27 4952
440 946 167 6 3591
124 278 473 717 159
774 651 771 891 3358
130 626 437 886 4622
740 864 550 561 1641
507 398 300 320 6290
909 682 301 929 2219
827 162 239 515 6450
582 459 631 748 2869
899 889 960 980 395
356 691 327 648 5531
257 100 340 959 586
810 464 283 634 965
195 336 80 226 4950
222 349 678 893 1086
417 975 489 932 5492
435 476 578 639 1425
269 197 838 968 626
534 476 898 927 532
675 719 392 567 4717
382 754 692 837 4767
832 1 19 894 5961
101 108 760 904 4099
50 583 721 743 1221
351 945 43 856 1579
456 513 793 997 5521
929 557 737 794 7184
575 583 519 826 6834
361 14 96 691 789
8 242 847 975 3697
915 430 281 363 2318
886 105 100 349 1284
159 865 399 666 2731
152 108 308 367 3596
587 853 883 883 6409
435 330 690 774 2922
841 998 173 252 1647
490 450 59 961 6677
272 277 802 920 4599
185 587 943 951 193
387 865 867 884 4124
105 817 206 510 6267
330 91 905 977 836
626 753 985 997 6368
731 88 763 964 1094
248 785 671 958 1928
826 132 769 811 460
166 809 622 651 6427
895 614 506 731 7429
534 114 114 492 4808
644 788 376 467 6361
62 797 848 995 3698
118 54 333 779 6227
4 703 622 792 5578
107 305 59 370 6631
899 571 833 860 76
922 122 74 505 2413
125 140 544 576 4499
602 226 121 281 5232
604 729 581 596 5209
637 973 260 390 4495
362 93 877 917 1196
121 961 694 919 2951
324 515 484 701 2002
151 778 684 942 6946
914 952 240 677 5558
54 788 182 244 7373
762 108 28 289 7003
455 424 651 887 1508
709 49 345 362 4034
592 611 37 155 4127
550 69 595 874 2956
314 350 807 930 93
748 762 102 325 3590
529 173 631 941 410
732 275 626 892 618
729 179 221 922 7237
693 966 831 968 3504
640 169 490 976 1108
836 127 488 956 6894
228 248 936 939 5455
33 701 728 810 2824
519 808 590 886 3527
402 266 329 992 3796
813 722 796 951 6087
84 226 896 972 5878
51 647 109 383 530
738 506 730 743 3732
733 517 639 990 3545
758 385 123 574 5704
984 873 897 923 5427
646 630 957 985 2340
191 999 919 969 6449
397 443 50 343 6733
624 412 420 791 5149
143 2 822 993 6298
485 596 560 869 5076
946 74 312 649 5210
215 109 610 766 6159
137 707 963 963 4798
375 901 366 788 598
845 187 181 669 4806
908 120 235 900 5197
137 718 808 889 6295
311 423 894 958 1728
571 777 542 777 208
980 457 321 644 563
73 455 169 393 3792
28 306 270 869 395
48 544 266 490 661
945 588 506 980 4074
106 893 38 230 7378
484 150 208 540 4024
354 615 303 634 197
31 364 51 543 850
578 977 575 601 5068
668 204 77 771 3107
424 384 918 980 3672
421 82 382 553 5111
908 865 52 915 1167
808 284 344 395 1088
166 297 379 817 2642
784 42 591 702 5497
657 871 383 990 3112
938 207 786 943 5327
481 5 654 874 3349
970 837 69 992 2677
246 717 114 883 780
380 761 203 654 1658
322 450 245 876 4896
874 637 874 989 6233
626 803 23 299 2299
268 606 668 872 6593
127 580 58 486 3274
420 913 788 973 3437
731 43 650 734 7452
611 643 842 874 646
411 879 102 175 1862
333 337 765 893 2857
940 478 773 795 7296
691 298 343 965 5072
927 194 274 952 3421
449 25 615 899 7404
40 685 861 970 4290
11 593 680 989 6776
628 18 551 841 5420
123 668 628 690 5205
356 301 576 783 4897
84 220 917 961 4016
671 291 909 919 7151
848 827 180 865 3041
16 164 447 797 5350
329 536 769 821 7121
999 614 825 984 2343
611 85 914 946 1009
382 169 299 589 5066
524 847 340 500 5792
986 510 628 987 4680
581 354 350 664 851
980 436 281 714 4300
67 12 716 930 3905
599 830 472 998 3758
649 571 298 370 615
783 68 598 799 6304
637 15 275 884 3313
47 651 878 903 4786
544 316 312 859 2022
591 498 735 859 4659
581 174 460 614 7144
572 60 944 978 514
763 853 991 992 5631
405 177 929 938 2233
204 345 281 855 6034
370 893 578 757 4692
293 103 236 540 3765
432 398 394 671 3174
3 122 39 86 2056
402 811 598 909 6845
569 994 756 823 7372
444 160 516 798 2684
95 400 418 899 501
718 415 705 942 4222
695 796 394 810 5892
345 243 500 631 5818
771 359 659 697 7025
29 922 920 947 6837
12 323 592 982 3268
829 29 576 947 3035
131 500 91 410 5016
309 523 689 719 6697
2 473 537 610 6074
562 80 722 887 2842
213 658 38 589 2165
714 919 940 970 4382
713 908 919 924 187
272 568 32 658 2894
550 298 988 991 4960
689 893 164 888 6066
371 162 87 674 380
222 464 341 918 635
136 284 514 1000 7191
913 672 614 2223 1206
724 784 742 2275 6664
614 503 628 1794 7406
718 724 736 2187 343
529 608 621 1795 4171
505 969 603 2103 1829
590 509 938 2175 6077
888 747 858 2563 1760
917 981 653 2651 6256
515 845 958 2444 2262
566 809 649 2070 7420
760 587 646 2018 6181
662 825 748 2263 6368
970 799 574 2408 3890
850 683 597 2215 386
590 608 934 2187 5847
856 999 690 2631 4529
876 987 527 2408 2054
688 948 536 2304 2187
833 545 751 2158 7424
871 505 861 2407 6560
569 841 890 2370 3432
874 734 855 2470 7261
914 911 999 2851 6893
942 965 935 2857 3998
905 542 887 2435 7046
721 813 754 2293 6137
693 746 615 2090 360
788 514 975 2278 481
954 874 867 2731 6426
563 824 691 2107 6805
801 749 788 2349 4016
786 631 757 2222 234
654 513 919 2225 1001
977 640 824 2483 1203
558 706 700 2037 4505
534 915 653 2146 6536
910 909 855 2704 6090
889 972 922 2804 3124
735 724 541 2078 928
764 648 819 2274 4535
664 759 530 2044 1710
630 547 896 2140 6905
516 928 643 2245 144
580 717 690 2028 947
614 755 525 1976 337
709 901 788 2474 6068
712 620 948 2338 6508
972 552 530 2142 5545
641 638 902 2292 1902
580 836 810 2227 4560
562 620 701 1909 1770
799 846 710 2411 5944
607 869 685 2293 1664
834 822 632 2293 4210
809 752 661 2239 3131
667 848 883 2505 2828
684 792 826 2348 802
803 743 529 2110 4452
531 622 844 2058 3537
504 795 730 2115 5991
895 506 866 2407 343
772 719 761 2266 446
854 976 716 2657 1097
651 876 507 2071 4803
621 585 944 2334 3665
507 562 882 2138 1012
947 920 874 2766 6497
978 658 592 2342 3156
933 692 515 2200 1958
667 850 944 2524 2090
760 693 793 2285 1730
979 954 674 2642 7059
817 620 965 2561 6680
915 866 546 2400 5394
797 745 707 2260 4498
870 955 671 2580 3925
760 994 654 2546 2425
604 824 800 2318 5863
771 571 787 2156 1033
626 642 618 1887 3586
943 664 575 2363 308
807 778 594 2202 4722
957 983 609 2574 6469
873 909 831 2647 5987
695 904 726 2421 1941
878 619 858 2427 1946
995 570 574 2355 3516
864 789 556 2316 5217
777 504 970 2401 4714
758 811 830 2420 6857
774 689 687 2190 2862
739 501 544 1878 3134
559 993 680 2272 7092
696 855 615 2258 1596
535 510 816 2017 1590
603 583 526 1743 6017
905 745 561 2213 4032
845 764 738 2355 5391
982 753 755 2618 4845
