500
121 377 513 28 5372
463 304 79 28 4277
352 844 172 113 6081
388 963 585 13 6764
401 475 35 25 1161
346 690 792 227 3989
294 941 616 214 74
606 436 835 129 7211
95 803 40 3 1394
925 222 124 66 1066
223 234 438 180 4938
452 454 364 107 6973
824 47 77 5 1321
32 963 169 14 6886
784 36 203 27 3555
687 829 992 100 6768
353 50 870 46 1886
675 631 976 122 2359
177 138 577 58 6846
75 844 331 18 3772
49 706 268 48 6487
629 333 845 218 4428
653 304 161 15 3157
219 177 574 2 2086
356 39 288 38 3762
773 71 158 40 6405
975 835 615 10 2334
509 189 29 19 6552
955 558 926 254 2980
866 849 671 137 1519
898 621 254 59 6272
231 695 235 123 6121
615 320 552 101 5062
17 518 200 16 3820
470 942 522 289 1087
177 335 922 17 1971
342 780 643 185 1585
539 482 556 478 4646
778 909 181 120 2628
499 704 623 432 2506
692 518 181 26 1406
506 353 660 174 5481
5 174 732 4 1697
352 746 140 85 4805
592 692 232 145 3512
546 385 857 130 958
704 500 148 138 7360
167 376 162 97 5559
158 790 582 34 644
703 188 275 38 135
979 810 481 359 6092
610 104 16 5 2150
882 709 342 36 4443
431 170 19 16 460
992 971 384 178 3262
395 463 832 373 5888
959 557 717 28 3508
2 400 552 1 7077
651 201 680 18 4575
487 348 692 283 1713
878 889 90 17 2485
808 561 274 15 4023
160 891 643 24 5438
625 669 91 32 925
424 403 403 191 601
395 438 337 237 2744
748 695 569 57 4239
973 479 697 459 3464
407 544 38 34 1452
768 194 752 165 5793
713 359 430 123 6374
916 178 85 46 5519
442 496 513 93 4877
583 814 601 471 5764
938 87 351 63 4208
783 866 506 353 4043
653 3 361 3 1428
129 328 125 78 302
709 94 420 85 2355
458 626 375 267 4353
994 725 732 62 1890
241 759 673 112 4884
914 31 899 19 3702
461 235 74 41 7362
797 116 492 94 2205
26 574 118 2 7104
553 101 997 2 5556
305 286 934 90 5410
563 396 59 15 3628
92 36 11 7 3187
568 281 206 127 2816
392 468 815 191 2542
3 79 622 1 6558
312 805 138 93 1612
368 383 394 349 4362
619 334 724 330 4874
576 55 76 49 457
255 632 812 166 6081
661 678 715 123 2714
683 468 952 199 4203
374 128 923 128 1158
182 818 217 16 5050
342 17 850 4 2142
879 677 145 21 2693
786 174 94 77 6280
677 531 823 269 4441
838 706 588 289 5557
279 115 210 11 1814
771 334 985 166 4439
59 522 404 9 6121
823 406 470 68 3081
901 512 544 108 533
717 833 940 223 4099
291 406 448 81 5964
789 970 554 418 511
63 505 141 20 3190
221 535 718 62 6619
180 838 602 170 7463
810 323 861 145 4788
718 774 459 97 3346
513 702 110 28 4200
79 152 754 2 2731
315 972 715 142 4768
538 356 230 163 7000
181 713 906 165 1110
524 194 498 759 2271
330 115 152 912 6987
537 318 170 760 6721
525 789 314 577 3722
318 533 43 492 6353
466 123 176 621 828
773 843 696 869 3222
911 233 355 596 7444
913 779 47 593 760
744 886 868 985 651
308 293 184 200 38
823 161 65 405 6116
922 199 335 609 3454
128 342 762 888 4028
407 319 190 293 4723
872 416 911 997 5341
266 522 208 900 4819
553 909 800 852 263
672 402 72 946 4569
838 223 465 791 4390
3 8 894 991 4967
815 837 723 821 731
516 575 160 457 4428
735 521 372 507 2515
809 390 206 291 2666
713 636 400 986 3801
825 229 44 586 2233
585 411 855 996 7038
258 447 497 754 2946
543 931 389 893 7450
698 911 927 992 699
777 189 795 901 4790
191 184 87 438 2660
480 8 120 791 1334
455 904 475 674 4214
682 446 881 924 4843
677 25 903 932 3862
260 908 882 911 1052
201 747 50 339 4894
896 955 897 979 2750
264 99 225 650 5018
268 985 511 641 5809
95 372 939 962 4909
35 22 477 606 5646
623 999 114 587 1356
268 481 307 554 2430
411 302 649 699 2729
67 765 344 672 1900
994 376 66 961 4550
36 629 651 880 6770
727 621 436 584 6079
790 221 425 466 3446
49 413 426 471 110
325 879 355 376 2514
317 328 617 899 5534
632 160 194 617 4217
424 866 141 552 5102
316 953 60 996 4046
939 565 900 984 364
115 52 865 904 4714
141 686 873 918 4348
908 573 422 578 1793
159 314 151 723 5435
44 679 749 957 3996
207 440 351 523 5286
762 150 934 994 2494
898 804 462 536 4592
647 964 243 728 2659
597 904 913 938 2048
179 453 51 602 1441
769 586 933 982 1975
947 783 484 893 696
909 161 840 944 6758
647 307 214 402 3052
441 689 37 258 1021
567 825 739 771 6917
155 696 686 859 5202
377 789 213 778 4129
568 748 48 205 1494
637 865 463 797 4478
237 94 996 997 4037
893 162 907 934 3443
634 873 625 776 4159
656 467 122 328 1580
548 203 983 994 3810
727 954 205 831 6420
331 521 73 299 2262
200 592 746 902 6105
978 111 864 980 215
983 660 581 638 1101
167 121 759 836 7194
305 368 146 646 2234
203 203 48 773 102
187 10 406 617 7487
141 969 909 953 6559
653 307 159 894 6843
904 452 446 450 7267
679 26 425 759 718
389 99 356 426 1070
498 263 439 757 6397
371 695 641 648 5088
149 482 472 567 2609
990 632 500 610 7312
369 194 781 869 6836
910 116 193 829 2067
646 678 665 998 403
830 494 309 857 1863
947 226 977 991 2348
673 907 208 406 6051
360 132 504 684 4127
328 106 116 812 3463
133 649 962 996 1833
746 445 51 545 6235
413 507 338 487 2822
389 670 465 701 5308
704 717 125 485 5384
441 782 661 882 4989
452 69 440 845 3320
935 232 401 665 4178
942 797 298 598 998
983 179 711 981 1066
434 420 857 881 5487
848 25 101 899 233
616 786 605 738 1253
449 648 256 449 4160
838 915 578 931 6286
313 186 843 949 3476
643 517 15 137 6575
75 289 759 986 4122
578 705 703 1000 486
85 985 8 324 2742
832 562 371 705 6472
254 805 79 502 279
961 648 454 735 7344
92 686 478 967 1399
248 454 965 992 187
986 697 562 640 7418
595 66 1000 1000 938
80 405 525 885 2125
419 533 464 905 4572
625 40 167 452 5850
146 545 556 708 6672
136 815 720 784 27
269 447 492 976 5345
356 441 44 982 5739
470 192 566 747 5951
678 235 67 802 2666
215 321 684 721 6089
299 348 72 722 6367
363 306 2 750 16
41 96 728 940 5263
413 479 948 991 4312
602 377 154 240 7244
11 284 949 949 3828
401 568 160 168 6607
114 758 551 728 7471
673 326 634 646 5715
575 997 844 964 4025
971 959 713 791 7124
642 559 80 710 7341
597 577 726 990 1614
305 271 906 978 6237
884 369 811 935 6824
960 902 335 399 1886
817 975 439 795 5588
951 910 316 476 1859
260 781 892 905 4173
38 797 712 895 4699
115 311 157 935 1150
192 551 677 695 1910
748 954 835 855 3873
319 484 582 959 5675
690 402 758 843 556
299 675 78 89 3691
122 222 902 980 5441
30 55 484 659 4864
880 13 681 999 1610
620 63 909 974 1772
568 619 786 943 6492
129 87 838 965 3611
914 526 755 960 37
6 124 876 900 1023
520 580 314 491 3967
801 332 842 966 3004
776 859 955 986 6940
641 292 53 517 696
346 248 983 998 957
108 682 159 954 6899
463 632 822 970 2458
511 537 342 620 6708
452 623 379 835 4117
119 162 474 594 1638
15 703 862 973 2364
629 422 546 599 1504
661 555 910 963 908
604 925 528 946 1498
173 60 819 883 3410
923 770 738 924 7096
920 104 738 874 6238
694 227 93 727 2588
366 390 918 972 3103
930 996 731 966 2371
363 901 380 491 7489
947 492 154 681 225
356 427 145 422 7468
413 570 768 806 259
832 550 381 850 6639
833 242 215 477 1197
689 945 518 785 1237
835 255 739 917 4158
140 698 671 908 3071
664 531 996 999 7110
187 895 483 945 4991
882 495 824 936 444
275 12 953 985 6547
496 448 524 945 2759
42 867 321 705 403
53 915 680 908 5870
981 747 228 388 737
756 818 513 731 4172
777 992 326 831 4582
304 660 56 391 1562
167 413 981 984 179
173 803 6 541 5494
440 963 499 582 930
179 615 978 978 187
734 879 44 706 1100
948 7 730 941 1782
707 659 737 958 1979
65 391 17 361 7353
947 375 611 890 1892
60 778 709 877 787
863 241 672 701 626
602 546 121 384 6905
223 347 86 937 4068
957 102 526 891 6644
178 70 967 970 3110
748 626 823 855 435
891 904 295 372 2367
145 616 410 846 1275
936 852 177 591 6658
153 482 580 776 6592
24 738 660 834 1278
401 902 755 906 3457
613 951 519 529 6739
158 972 545 864 6511
633 92 483 531 4773
197 755 716 858 976
631 452 967 1000 2963
189 592 814 972 4842
652 629 627 1917 3946
931 937 975 2858 5676
979 678 755 2529 4136
617 979 858 2459 2404
882 699 845 2492 6386
731 681 961 2373 1219
587 688 807 2111 4161
957 900 996 2893 6632
947 850 929 2764 6200
1000 772 751 2564 6405
872 740 694 2308 7153
732 778 747 2259 5505
924 884 616 2554 4741
884 684 651 2286 5669
645 892 762 2350 2122
518 607 812 1983 1106
559 702 501 1772 178
828 746 941 2539 7027
746 858 651 2312 4808
803 643 855 2363 4521
861 752 969 2631 5988
528 542 885 1971 2557
782 571 865 2267 5184
682 983 876 2569 6092
779 835 712 2348 1203
677 947 708 2438 299
520 523 830 1975 6142
725 535 602 1912 91
601 648 693 1974 758
530 703 988 2344 2074
718 955 719 2449 4089
594 796 617 2084 1125
979 866 749 2636 201
950 959 984 2895 6014
840 601 506 1992 3142
850 713 794 2360 1513
680 553 789 2047 295
795 504 529 1890 6438
567 841 999 2571 3366
533 563 716 1901 4460
578 573 885 2073 6562
911 538 609 2195 6929
577 645 814 2108 4852
974 923 758 2719 5906
553 754 686 2094 6204
555 519 731 1899 2928
597 606 799 2074 1376
797 933 972 2756 5390
863 558 873 2319 3084
501 721 658 1887 1542
663 595 894 2265 5589
804 962 836 2634 3084
560 718 754 2108 5560
737 854 679 2327 2607
787 935 556 2424 2722
724 704 869 2352 891
646 665 535 1852 2324
865 831 873 2581 4595
772 528 554 1965 6581
898 667 917 2488 3728
721 897 980 2629 2296
678 614 855 2178 4468
883 697 566 2149 4054
619 530 730 1907 1186
627 731 940 2299 3842
800 877 866 2572 1611
587 936 666 2277 6324
562 927 919 2506 7486
566 696 907 2183 1236
537 677 988 2260 3166
743 579 654 2040 4300
635 838 659 2206 7080
543 505 766 1954 4550
686 835 843 2397 6934
568 622 641 1865 2312
945 632 976 2707 823
817 901 753 2538 5380
815 560 981 2524 280
859 779 551 2259 1437
885 688 973 2624 3152
847 604 640 2157 2073
714 815 856 2405 951
663 813 655 2203 5420
668 719 589 2009 5124
623 991 648 2456 2311
965 573 531 2224 6203
974 835 965 2849 5411
581 558 953 2129 3005
949 517 581 2206 595
773 843 946 2564 6429
984 984 787 2808 1060
922 819 891 2680 1973
952 939 539 2504 7218
632 515 756 2007 7461
557 876 572 2101 1668
970 868 913 2775 7474
721 835 761 2365 453
587 783 891 2403 3243
602 642 1000 2272 6723
770 942 612 2333 4766
551 591 552 1714 1982
561 607 981 2236 7230
670 806 744 2254 6143
863 925 524 2461 6823
655 526 716 1966 7384
582 573 951 2118 3076
726 816 745 2334 6505
938 870 657 2546 7458
572 548 982 2157 1897
584 698 827 2160 4485
912 701 920 2559 2292
603 608 568 1787 872
575 794 641 2107 1456
905 706 507 2154 4642
963 693 687 2395 5018
698 966 689 2356 7494
859 515 802 2300 712
567 933 892 2452 7008
711 664 862 2261 2479
720 858 597 2304 1244
634 706 963 2306 1972
871 537 805 2360 3926
883 836 814 2560 5713
618 511 999 2234 1607
814 995 908 2743 3073
