50
526 57 101 9 2199
622 624 675 601 1502
513 870 735 456 664
914 861 814 289 2908
11 757 694 2 6094
746 371 338 305 5353
409 517 202 96 1402
679 749 766 340 884
698 323 179 12 2576
656 150 791 71 494
92 171 399 28 914
981 627 996 589 7159
704 832 315 795 626
328 58 423 743 5498
653 621 201 647 2534
706 632 626 868 1615
258 55 479 986 3278
296 388 35 592 2254
886 454 914 940 1470
309 151 467 833 4455
617 819 700 938 3538
312 317 939 984 127
366 383 720 877 7740
320 851 224 787 1379
394 76 124 666 6659
208 358 684 761 7295
634 33 493 537 1392
826 842 49 229 5094
651 8 224 610 2526
372 994 404 628 5843
344 354 745 836 7685
451 632 946 998 3967
899 373 737 930 1748
11 485 784 903 218
766 261 179 420 2244
451 997 212 878 4978
279 749 836 983 411
916 514 682 2297 5047
534 700 587 1833 7452
682 903 692 2394 5180
592 731 875 2321 5469
744 706 591 2068 7510
899 741 646 2382 1264
592 855 899 2494 5645
744 755 565 2138 5792
553 593 843 2007 4682
687 702 710 2110 1247
832 694 783 2316 2848
655 815 697 2171 2942
757 649 823 2245 1166
