350
64 492 509 10 5832
512 236 310 226 7150
469 481 240 36 179
658 618 633 294 5305
901 455 309 293 6868
444 730 952 18 6293
137 82 428 46 4892
910 82 319 52 3997
763 878 304 83 1107
805 45 734 28 4440
640 592 81 32 2395
956 983 194 70 3714
160 572 552 133 568
286 685 740 80 1651
167 727 974 32 2968
755 386 734 268 3156
870 580 814 402 4324
910 593 489 18 6303
821 358 131 47 3004
833 839 84 21 6640
370 218 7 1 3899
919 906 798 395 36
273 569 292 199 1252
901 718 587 64 2554
147 624 459 134 6235
890 279 559 260 3964
307 625 855 46 804
452 735 602 7 7129
90 167 703 48 6059
376 946 341 217 965
434 882 127 112 6533
767 501 295 174 188
1 654 179 1 7366
601 994 771 510 550
3 287 256 3 1011
767 592 702 547 4201
809 37 834 20 5648
932 882 710 489 2611
764 833 256 192 2672
124 19 778 12 4133
498 535 965 490 1632
413 502 564 137 1679
895 459 806 307 2896
303 146 942 100 6785
9 114 828 4 3844
150 518 758 125 1226
421 111 444 104 2552
977 956 507 277 2227
959 204 781 165 4086
475 758 886 111 2140
768 384 211 22 874
678 217 114 10 4970
297 472 193 60 5094
816 495 505 96 3859
763 527 811 318 4550
340 269 778 217 3053
175 927 669 148 4751
487 317 736 180 7349
533 716 405 291 2742
841 794 206 75 4809
938 643 416 402 6719
72 34 986 2 7780
381 967 346 279 129
913 342 143 38 7211
933 739 268 66 5655
519 277 770 135 1777
549 548 74 65 7269
310 224 370 149 7024
716 637 400 355 6495
111 700 195 50 4662
138 663 736 104 2820
285 556 69 38 7298
720 277 647 260 4562
282 37 693 3 2008
309 249 941 113 5758
869 823 587 464 4437
680 708 81 52 1844
638 793 542 266 7188
929 155 543 72 1546
58 622 63 2 7520
750 1000 454 410 2656
711 413 368 41 7593
138 739 729 32 3214
481 653 141 13 6461
814 15 212 10 762
829 831 83 29 4256
721 55 927 29 3304
282 575 711 834 5288
211 107 355 659 3322
124 590 136 938 6827
925 895 136 885 1761
682 13 655 917 2913
368 625 715 898 1493
98 813 563 659 5732
268 109 675 706 1862
187 643 324 395 5300
299 292 555 991 903
442 760 858 876 3666
365 856 401 564 35
83 930 460 774 5747
900 434 897 902 6162
661 53 197 218 6404
466 551 754 807 5359
985 788 161 265 3496
30 737 183 859 2421
588 384 78 586 5034
543 290 637 723 7841
756 800 324 660 2824
170 988 891 966 6510
189 374 364 484 5553
503 548 149 758 4118
873 807 449 765 3490
407 526 686 732 4500
224 536 926 963 4722
398 423 69 232 3973
295 292 68 879 3976
360 113 334 996 4159
719 440 555 729 3783
244 821 448 766 4804
327 517 690 780 1894
459 164 698 873 637
51 20 511 692 7178
66 132 927 993 578
79 61 649 909 820
235 361 696 742 7341
162 421 845 881 2829
504 796 354 624 3059
330 257 646 678 4555
889 934 849 971 3958
103 279 696 823 724
375 354 479 742 6073
304 629 163 500 4159
724 183 543 910 409
380 231 949 993 4838
705 11 81 854 4838
335 615 182 288 3070
107 532 970 998 4126
783 324 918 937 4769
18 93 925 934 7523
954 757 357 944 5384
65 657 111 995 3101
66 71 508 772 1661
3 267 174 366 2497
339 618 965 972 5594
443 45 271 736 3907
940 843 394 838 1195
386 301 631 995 5310
357 126 779 993 1099
179 39 263 347 7155
948 402 584 978 728
506 387 727 904 3579
323 366 918 920 298
335 114 334 939 7036
905 94 917 935 5674
397 810 874 888 4028
756 799 290 683 1013
819 429 918 982 7643
798 547 952 968 512
758 542 478 486 3934
810 722 860 938 3904
990 85 736 919 2775
69 82 864 927 1132
62 503 245 279 7722
857 582 560 805 3651
527 970 530 984 1188
737 582 971 994 3352
495 214 403 661 4806
609 811 539 947 2811
643 196 181 783 3355
951 100 986 995 5097
691 945 619 664 1633
544 949 535 811 2188
651 20 371 966 6315
453 627 79 897 5759
710 700 59 842 5794
197 533 350 510 1274
405 548 396 847 4419
83 855 236 476 752
18 335 831 931 5368
70 742 844 894 6126
524 380 786 956 5094
204 677 618 765 3105
269 448 491 730 3804
519 698 167 203 5895
99 649 301 810 5608
163 928 277 378 5253
462 558 667 693 1640
103 458 708 912 7295
890 544 456 840 6374
398 734 42 552 7447
140 98 465 747 5669
579 178 920 955 3730
449 398 740 927 909
319 142 925 976 5648
889 562 214 281 2690
407 353 519 614 7135
659 798 836 952 3049
164 448 568 656 482
601 832 111 180 642
988 974 678 771 4972
239 59 522 977 4942
325 801 483 603 6318
589 379 969 996 1867
299 646 983 993 5054
811 367 792 902 4767
409 91 208 780 5956
244 962 460 610 1402
536 693 764 825 7508
664 518 407 434 2033
532 65 740 975 2326
722 738 227 621 5000
711 800 750 763 6685
467 918 267 789 328
141 855 257 675 3008
413 249 613 893 6325
82 667 964 972 5229
317 489 366 784 1276
725 807 132 198 83
533 613 313 410 1978
903 529 805 900 2725
190 145 632 952 1452
846 202 233 642 5020
534 206 623 741 5422
372 386 41 753 2995
209 1 342 343 7042
845 374 870 947 2578
601 99 643 908 168
963 17 162 248 296
68 978 294 304 2899
4 49 965 979 3444
115 952 300 847 6200
28 749 667 744 3419
765 548 890 957 6798
943 376 123 699 1030
548 460 939 948 4989
732 577 909 973 2134
856 100 385 439 5734
310 33 550 969 3451
115 717 772 978 5133
296 804 269 402 6656
217 731 79 598 4334
73 126 676 850 5527
448 875 61 938 1982
266 316 803 820 2089
517 283 345 352 7406
286 2 956 959 6984
965 984 760 933 701
789 876 303 471 3493
506 62 730 999 7018
64 619 719 955 2676
22 716 53 881 7597
377 1000 759 879 7811
958 586 648 858 211
696 258 533 915 4525
151 749 942 983 571
72 398 172 783 3783
246 852 546 925 1303
286 65 547 834 1799
763 857 536 866 4821
188 888 900 940 4520
511 620 562 656 7223
757 452 550 697 5792
974 833 611 2535 5690
827 942 662 2502 5498
818 505 502 1924 4792
695 731 753 2193 2058
956 667 984 2740 5254
629 948 771 2451 5832
604 826 558 2054 6333
629 864 779 2314 2786
547 767 902 2344 993
967 562 587 2256 1509
924 518 829 2323 4528
713 811 905 2486 5468
908 994 755 2708 1114
841 719 696 2297 5008
645 776 770 2211 2809
770 706 539 2065 2043
841 908 904 2672 7765
733 582 922 2264 1423
612 520 674 1847 5003
744 632 607 2029 2804
984 842 791 2688 6997
586 722 861 2263 4904
902 552 674 2201 7751
979 648 544 2248 7493
705 512 930 2290 1731
960 767 942 2716 1678
923 977 798 2779 5022
753 761 739 2263 1919
928 848 769 2587 7865
570 774 881 2307 7059
790 943 761 2503 4577
667 703 967 2369 2170
845 968 610 2460 4709
865 948 899 2749 6376
640 622 717 2003 6156
910 767 746 2439 1182
504 646 935 2118 1408
569 768 755 2118 3756
965 635 716 2423 7311
862 775 610 2357 5080
646 589 941 2314 2177
579 680 949 2347 4863
659 844 785 2333 5957
802 624 713 2142 376
520 541 636 1739 5638
901 564 539 2028 4380
520 999 779 2530 4322
753 656 774 2237 2107
612 635 637 1896 2344
899 516 852 2396 4955
509 865 929 2331 356
849 560 974 2393 1471
766 771 672 2232 4656
586 996 594 2254 5863
651 831 785 2284 4473
875 806 963 2673 2101
943 844 839 2679 3133
798 932 605 2436 1210
869 528 776 2241 2556
743 646 572 1975 2164
660 945 617 2386 7520
662 850 611 2196 1685
934 613 674 2327 4031
949 615 951 2602 2262
575 876 627 2230 372
922 622 756 2401 650
974 728 503 2398 4593
778 618 724 2133 4683
899 553 607 2243 7718
883 563 585 2184 4947
811 618 849 2360 3483
871 674 803 2350 1391
501 560 696 1778 1325
583 730 837 2172 4950
850 888 532 2312 1710
689 912 572 2344 2149
705 843 661 2278 4219
985 761 853 2609 4029
825 831 613 2352 2933
886 793 969 2710 3357
672 804 576 2122 145
844 568 746 2227 6447
556 822 511 2002 3308
634 861 672 2239 3457
626 880 976 2643 1384
894 917 837 2666 1464
956 679 713 2490 205
697 726 875 2373 5660
