300
847 107 178 26 7371
421 795 568 392 6725
470 838 649 374 572
658 948 775 117 694
371 134 639 7 5021
576 210 968 85 6391
334 2 238 1 1048
278 771 857 199 1275
366 975 498 242 7174
983 394 851 15 3042
705 198 120 70 3535
448 537 451 328 4282
432 917 14 1 6180
56 992 465 12 1762
676 175 152 65 3576
806 479 460 154 6975
271 457 826 269 5583
250 132 904 90 6419
659 68 22 14 773
899 852 765 59 5842
348 74 933 20 467
141 716 85 77 5555
531 319 536 128 3291
373 567 948 73 7519
247 910 610 13 7231
251 428 886 166 3091
828 820 65 15 2194
187 173 809 67 2674
538 343 466 178 2657
583 261 551 3 1190
97 575 237 88 7486
630 615 219 141 1275
660 482 39 39 1330
109 249 186 29 1654
200 83 140 24 5654
239 71 520 26 3431
39 543 6 6 2351
250 178 841 27 4555
39 587 670 8 2414
372 744 976 25 931
131 997 162 130 4097
433 244 656 85 6840
984 368 960 305 2826
944 395 482 187 3458
776 510 202 36 3694
324 502 964 83 4434
297 834 969 104 3830
215 807 183 147 5432
197 21 571 15 5748
241 855 921 212 3735
593 666 898 383 7125
94 345 175 81 1354
272 965 49 33 897
579 389 849 56 4171
339 514 32 4 5782
275 395 832 233 4853
763 702 876 319 5472
121 546 412 68 1744
943 262 980 198 1588
558 50 713 48 7119
269 454 330 56 2164
691 135 486 67 4579
560 911 417 161 5437
553 393 782 98 5247
177 56 74 20 2825
891 200 23 22 4450
798 447 985 264 4171
582 398 472 277 1173
24 47 999 3 2472
40 373 236 39 3278
460 858 842 28 576
775 71 597 20 2926
346 343 422 235 4238
176 319 466 164 6887
36 481 347 1 4917
646 119 115 770 5987
844 809 23 443 3391
6 166 595 739 2643
136 38 958 984 2871
972 950 62 100 3373
754 196 28 725 775
853 344 176 709 1882
10 822 543 997 5697
40 757 282 846 6938
822 244 2 649 1696
619 237 30 358 5974
435 275 366 805 1685
801 672 595 976 4985
324 625 468 793 3696
250 57 977 979 623
146 135 144 559 3335
882 804 829 1000 6878
32 315 203 702 4771
991 333 560 763 2656
242 379 30 844 1761
518 77 9 301 4226
765 229 1 337 6338
856 31 702 810 7094
78 215 688 874 4465
293 785 586 774 7243
900 685 791 849 6001
137 156 842 848 4702
669 359 236 875 3207
118 538 786 973 970
319 899 407 907 5200
777 488 748 897 4704
17 346 224 328 1078
770 604 508 941 3034
971 547 89 796 1688
983 888 861 983 6274
41 213 368 919 7192
179 311 91 802 1506
817 233 221 620 5496
986 939 196 258 695
428 480 692 706 224
365 906 256 306 2043
968 942 811 876 4844
516 1 673 754 6357
344 825 112 835 675
233 329 191 866 6899
138 327 426 878 1696
954 243 809 873 4561
72 53 271 749 4331
506 380 408 822 309
41 304 25 122 920
985 492 525 653 1063
885 485 59 593 1162
487 530 205 944 4142
888 819 906 958 7271
656 807 841 913 266
580 340 19 775 1387
591 147 674 977 6103
39 869 802 977 638
958 560 786 815 5574
625 841 905 976 2435
978 549 385 521 3485
812 954 261 921 1468
745 501 986 988 6396
745 553 517 745 1658
494 157 629 774 2982
609 44 952 977 5724
876 205 492 798 2165
270 114 227 618 1907
362 864 823 904 2068
178 391 315 465 6991
675 351 455 931 4707
376 694 532 865 2892
60 257 340 425 4586
689 722 131 376 6203
630 933 805 983 690
947 932 200 218 176
275 612 791 845 2578
585 695 709 718 5555
609 27 867 871 2833
745 724 103 206 6481
755 834 235 991 6489
998 660 727 748 1055
673 238 281 562 5105
655 622 908 925 4798
598 579 993 997 1579
662 986 647 694 3222
689 332 755 946 1708
50 952 59 225 3051
61 649 529 860 2666
491 405 708 898 6252
215 513 345 970 3198
857 366 118 504 6146
363 736 626 812 4065
387 551 768 880 2116
239 766 38 317 66
67 958 215 595 1117
609 582 136 377 1319
414 25 495 617 3907
18 123 419 840 7288
811 146 357 379 4201
911 641 983 988 2057
919 865 399 669 4300
741 615 935 955 7205
612 966 309 977 4282
116 570 567 691 4965
504 97 137 332 3907
214 222 937 973 3264
623 391 373 467 3999
568 466 559 923 991
294 640 317 440 1486
618 860 506 815 1548
662 721 752 976 1065
629 736 772 864 1759
66 575 660 733 5051
601 21 456 715 1202
684 439 320 844 4257
594 868 549 917 3315
53 630 280 694 4710
913 369 931 992 2846
417 793 409 524 536
365 459 498 600 1234
781 111 58 821 1531
9 261 537 995 3470
608 640 709 807 6387
300 460 883 924 2876
305 859 798 984 5350
137 594 824 982 5248
512 269 245 598 3722
91 435 308 916 716
190 578 577 830 710
9 46 688 764 4046
426 420 116 552 1519
783 224 399 814 1845
721 269 361 841 7377
452 628 693 792 5752
477 2 702 825 5154
847 944 468 889 6976
767 979 486 924 3540
294 774 607 774 5335
176 697 194 657 121
840 159 356 898 3894
501 194 418 589 6173
293 125 382 474 6675
328 113 221 498 6400
821 461 85 852 4681
971 960 846 864 4154
245 432 283 486 5084
531 605 244 660 3303
927 830 27 345 1948
461 857 199 938 1521
906 881 573 2480 4000
977 575 662 2251 5526
601 675 1000 2488 2210
630 678 520 1859 3518
820 865 897 2582 276
530 639 864 2194 3125
520 757 857 2167 4401
939 710 556 2368 2382
745 868 637 2265 320
872 757 685 2377 7055
798 785 834 2429 5741
830 566 845 2385 1191
804 741 667 2226 7079
569 698 563 1904 7391
529 987 965 2577 611
666 688 604 1995 4686
670 774 802 2273 2302
743 629 663 2078 7545
817 617 789 2331 3744
879 968 587 2558 5770
714 616 577 1961 5592
540 795 827 2193 6130
525 900 854 2338 3621
698 968 612 2462 6862
662 864 991 2634 1087
761 734 571 2067 4035
696 902 660 2303 5205
856 541 653 2156 1450
575 839 572 1987 6916
926 812 954 2754 2504
501 782 950 2246 2407
967 918 996 2899 5919
554 798 786 2179 3706
772 762 938 2519 4317
977 521 579 2260 4490
606 889 584 2112 6275
616 825 580 2086 3436
840 895 673 2413 3479
784 559 971 2390 632
571 584 969 2132 5123
633 795 958 2519 150
734 968 533 2292 4413
644 812 757 2251 7394
819 638 980 2589 4462
508 892 645 2055 3005
934 918 737 2621 5392
960 585 847 2418 2763
670 735 668 2097 763
905 955 989 2849 790
651 840 578 2138 647
562 578 710 1930 4023
716 902 931 2658 1448
710 831 955 2598 5734
507 606 979 2216 6097
782 761 546 2193 4533
773 558 765 2212 1595
738 830 862 2487 6938
980 958 519 2476 3698
762 596 875 2363 5220
602 511 835 2048 4260
959 889 910 2769 3699
645 718 864 2294 1165
965 846 626 2505 6531
879 557 559 2136 825
742 532 877 2273 3461
877 899 973 2756 3602
954 701 648 2303 6168
611 714 662 1989 3632
813 802 879 2521 7112
985 696 689 2388 6257
711 524 613 1915 6418
542 731 556 1836 519
750 511 722 2077 5462
748 967 546 2344 5966
735 830 635 2276 467
