450
927 844 423 238 5720
596 469 438 193 6228
407 772 832 238 6576
456 70 483 2 1419
179 388 219 124 4985
737 564 704 312 2411
303 479 147 28 4666
173 721 333 31 5494
225 864 509 225 1321
232 168 134 61 7462
74 757 764 33 2707
519 477 507 364 5458
233 116 567 43 411
198 499 107 75 626
998 722 557 494 6273
451 228 584 80 5168
759 675 308 265 3009
524 735 624 309 2849
246 341 84 23 461
159 177 198 70 969
889 5 986 1 4412
312 264 985 35 2186
215 534 360 49 3606
832 134 235 21 7111
737 643 887 540 5444
620 971 491 361 3786
958 1 577 1 3813
123 752 186 54 3630
616 747 851 525 1476
710 889 317 197 3202
278 125 714 61 3944
793 452 321 105 970
510 946 623 167 2813
371 657 608 11 5749
21 656 808 10 6046
499 801 787 340 3477
285 702 469 99 6663
690 825 391 335 6916
230 622 192 78 5469
501 648 974 498 5613
174 459 449 68 4646
883 132 777 92 1601
7 156 258 4 2987
556 269 919 198 2643
589 399 92 52 6849
625 588 830 184 1663
417 410 428 378 6066
516 690 7 3 84
231 181 221 150 1274
306 798 129 57 5099
979 406 494 346 3188
472 615 431 198 2448
359 105 962 91 1794
460 297 614 220 5097
527 744 487 7 1191
691 522 221 6 2374
139 959 850 102 1996
242 945 482 239 2808
914 833 422 193 4808
235 595 724 71 1600
790 114 621 22 6421
684 420 40 8 2914
845 952 546 435 1183
975 181 599 162 6680
511 33 227 6 1426
577 71 337 71 6957
161 415 310 67 6190
422 720 126 63 5858
56 264 714 27 5565
423 682 737 230 3266
358 741 111 89 4132
848 133 25 11 4405
245 557 181 28 2267
270 811 337 54 1532
83 736 317 81 3400
435 675 681 141 1986
173 477 467 31 1835
557 421 378 114 1571
330 573 866 194 7185
721 997 326 207 1820
143 306 136 49 3246
779 130 342 19 4495
543 957 364 207 4568
688 107 228 96 2771
360 352 226 138 7228
445 145 407 95 6354
502 825 739 12 6692
220 598 548 218 5852
373 445 756 115 6708
137 965 117 109 5622
870 763 24 16 230
849 171 304 123 6157
816 535 547 180 348
55 924 179 21 6024
290 176 120 105 3493
611 592 870 433 5311
742 975 141 90 6348
784 719 368 31 4131
886 446 797 123 7370
859 769 270 62 3550
258 549 822 190 2092
509 998 990 229 669
274 294 115 90 5338
513 172 798 79 1481
251 450 294 187 2176
256 403 413 127 4630
172 272 886 122 7176
109 222 513 28 3146
956 759 774 540 7106
448 789 400 286 968
348 772 170 29 7204
197 722 76 69 604
373 770 244 792 5808
263 292 488 830 7245
638 864 870 971 2258
985 313 915 946 3753
582 726 597 765 4264
132 29 747 826 663
709 760 971 998 4271
427 128 640 889 7032
618 909 709 722 3222
610 64 495 527 5434
893 798 818 897 5138
979 759 83 511 678
546 44 25 34 7454
377 97 311 430 5425
635 437 380 945 1421
555 789 170 569 2454
829 117 922 991 5047
19 674 304 472 1723
863 515 282 696 2841
542 53 587 607 1338
195 861 59 574 5577
139 290 48 741 608
158 142 732 865 708
384 476 567 688 3839
794 717 204 713 5333
297 714 36 311 4688
940 119 304 784 3354
149 31 201 984 3433
846 510 140 305 4896
76 970 340 616 3453
601 804 983 990 5374
405 971 661 663 5360
371 295 755 802 2254
917 416 306 769 3735
923 573 196 307 5280
558 860 555 785 2834
207 387 716 855 803
39 17 950 988 4941
280 297 507 734 1344
8 678 752 928 7020
256 538 169 320 2384
493 498 444 543 4195
518 988 470 937 3641
646 457 842 991 1738
179 653 485 540 594
286 982 917 944 3181
808 427 117 644 1545
504 580 820 825 304
530 11 703 886 5848
919 154 263 858 5756
572 843 991 993 7360
864 103 818 846 3359
10 744 63 391 2179
779 529 887 975 1790
636 789 451 969 5302
605 889 534 968 6356
765 967 168 524 5213
737 200 254 727 6606
593 297 94 565 7213
783 93 357 845 2542
412 589 812 824 923
28 808 298 955 7354
330 780 576 584 1242
89 53 531 763 1443
348 850 124 410 6200
6 530 833 978 2049
218 183 97 836 919
723 254 332 763 6946
709 510 173 541 653
936 368 222 624 98
31 767 336 571 800
846 199 30 228 4756
116 188 993 995 5193
443 61 625 849 1419
152 760 327 795 334
765 47 762 920 431
181 404 131 395 7
259 399 304 415 726
441 775 190 220 4542
892 972 508 568 3191
263 235 704 757 550
729 424 169 642 6587
502 501 454 871 43
331 458 574 676 5615
698 294 534 583 2928
836 639 335 835 3237
686 538 97 432 5289
156 192 8 541 6794
783 651 236 684 3973
597 674 188 755 5344
975 423 26 945 1482
472 493 935 953 740
479 562 45 336 3066
242 384 754 776 6055
56 902 480 824 3544
231 702 431 809 4498
739 389 695 897 6980
465 752 130 301 250
873 870 58 795 7212
373 860 569 776 1714
685 851 94 331 5119
642 762 699 888 2658
220 564 316 523 5952
904 59 664 747 2760
739 854 243 947 5411
231 260 717 869 2992
486 359 200 889 4343
829 651 421 782 3520
216 444 365 870 1239
745 226 532 844 5659
761 242 537 999 5268
903 728 367 593 4171
909 131 359 846 1186
214 573 585 708 5352
16 56 973 980 2107
538 5 840 949 3686
988 589 760 944 572
767 214 896 998 205
452 611 149 849 5386
370 701 816 908 1106
465 158 867 922 6980
783 559 722 794 2073
564 385 6 471 7088
627 997 235 459 4794
650 81 752 929 3510
612 482 371 645 5410
972 884 24 890 7345
321 619 721 782 7387
753 295 143 513 3468
557 13 504 876 7075
774 540 244 658 2831
304 669 540 715 2752
104 513 691 764 6668
715 741 730 800 5062
616 335 301 597 3809
433 606 658 877 3867
375 864 678 892 670
803 968 511 629 593
471 467 903 966 1364
740 511 120 887 7119
14 687 343 494 6321
120 523 759 764 4251
65 246 163 168 5825
58 689 67 710 5386
168 290 106 214 1503
291 648 200 708 8
966 304 272 550 3045
940 155 690 708 1068
899 381 207 557 2716
965 689 356 776 6028
260 993 266 460 6643
855 150 642 912 4143
536 747 181 955 2428
767 755 118 242 6635
411 445 173 222 4838
575 508 578 916 6703
889 390 577 906 7185
543 136 534 725 7046
993 158 506 880 463
285 325 440 737 6623
27 763 505 937 6230
206 431 519 750 7183
142 925 226 749 427
455 722 475 756 2781
775 36 798 964 6436
775 702 476 582 3592
238 533 550 684 2991
540 24 907 913 1237
304 170 372 505 1153
999 285 237 390 3136
125 121 630 833 1415
271 635 392 786 4848
408 810 769 971 3655
299 898 693 834 5839
864 362 177 907 1538
41 297 423 793 3740
566 501 779 959 2314
169 404 760 891 7362
527 642 115 552 1981
344 5 455 750 2241
296 764 111 242 3439
969 973 392 403 4095
5 19 792 827 4766
458 629 263 442 2960
675 843 437 705 6444
265 27 489 836 6537
321 842 185 628 4005
300 687 451 524 6799
96 476 823 921 1852
895 272 6 651 6664
523 504 497 766 6943
158 996 848 868 1515
878 191 389 680 7027
944 965 652 933 1753
338 124 278 306 4915
67 417 945 948 2044
904 103 674 702 7200
416 502 134 699 566
560 633 293 525 804
233 474 18 269 3058
1 879 264 338 4685
636 382 639 670 2770
956 324 456 909 7487
491 799 246 410 948
281 110 250 948 3559
591 892 475 833 1732
2 1 183 498 4355
178 105 490 642 4568
532 620 409 988 1468
572 384 666 694 2112
599 282 675 721 5207
760 765 439 999 1771
814 690 537 683 3769
773 310 901 995 3469
667 817 563 595 2132
879 31 730 760 4948
681 470 498 796 5129
98 477 632 906 789
15 754 118 502 4596
886 923 602 747 3644
613 898 686 717 4808
679 392 348 782 6810
575 627 680 864 4145
724 892 407 763 4481
73 955 119 972 7233
677 729 874 2374 7488
988 777 567 2426 6312
975 859 675 2605 3823
682 855 792 2402 26
581 894 752 2320 4460
883 846 607 2472 3121
973 825 738 2610 330
958 606 733 2424 2809
633 723 853 2263 4812
784 947 989 2747 6972
675 632 614 1936 6058
883 853 591 2359 2843
658 995 640 2455 4999
514 530 886 2133 5114
560 666 968 2396 639
951 984 640 2685 2547
643 761 776 2203 3908
583 700 708 2009 3022
633 623 718 1984 5068
524 924 744 2306 1682
731 912 792 2454 6121
942 749 633 2439 3727
534 842 561 1988 6695
969 758 552 2378 1676
677 980 771 2508 1659
692 741 609 2096 517
752 942 630 2470 4610
615 999 719 2433 7316
501 948 727 2294 3343
570 971 882 2474 2780
889 760 976 2687 2698
871 559 585 2111 5120
540 626 533 1718 3941
880 634 508 2075 1041
900 794 520 2329 5766
953 944 734 2747 693
923 567 911 2540 2976
592 926 536 2084 1686
749 500 831 2229 3456
756 839 755 2392 6978
949 614 821 2517 6226
569 812 640 2024 4491
561 720 775 2105 4764
734 553 753 2079 5486
801 654 841 2322 2346
584 519 624 1749 5727
675 624 866 2167 1384
945 663 934 2544 7150
721 715 833 2290 3813
984 790 660 2531 7365
994 712 504 2271 650
838 725 759 2360 4892
519 645 686 1936 5772
969 639 766 2509 4486
721 543 587 1910 2612
991 825 515 2454 1811
571 848 584 2005 4272
645 800 757 2203 6158
584 669 935 2193 4054
538 801 743 2158 297
898 952 655 2617 1883
662 516 802 2071 6970
871 957 504 2446 1529
719 744 963 2507 6552
942 949 843 2779 5487
510 868 885 2437 1029
693 811 882 2412 3862
882 709 954 2545 6868
541 817 757 2117 7324
684 855 809 2402 5552
689 969 765 2495 4762
863 606 573 2057 3482
912 861 862 2663 2400
641 687 711 2055 4721
561 847 719 2185 2931
694 766 862 2354 5519
770 574 696 2069 5751
711 785 999 2531 763
866 539 736 2181 7212
753 646 985 2394 6982
840 804 867 2536 3010
891 596 759 2385 566
878 719 555 2184 7154
518 647 655 1873 2035
841 934 715 2509 2363
671 785 861 2378 6058
515 694 857 2079 4382
753 815 531 2207 2508
549 517 865 2096 357
537 767 865 2313 908
749 547 675 1985 896
786 807 878 2514 5284
587 720 990 2389 4449
700 700 976 2484 7026
885 511 810 2234 6286
659 582 811 2121 3867
779 571 843 2283 1862
908 881 897 2686 3235
508 802 543 1965 6392
865 891 559 2387 1316
976 709 516 2410 3275
611 568 865 2186 5742
930 825 547 2379 4502
551 670 748 2025 177
922 570 682 2241 4166
842 640 707 2218 7410
777 699 690 2197 7348
546 892 692 2240 3349
866 784 949 2657 7090
585 938 920 2443 2227
633 643 710 1998 2258
999 890 867 2792 3726
696 542 661 1905 4627
