150
814 45 893 34 4571
298 512 994 226 817
645 144 901 81 2693
741 913 423 106 6674
233 750 756 115 5290
202 223 253 190 7682
79 160 409 69 262
840 786 961 42 1742
945 379 978 40 7125
897 406 538 35 7028
609 999 706 552 3203
218 780 30 1 7051
815 131 687 114 3222
124 790 279 120 4288
826 90 241 5 3481
388 6 966 6 168
347 288 133 105 1006
645 772 659 97 3335
522 838 262 23 7618
407 971 337 278 2642
915 16 817 8 3214
345 824 338 188 4334
121 677 445 73 7554
683 35 279 27 5859
304 290 895 250 4184
439 693 253 205 6437
508 608 28 22 5039
547 61 663 56 5621
918 844 366 173 1793
807 281 341 108 4956
306 836 370 250 4809
790 619 709 410 7066
355 103 948 5 1398
951 253 268 215 5802
898 660 947 396 322
789 304 309 31 196
872 744 287 49 584
357 766 660 729 7269
297 551 936 959 7742
380 878 487 924 1933
106 82 1 596 2717
465 89 79 375 3060
232 7 746 913 6001
22 923 722 797 7541
54 657 236 538 7301
496 22 813 953 4480
295 235 76 767 2184
899 370 635 860 1585
178 571 612 873 2287
136 635 199 645 2
641 989 415 976 1667
707 39 250 784 5878
42 437 569 604 5159
154 750 753 755 7694
826 226 114 307 2104
796 892 300 608 837
571 838 972 990 6624
370 847 974 994 562
93 786 910 932 3141
199 610 955 992 2461
163 114 527 620 6449
936 707 629 992 7034
694 522 257 617 1303
203 740 552 697 7185
227 91 817 878 2074
976 421 746 887 5892
431 133 982 984 3248
205 53 232 359 6310
817 539 920 999 3556
433 583 499 676 2040
498 877 790 960 7640
92 190 875 989 6776
535 504 471 514 3109
153 19 328 932 791
532 500 430 682 2608
893 600 772 843 5253
429 672 946 992 440
563 957 33 728 284
910 339 904 994 1278
374 798 14 499 304
391 230 176 422 4203
266 64 512 900 3225
286 862 487 736 4380
308 597 902 952 2054
301 637 249 262 2782
687 951 480 886 3338
387 527 760 763 6160
711 440 796 998 7688
90 580 463 834 5414
167 760 589 649 6550
599 965 559 563 5470
786 535 805 885 2024
192 489 89 984 5153
367 17 816 847 5071
104 670 849 851 508
93 854 647 784 2540
381 962 725 998 5585
823 12 365 714 2854
667 852 349 704 6471
289 168 47 143 473
892 822 545 680 7199
259 712 158 619 5507
596 198 903 976 4356
647 398 490 539 618
852 103 397 796 1196
775 871 64 201 5962
733 698 922 942 4264
394 762 943 991 4970
361 305 448 747 4656
117 114 165 756 78
227 909 759 957 7743
263 321 13 631 6238
601 959 867 2490 4197
574 651 917 2171 309
799 583 818 2204 4789
716 584 840 2174 4137
769 841 561 2253 5424
771 573 795 2202 2855
832 621 506 2087 4506
515 941 776 2410 808
540 583 925 2204 782
918 689 524 2299 2546
998 953 735 2786 4001
796 844 638 2306 6309
604 625 630 1863 6947
551 607 709 1868 6008
595 657 784 2044 5980
590 918 692 2286 6466
548 826 669 2157 5695
926 749 558 2361 6180
983 955 827 2815 6457
589 507 595 1702 4525
570 936 668 2344 1016
757 756 549 2089 3471
546 799 504 1966 194
811 613 994 2447 2345
734 895 845 2480 6214
987 519 862 2453 3101
792 795 546 2139 6719
765 836 553 2181 5568
724 708 789 2262 1865
909 766 705 2392 6692
903 899 782 2584 484
672 741 674 2120 4624
911 688 797 2435 3919
701 795 596 2118 3512
755 811 847 2448 213
721 919 947 2627 4764
557 948 857 2490 2085
655 570 624 1856 1460
