250
342 749 271 56 4921
179 175 158 88 1294
740 763 242 99 5758
679 967 312 91 4343
532 822 119 11 4101
140 631 80 30 814
781 221 817 85 3760
808 435 219 94 4664
474 937 82 65 1742
295 8 591 3 2768
335 297 193 4 1602
919 427 416 255 3980
264 671 513 163 1198
272 591 81 57 4832
332 497 412 317 3792
215 746 139 66 2378
34 668 505 16 2593
56 756 719 56 210
915 122 951 61 4193
405 756 902 203 6159
902 194 805 18 1569
965 274 476 203 1505
334 291 546 253 1474
183 283 724 67 4226
698 483 95 23 3116
370 952 983 66 4822
773 245 686 130 4716
244 906 355 19 3739
420 675 466 275 5498
44 517 471 34 6472
326 750 390 160 869
367 917 561 355 602
333 976 884 210 2790
546 222 594 96 5253
514 449 353 183 4479
553 127 286 88 4994
685 560 524 279 5503
868 993 630 433 6944
548 440 294 172 2008
576 178 105 6 706
134 766 196 116 466
912 495 296 32 3048
588 619 784 20 5280
922 468 712 98 3745
483 912 471 122 877
587 76 326 1 3208
901 950 554 379 3035
121 128 544 84 195
111 687 91 3 6796
659 539 517 69 3452
159 150 297 85 5037
29 800 213 25 4747
997 677 478 462 79
370 956 390 91 6490
398 45 749 18 7453
368 549 50 38 4355
146 208 722 110 500
422 256 552 216 3097
674 659 485 115 6800
453 771 496 153 6969
225 505 288 80 3973
614 308 519 153 392
244 772 359 887 3542
968 225 618 762 4467
824 812 769 811 3698
341 222 9 533 3285
167 430 811 977 4985
114 692 194 310 3974
276 97 187 488 603
573 62 525 656 3205
401 356 231 614 4738
581 184 226 837 2069
562 997 904 976 3994
297 922 957 977 836
18 348 433 492 3585
580 689 141 867 704
861 1000 906 959 5312
49 766 224 792 2037
667 960 787 838 718
812 741 530 689 3719
836 807 767 954 7049
746 361 948 971 4100
680 313 152 285 442
592 294 629 802 3834
7 738 934 945 4593
651 208 438 578 3214
258 620 937 986 2642
974 181 470 734 5881
714 834 46 378 625
303 6 667 717 812
98 38 709 775 2197
591 110 228 481 3999
998 970 742 747 4481
419 576 623 650 5557
814 691 38 900 2322
448 71 430 752 1143
145 860 865 870 4184
372 115 668 990 2404
618 285 708 857 2436
159 715 549 686 4100
259 3 466 555 4499
181 476 731 760 410
459 366 750 842 93
350 78 271 743 6719
570 333 271 996 2361
321 915 121 668 979
575 787 659 987 1307
413 501 762 892 3176
589 847 978 982 1545
449 356 85 930 4452
858 267 674 847 4976
944 408 306 601 3908
634 808 255 675 4616
93 78 642 865 2046
340 414 636 785 1663
404 772 464 640 1703
97 193 994 994 4963
481 525 100 118 578
140 55 893 987 1964
384 941 974 980 409
11 804 340 802 2074
141 443 406 787 572
886 127 310 680 6983
539 322 179 793 3908
669 378 74 245 7299
563 520 578 581 572
1 378 733 956 5444
461 422 592 948 5468
851 518 780 923 4059
328 85 774 869 4484
977 511 786 867 947
426 878 846 952 4246
872 697 500 570 3944
965 444 88 610 6929
237 115 656 994 1550
755 152 490 777 104
569 481 145 323 2130
444 619 112 597 465
327 697 743 813 5246
356 662 380 812 759
290 105 548 622 2122
759 972 852 892 428
510 881 808 850 3695
565 993 58 338 5379
333 451 23 740 2041
264 599 771 815 767
141 650 341 414 1706
849 908 217 956 2967
517 703 877 894 198
632 943 737 796 439
328 265 979 995 68
84 518 453 892 2477
4 308 502 616 3402
917 159 99 410 4
257 39 332 382 5587
321 916 927 995 661
69 243 840 846 5724
752 550 213 255 7093
634 366 575 825 5726
369 981 179 430 372
835 785 920 920 3323
169 483 681 700 2529
997 182 152 224 2345
894 370 876 980 2048
499 790 100 515 835
365 180 411 846 6416
128 329 374 965 5055
261 912 924 983 2974
165 422 825 999 7270
830 532 18 667 3932
837 576 166 903 1374
154 693 290 899 813
589 606 679 908 1191
953 80 387 745 257
774 161 416 768 3059
516 551 347 952 6775
185 909 43 902 5584
578 610 467 998 2127
943 827 225 228 2222
81 409 991 994 2360
97 245 534 996 6035
3 236 685 879 2610
388 978 624 693 5072
652 720 637 992 2271
53 929 259 919 7116
183 799 138 144 969
28 609 267 391 1606
845 619 545 2072 6004
733 519 803 2066 3447
602 652 959 2247 7115
799 998 812 2658 2615
675 692 755 2157 2734
951 914 617 2558 7018
792 870 967 2693 6511
973 949 782 2792 3424
534 975 970 2729 1013
933 642 905 2508 4993
612 807 975 2506 3548
861 688 704 2348 6217
626 702 541 1923 2233
777 654 798 2239 3097
966 750 993 2767 6516
706 708 746 2165 1012
995 652 762 2543 4819
528 564 586 1699 6884
976 849 859 2723 5439
517 708 751 1993 3929
709 767 997 2591 1676
567 638 578 1817 700
932 626 693 2407 7097
802 571 875 2293 1110
888 634 956 2482 2190
704 961 995 2716 1972
796 837 908 2586 1367
695 611 639 1947 4665
717 923 950 2674 3134
864 545 837 2398 3764
991 924 980 2895 3479
815 591 591 2006 1954
547 526 919 2035 2328
831 833 674 2418 3917
832 717 940 2529 4091
815 534 912 2326 1947
865 709 914 2567 2030
581 859 760 2267 1070
517 702 959 2387 3014
909 884 552 2382 2551
536 764 687 2093 1010
586 853 538 2122 6148
996 711 810 2559 5039
795 715 514 2073 4980
513 981 758 2339 3744
767 918 624 2362 1414
871 551 710 2228 4391
585 592 517 1731 3606
862 959 876 2717 6847
688 636 824 2203 6715
779 617 994 2538 1551
681 640 600 1926 4296
883 567 604 2150 7148
912 731 921 2565 1074
585 761 639 1988 658
564 701 980 2291 1997
874 966 537 2384 6574
954 791 514 2311 3413
982 782 726 2579 5000
691 915 950 2591 2258
906 951 886 2770 4043
922 715 811 2492 7188
824 670 807 2336 7258
