50
1 18 1 4 1
1 17 1 41 16
2 17 2 84 30
2 17 2 131 41
2 16 2 180 48
3 11 3 225 51
3 2 3 267 48
3 11 3 300 41
4 17 4 338 30
4 10 4 374 16
4 10 4 398 1
5 16 5 419 16
5 6 5 434 30
5 16 5 438 41
6 13 6 446 48
6 5 6 442 51
6 16 6 429 48
7 17 7 417 41
7 15 7 398 30
7 13 7 372 16
8 14 8 339 1
8 17 8 305 16
8 17 8 267 30
9 7 9 225 41
9 13 9 177 48
9 14 9 133 51
10 14 10 136 48
10 1 10 164 41
10 10 10 196 30
11 13 11 242 16
11 10 11 288 1
11 2 11 331 16
12 17 12 365 30
12 3 12 408 41
12 14 12 435 48
13 15 13 463 51
13 8 13 488 48
13 16 13 498 41
14 9 14 508 30
14 16 14 511 16
14 2 14 509 1
15 13 15 494 16
15 12 15 482 30
15 7 15 461 41
16 13 16 433 48
16 6 16 404 51
16 16 16 367 48
17 16 17 330 41
17 10 17 290 30
17 9 17 244 16