200
1 68 1 15 1
1 67 1 148 16
2 67 2 305 32
2 67 2 476 47
2 65 2 667 62
3 62 3 853 77
3 57 3 1036 91
3 48 3 1216 105
4 35 4 1393 118
4 18 4 1567 130
4 4 4 1736 142
5 26 5 1905 153
5 47 5 2092 162
5 63 5 2287 171
6 67 6 2484 179
6 57 6 2661 185
6 32 6 2836 191
7 6 7 2987 195
7 43 7 3141 198
7 65 7 3313 200
8 62 8 3486 201
8 29 8 3648 200
8 21 8 3788 198
9 60 9 3930 195
9 63 9 4083 191
9 23 9 4237 185
10 37 10 4355 179
10 67 10 4498 171
10 39 10 4645 162
11 28 11 4766 153
11 67 11 4868 142
11 33 11 4999 130
12 41 12 5094 118
12 65 12 5207 105
12 2 12 5322 91
13 65 13 5394 77
13 33 13 5493 62
13 52 13 5573 47
14 49 14 5653 32
14 42 14 5739 16
14 54 14 5809 1
15 41 15 5881 16
15 51 15 5928 32
15 50 15 5987 47
16 37 16 6032 62
16 63 16 6065 77
16 7 16 6111 91
17 66 17 6122 105
17 38 17 6159 118
17 36 17 6164 130
18 67 18 6182 142
18 31 18 6193 153
18 33 18 6182 162
19 67 19 6178 171
19 51 19 6180 179
19 3 19 6159 185
20 44 20 6111 191
20 66 20 6094 195
20 61 20 6068 198
21 36 21 6038 200
21 4 21 5983 201
21 26 21 5910 200
22 47 22 5841 198
22 59 22 5789 195
22 65 22 5725 191
23 67 23 5667 185
23 67 23 5596 179
23 67 23 5516 171
24 67 24 5417 162
24 67 24 5325 153
24 65 24 5220 142
25 60 25 5122 130
25 46 25 5013 118
25 24 25 4892 105
26 9 26 4747 91
26 42 26 4609 77
26 65 26 4482 62
27 61 27 4371 47
27 23 27 4241 32
27 35 27 4083 16
28 67 28 3936 1
28 38 28 3805 16
28 35 28 3651 32
29 66 29 3484 47
29 5 29 3343 62
29 66 29 3153 77
30 20 30 3014 91
30 65 30 2834 105
30 11 30 2677 118
31 67 31 2483 130
31 25 31 2326 142
31 48 31 2137 153
32 65 32 1965 162
32 25 32 1800 171
32 31 32 1608 179
33 63 33 1426 185
33 66 33 1263 191
33 50 33 1079 195
34 29 34 890 198
34 12 34 697 200
34 2 34 503 201
35 2 35 492 200
35 7 35 579 198
35 21 35 716 195
36 42 36 897 191
36 62 36 1090 185
36 66 36 1288 179
37 39 37 1480 171
37 20 37 1654 162
37 66 37 1823 153
38 40 38 2021 142
38 45 38 2199 130
38 54 38 2382 118
39 45 39 2569 105
39 39 39 2750 91
39 66 39 2913 77
40 24 40 3099 62
40 32 40 3248 47
40 61 40 3418 32
41 67 41 3593 16
41 64 41 3761 1
41 61 41 3919 16
42 63 42 4073 32
42 67 42 4228 47
42 62 42 4368 62
43 31 43 4512 77
43 28 43 4630 91
43 67 43 4764 105
44 18 44 4911 118
44 65 44 5022 130
44 2 44 5147 142
45 61 45 5239 153
45 62 45 5362 162
45 37 45 5485 171
46 17 46 5580 179
46 13 46 5664 185
46 26 46 5735 191
47 53 47 5823 195
47 67 47 5913 198
47 25 47 6011 200
48 58 48 6070 201
48 26 48 6148 200
48 67 48 6187 198
49 53 49 6258 195
49 33 49 6303 191
49 31 49 6332 185
50 49 50 6361 179
50 67 50 6402 171
50 33 50 6432 162
51 58 51 6431 153
51 10 51 6460 142
51 52 51 6437 130
52 62 52 6447 118
52 56 52 6459 105
52 20 52 6448 91
53 53 53 6411 77
53 33 53 6396 62
53 66 53 6364 47
54 67 54 6336 32
54 66 54 6309 16
54 30 54 6266 1
55 60 55 6198 16
55 14 55 6136 32
55 2 55 6053 47
56 33 56 5961 62
56 66 56 5903 77
56 45 56 5846 91
57 33 57 5763 105
57 62 57 5658 118
57 28 57 5576 130
58 58 58 5459 142
58 40 58 5372 153
58 51 58 5261 162
59 22 59 5152 171
59 57 59 5010 179
59 15 59 4897 185
60 5 60 4746 191
60 67 60 4607 195
60 67 60 4495 198
61 1 61 4365 200
61 20 61 4194 201
61 39 61 4044 200
62 39 62 3904 198
62 57 62 3746 195
62 52 62 3602 191
63 32 63 3439 185
63 16 63 3274 179
63 37 63 3095 171
64 58 64 2927 162
64 43 64 2765 153
64 34 64 2588 142
65 48 65 2406 130
65 64 65 2234 118
65 50 65 2067 105
66 37 66 1887 91
66 56 66 1703 77
66 47 66 1531 62
67 57 67 1337 47
67 67 67 1157 32
67 65 67 983 16