300
1 101 1 23 1
1 101 1 225 16
2 101 2 465 32
2 100 2 725 47
2 99 2 1016 63
3 97 3 1300 78
3 94 3 1581 93
3 88 3 1859 108
4 78 4 2157 123
4 66 4 2441 137
4 49 4 2716 150
5 28 5 2984 164
5 3 5 3248 177
5 26 5 3506 189
6 53 6 3786 201
6 77 6 4079 213
6 94 6 4377 223
7 101 7 4673 234
7 93 7 4965 243
7 70 7 5246 252
8 33 8 5514 260
8 14 8 5746 268
8 59 8 5992 275
9 91 9 6253 281
9 100 9 6540 286
9 81 9 6827 290
10 34 10 7077 294
10 27 10 7295 297
10 79 10 7540 299
11 101 11 7804 300
11 79 11 8064 301
11 19 11 8299 300
12 53 12 8503 299
12 98 12 8739 297
12 87 12 8995 294
13 23 13 9211 290
13 59 13 9404 286
13 101 13 9611 281
14 69 14 9852 275
14 18 14 10050 268
14 91 14 10217 260
15 87 15 10453 252
15 4 15 10663 243
15 85 15 10819 234
16 88 16 11008 223
16 3 16 11198 213
16 92 16 11343 201
17 75 17 11530 189
17 34 17 11709 177
17 101 17 11848 164
18 35 18 12021 150
18 80 18 12146 137
18 80 18 12301 123
19 41 19 12448 108
19 99 19 12573 93
19 3 19 12735 78
20 100 20 12815 63
20 24 20 12951 47
20 96 20 13051 32
21 37 21 13184 16
21 94 21 13269 1
21 37 21 13387 16
22 96 22 13442 32
22 25 22 13547 47
22 100 22 13611 63
23 3 23 13704 78
23 99 23 13727 93
23 42 23 13811 108
24 79 24 13848 123
24 83 24 13910 137
24 30 24 13967 150
25 101 25 13970 164
25 45 25 14032 177
25 64 25 14036 189
26 98 26 14049 201
26 29 26 14097 213
26 69 26 14065 223
27 99 27 14070 234
27 44 27 14089 243
27 47 27 14049 252
28 99 28 14032 260
28 82 28 14028 268
28 15 28 13996 275
29 59 29 13924 281
29 98 29 13889 286
29 91 29 13869 290
30 47 30 13834 294
30 13 30 13750 297
30 64 30 13646 299
31 94 31 13598 300
31 100 31 13545 301
31 87 31 13476 300
32 61 32 13390 299
32 30 32 13267 297
32 1 32 13145 294
33 27 33 13025 290
33 46 33 12911 286
33 61 33 12795 281
34 70 34 12677 275
34 75 34 12555 268
34 77 34 12429 260
35 76 35 12299 252
35 72 35 12166 243
35 64 35 12007 234
36 50 36 11855 223
36 31 36 11682 213
36 6 36 11495 201
37 26 37 11321 189
37 58 37 11154 177
37 86 37 10996 164
38 100 38 10817 150
38 92 38 10644 137
38 56 38 10463 123
39 5 39 10240 108
39 66 39 10013 93
39 100 39 9816 78
40 81 40 9644 63
40 10 40 9435 47
40 73 40 9181 32
41 99 41 8972 16
41 39 41 8767 1
41 63 41 8521 16
42 98 42 8296 32
42 17 42 8065 47
42 89 42 7795 63
43 70 43 7559 78
43 57 43 7318 93
43 91 43 7054 108
44 36 44 6825 123
44 95 44 6547 137
44 38 44 6324 151
45 89 45 6047 164
45 63 45 5798 177
45 63 45 5523 189
46 94 46 5249 201
46 2 46 4991 213
46 91 46 4679 223
47 83 47 4431 234
47 3 47 4167 243
47 82 47 3858 252
48 99 48 3606 260
48 56 48 3352 268
48 13 48 3067 275
49 68 49 2743 281
49 97 49 2472 286
49 99 49 2214 290
50 84 50 1949 294
50 63 50 1650 297
50 43 50 1353 299
51 28 51 1058 300
51 21 51 767 301
51 22 51 757 300
52 31 52 891 299
52 47 52 1103 297
52 69 52 1379 294
53 90 53 1667 290
53 101 53 1961 286
53 89 53 2253 281
54 44 54 2555 275
54 27 54 2823 268
54 89 54 3088 260
55 93 55 3390 252
55 18 55 3683 243
55 81 55 3931 234
56 86 56 4226 223
56 28 56 4516 213
56 100 56 4771 201
57 3 57 5073 189
57 101 57 5316 177
57 21 57 5625 164
58 91 58 5879 150
58 73 58 6158 137
58 30 58 6427 123
59 97 59 6656 108
59 84 59 6944 93
59 23 59 7221 78
60 41 60 7445 63
60 81 60 7683 47
60 98 60 7961 32
61 101 61 8224 16
61 99 61 8474 1
61 99 61 8714 16
62 101 62 8950 32
62 99 62 9186 47
62 86 62 9419 63
63 49 63 9622 78
63 17 63 9822 93
63 83 63 9999 108
64 95 64 10237 123
64 16 64 10456 137
64 89 64 10619 151
65 62 65 10853 164
65 78 65 11050 177
65 53 65 11250 189
66 97 66 11407 201
66 20 66 11602 213
66 69 66 11754 223
67 101 67 11924 234
67 85 67 12119 243
67 55 67 12279 252
68 33 68 12414 260
68 26 68 12541 268
68 37 68 12671 275
69 64 69 12812 281
69 94 69 12967 286
69 96 69 13129 290
70 35 70 13258 294
70 69 70 13340 297
70 88 70 13468 299
71 46 71 13589 300
71 81 71 13676 301
71 88 71 13784 300
72 12 72 13866 299
72 56 72 13917 297
72 88 72 14011 294
73 96 73 14098 290
73 95 73 14171 286
73 83 73 14231 281
74 41 74 14279 275
74 40 74 14307 268
74 101 74 14344 260
75 29 75 14394 252
75 99 75 14408 243
75 19 75 14451 234
76 66 76 14434 223
76 97 76 14474 213
76 101 76 14487 201
77 101 77 14497 189
77 91 77 14504 177
77 38 77 14480 164
78 65 78 14443 150
78 85 78 14417 137
78 73 78 14392 123
79 15 79 14351 108
79 65 79 14281 93
79 77 79 14249 78
80 58 80 14217 63
80 8 80 14147 47
80 94 80 14042 32
81 38 81 14011 16
81 101 81 13923 1
81 86 81 13866 16
82 77 82 13785 32
82 95 82 13673 47
82 86 82 13581 63
83 41 83 13485 78
83 68 83 13348 93
83 98 83 13225 108
84 97 84 13110 123
84 62 84 12985 137
84 58 84 12837 151
85 57 85 12693 164
85 91 85 12554 177
85 81 85 12410 189
86 3 86 12265 201
86 100 86 12064 213
86 84 86 11921 223
87 92 87 11773 234
87 85 87 11613 243
87 79 87 11439 252
88 55 88 11235 260
88 94 88 11031 268
88 30 88 10857 275
89 69 89 10624 281
89 13 89 10437 286
89 100 89 10202 290
90 100 90 10037 294
90 55 90 9841 297
90 98 90 9607 299
91 65 91 9397 300
91 99 91 9163 301
91 98 91 8949 300
92 68 92 8727 299
92 98 92 8465 297
92 59 92 8235 294
93 98 93 7964 290
93 97 93 7735 286
93 82 93 7483 281
94 72 94 7235 275
94 5 94 6970 268
94 28 94 6690 260
95 38 95 6425 252
95 52 95 6161 243
95 89 95 5899 234
96 71 96 5650 223
96 99 96 5380 213
96 23 96 5122 201
97 31 97 4818 189
97 89 97 4534 177
97 10 97 4284 164
98 92 98 3983 151
98 61 98 3737 137
98 94 98 3462 123
99 95 99 3181 108
99 80 99 2905 93
99 44 99 2622 78
100 101 100 2326 63
100 94 100 2047 47
100 75 100 1767 32
101 28 101 1481 16