350
1 118 1 28 1
1 117 1 271 16
2 117 2 561 32
2 117 2 876 47
2 116 2 1230 63
3 115 3 1576 78
3 111 3 1918 94
3 106 3 2256 109
4 98 4 2620 123
4 87 4 2968 138
4 72 4 3305 152
5 53 5 3635 166
5 29 5 3961 180
5 3 5 4281 193
6 28 6 4625 206
6 58 6 4979 219
6 84 6 5340 231
7 105 7 5703 242
7 117 7 6065 253
7 115 7 6421 264
8 98 8 6739 274
8 66 8 7059 284
8 21 8 7372 293
9 30 9 7675 301
9 77 9 8001 309
9 109 9 8329 316
10 117 10 8678 322
10 96 10 9026 328
10 48 10 9331 333
11 17 11 9628 338
11 77 11 9903 342
11 114 11 10212 345
12 110 12 10554 347
12 63 12 10865 349
12 13 12 11138 350
13 84 13 11390 351
13 117 13 11694 350
13 93 13 12003 349
14 19 14 12287 347
14 69 14 12534 345
14 116 14 12823 342
15 92 15 13104 338
15 7 15 13375 333
15 85 15 13609 328
16 116 16 13878 322
16 59 16 14142 316
16 48 16 14386 309
17 115 17 14616 301
17 83 17 14878 293
17 28 17 15106 284
18 112 18 15306 274
18 86 18 15562 264
18 32 18 15790 253
19 115 19 15962 242
19 70 19 16203 231
19 59 19 16414 219
20 116 20 16599 206
20 27 20 16806 193
20 100 20 16978 180
21 90 21 17186 166
21 48 21 17371 152
21 116 21 17527 138
22 10 22 17696 123
22 113 22 17814 109
22 53 22 18009 94
23 96 23 18134 78
23 79 23 18304 63
23 79 23 18437 47
24 93 24 18561 32
24 69 24 18688 16
24 97 24 18796 1
25 69 25 18921 16
25 93 25 19028 32
25 79 25 19150 47
26 80 26 19233 63
26 96 26 19333 78
26 53 26 19420 94
27 113 27 19471 109
27 8 27 19557 123
27 116 27 19576 138
28 52 28 19669 152
28 85 28 19713 166
28 105 28 19781 180
29 13 29 19826 193
29 113 29 19832 206
29 77 29 19886 219
30 46 30 19896 231
30 117 30 19888 242
30 68 30 19920 253
31 47 31 19913 264
31 116 31 19901 274
31 84 31 19930 284
32 15 32 19902 293
32 99 32 19855 301
32 113 32 19847 309
33 53 33 19823 316
33 38 33 19755 322
33 104 33 19686 328
34 115 34 19658 333
34 72 34 19623 338
34 2 34 19557 342
35 67 35 19434 345
35 109 35 19379 347
35 116 35 19318 349
36 93 36 19236 350
36 51 36 19129 351
36 2 36 19000 350
37 45 37 18856 349
37 80 37 18751 347
37 103 37 18661 345
38 115 38 18545 342
38 117 38 18439 338
38 114 38 18304 333
39 108 39 18152 328
39 101 39 18019 322
39 95 39 17866 316
40 91 40 17703 309
40 90 40 17538 301
40 92 40 17344 293
41 97 41 17165 284
41 104 41 16996 274
41 111 41 16804 264
42 116 42 16600 253
42 117 42 16419 242
42 110 42 16218 231
43 91 43 16003 219
43 58 43 15776 206
43 13 43 15535 193
44 40 44 15281 180
44 88 44 15057 166
44 115 44 14830 152
45 108 45 14619 138
45 61 45 14400 123
45 17 45 14128 109
46 90 46 13831 94
46 117 46 13609 78
46 75 46 13373 63
47 22 47 13095 47
47 105 47 12791 32
47 104 47 12542 16
48 9 48 12278 1
48 99 48 11960 16
48 101 48 11707 32
49 16 49 11443 47
49 115 49 11102 63
49 60 49 10842 78
50 83 50 10546 94
50 98 50 10243 109
50 50 50 9960 123
51 111 51 9628 138
51 36 51 9326 152
51 111 51 8999 166
52 45 52 8706 180
52 102 52 8360 193
52 76 52 8049 206
53 69 53 7713 219
53 111 53 7404 231
53 4 53 7103 242
54 107 54 6732 253
54 93 54 6432 264
54 16 54 6108 274
55 105 55 5741 284
55 106 55 5408 293
55 32 55 5075 301
56 59 56 4704 309
56 112 56 4366 316
56 110 56 4057 322
57 69 57 3734 328
57 11 57 3358 333
57 44 57 2974 338
58 83 58 2632 342
58 106 58 2314 345
58 116 58 1972 347
59 117 59 1639 349
59 116 59 1307 350
59 115 59 973 351
60 115 60 975 350
60 117 60 1146 349
60 117 60 1401 347
61 113 61 1726 345
61 98 61 2056 342
61 67 61 2383 338
62 17 62 2700 333
62 46 62 3031 328
62 99 62 3380 322
63 117 63 3750 316
63 73 63 4114 309
63 22 63 4443 301
64 106 64 4751 293
64 99 64 5145 284
64 12 64 5508 274
65 113 65 5815 264
65 65 65 6189 253
65 83 65 6521 242
66 93 66 6865 231
66 69 66 7184 219
66 92 66 7500 206
67 87 67 7839 193
67 57 67 8176 180
67 116 67 8498 166
68 32 68 8830 152
68 83 68 9124 138
68 116 68 9465 123
69 64 69 9793 109
69 21 69 10101 94
69 86 69 10375 78
70 115 70 10685 63
70 115 70 11025 47
70 100 70 11336 32
71 85 71 11625 16
71 75 71 11904 1
71 75 71 12179 16
72 84 72 12458 32
72 100 72 12744 47
72 115 72 13036 63
73 114 73 13330 78
73 81 73 13591 94
73 8 73 13846 109
74 81 74 14078 123
74 116 74 14344 138
74 43 74 14608 152
75 86 75 14844 166
75 98 75 15098 180
75 53 75 15344 193
76 104 76 15557 206
76 71 76 15803 219
76 70 76 16023 231
77 115 77 16245 242
77 44 77 16465 253
77 54 77 16652 264
78 108 78 16864 274
78 116 78 17083 284
78 100 78 17281 293
79 82 79 17485 301
79 75 79 17664 309
79 81 79 17835 316
80 99 80 18009 322
80 116 80 18163 328
80 109 80 18333 333
81 51 81 18500 338
81 54 81 18612 342
81 117 81 18755 345
82 36 82 18915 347
82 107 82 19012 349
82 41 82 19153 350
83 117 83 19248 351
83 42 83 19391 350
83 62 83 19482 349
84 112 84 19595 347
84 115 84 19706 345
84 102 84 19820 342
85 97 85 19900 338
85 104 85 19967 333
85 117 85 20033 328
86 106 86 20102 322
86 37 86 20161 316
86 78 86 20185 309
87 107 87 20246 301
87 45 87 20293 293
87 97 87 20315 284
88 103 88 20353 274
88 25 88 20377 264
88 43 88 20351 253
89 74 89 20348 242
89 77 89 20364 231
89 52 89 20374 219
90 11 90 20368 206
90 95 90 20318 193
90 103 90 20336 180
91 46 91 20322 166
91 97 91 20261 152
91 107 91 20229 138
92 51 92 20191 123
92 10 92 20118 109
92 9 92 20034 94
93 49 93 19964 78
93 107 93 19895 63
93 92 93 19863 47
94 66 94 19784 32
94 73 94 19678 16
94 117 94 19573 1
95 110 95 19488 16
95 110 95 19388 32
95 117 95 19283 47
96 66 96 19179 63
96 82 96 19019 78
96 59 96 18892 94
97 114 97 18734 109
97 117 97 18601 123
97 115 97 18481 138
98 66 98 18337 152
98 80 98 18158 166
98 56 98 17993 180
99 107 99 17787 193
99 108 99 17628 206
99 63 99 17466 219
100 74 100 17251 231
100 61 100 17039 242
100 103 100 16844 253
101 90 101 16656 264
101 9 101 16446 274
101 115 101 16189 284
102 107 102 16003 293
102 114 102 15796 301
102 83 102 15585 309
103 107 103 15325 316
103 90 103 15097 322
103 117 103 14863 328
104 7 104 14621 333
104 45 104 14307 338
104 29 104 14058 342
105 107 105 13786 345
105 115 105 13551 347
105 42 105 13299 349
106 110 106 12997 350
106 81 106 12742 351
106 105 106 12461 350
107 112 107 12194 349
107 20 107 11926 347
107 1 107 11579 345
108 113 108 11257 342
108 84 108 11014 338
108 117 108 10711 333
109 43 109 10437 328
109 25 109 10097 322
109 97 109 9751 316
110 70 110 9475 309
110 117 110 9157 301
110 95 110 8855 293
111 67 111 8526 284
111 31 111 8181 274
111 42 111 7852 264
112 117 112 7526 253
112 69 112 7234 242
112 104 112 6897 231
113 43 113 6579 219
113 90 113 6224 206
113 114 113 5875 193
114 116 114 5545 180
114 117 114 5215 166
114 28 114 4884 152
115 117 115 4507 138
115 57 115 4197 123
115 116 115 3817 109
116 114 116 3489 94
116 87 116 3158 78
116 8 116 2812 63
117 52 117 2405 47
117 117 117 2057 32
117 85 117 1749 16