500
1 168 1 42 1
1 167 1 401 16
2 167 2 833 32
2 167 2 1303 48
2 167 2 1833 63
3 165 3 2351 79
3 163 3 2863 94
3 160 3 3371 110
4 154 4 3918 125
4 146 4 4443 140
4 135 4 4954 155
5 120 5 5457 170
5 102 5 5997 185
5 79 5 6511 199
6 53 6 7010 213
6 22 6 7500 227
6 13 6 7983 241
7 48 7 8515 255
7 83 7 9052 268
7 115 7 9591 282
8 142 8 10130 294
8 161 8 10667 307
8 167 8 11198 319
9 161 9 11719 331
9 139 9 12231 343
9 102 9 12729 354
10 52 10 13212 365
10 7 10 13683 376
10 67 10 14149 386
11 119 11 14665 396
11 155 11 15203 405
11 167 11 15701 414
12 152 12 16209 423
12 108 12 16709 431
12 41 12 17190 439
13 37 13 17608 446
13 108 13 18069 453
13 156 13 18588 459
14 166 14 19083 465
14 133 14 19589 471
14 62 14 20037 476
15 31 15 20478 481
15 114 15 20895 485
15 163 15 21398 488
16 157 16 21885 492
16 94 16 22338 494
16 6 16 22786 497
17 105 17 23177 498
17 163 17 23634 500
17 152 17 24102 500
18 72 18 24542 501
18 45 18 24934 500
18 140 18 25327 500
19 166 19 25782 498
19 104 19 26235 497
19 18 19 26641 494
20 130 20 27012 492
20 166 20 27466 488
20 100 20 27922 485
21 33 21 28286 481
21 145 21 28646 476
21 158 21 29051 471
22 58 22 29471 465
22 87 22 29801 459
22 166 22 30192 453
23 115 23 30596 446
23 33 23 30942 439
23 153 23 31243 431
24 141 24 31665 423
24 2 24 32040 414
24 142 24 32327 405
25 150 25 32709 396
25 10 25 33074 386
25 142 25 33314 376
26 145 26 33669 365
26 9 26 34018 354
26 154 26 34293 343
27 125 27 34630 331
27 52 27 34954 319
27 167 27 35207 307
28 76 28 35560 294
28 113 28 35819 282
28 155 28 36094 268
29 10 29 36379 255
29 162 29 36619 241
29 88 29 36942 227
30 114 30 37194 213
30 148 30 37461 199
30 42 30 37696 185
31 167 31 37888 170
31 29 31 38174 155
31 157 31 38375 140
32 83 32 38625 125
32 132 32 38841 110
32 119 32 39058 94
33 105 33 39245 79
33 139 33 39460 63
33 84 33 39669 48
34 149 34 39831 32
34 72 34 40031 16
34 152 34 40177 1
35 72 35 40375 16
35 150 35 40520 32
35 83 35 40717 48
36 140 36 40825 63
36 105 36 40993 79
36 119 36 41103 94
37 133 37 41250 110
37 82 37 41374 125
37 158 37 41454 140
38 26 38 41617 155
38 167 38 41676 170
38 49 38 41819 185
39 143 39 41875 199
39 123 39 41994 213
39 75 39 42086 227
40 166 40 42109 241
40 33 40 42210 255
40 143 40 42237 268
41 135 41 42307 282
41 40 41 42382 294
41 165 41 42373 307
42 99 42 42432 319
42 77 42 42430 331
42 167 42 42419 343
43 85 43 42502 354
43 82 43 42462 365
43 167 43 42442 376
44 98 44 42475 386
44 57 44 42459 396
44 161 44 42432 405
45 134 45 42429 414
45 5 45 42416 423
45 126 45 42304 431
46 166 46 42268 439
46 96 46 42272 446
46 34 46 42198 453
47 140 47 42089 459
47 165 47 42047 465
47 103 47 41998 471
48 10 48 41901 476
48 113 48 41724 481
48 165 48 41646 485
49 149 49 41592 488
49 79 49 41475 492
49 18 49 41341 494
50 104 50 41160 497
50 157 50 41073 498
50 166 50 40973 500
51 134 51 40844 500
51 76 51 40682 501
51 6 51 40489 500
52 63 52 40274 500
52 117 52 40113 498
52 152 52 39977 497
53 167 53 39801 494
53 164 53 39639 492
53 148 53 39473 488
54 124 54 39257 485
54 96 54 39055 481
54 67 54 38815 476
55 39 55 38556 471
55 15 55 38288 465
55 6 55 38059 459
56 21 56 37815 453
56 32 56 37577 446
56 38 56 37338 439
57 39 57 37055 431
57 36 57 36790 423
57 27 57 36531 414
58 15 58 36272 405
58 5 58 35970 396
58 27 58 35689 386
59 54 59 35393 376
59 84 59 35134 365
59 114 59 34853 354
60 141 60 34560 343
60 160 60 34261 331
60 167 60 33996 319
61 156 61 33700 307
61 124 61 33381 294
61 70 61 33038 282
62 2 62 32673 268
62 77 62 32248 255
62 139 62 31906 241
63 167 63 31599 227
63 148 63 31294 213
63 79 63 30923 199
64 24 64 30536 185
64 120 64 30107 170
64 167 64 29773 155
65 135 65 29421 140
65 31 65 29063 125
65 96 65 28623 110
66 166 66 28226 94
66 127 66 27855 79
66 5 66 27441 63
67 136 67 26964 48
67 158 67 26583 32
67 41 67 26194 16
68 118 68 25732 1
68 162 68 25332 16
68 35 68 24945 32
69 134 69 24479 48
69 146 69 24087 63
69 25 69 23646 79
70 165 70 23156 94
70 78 70 22773 110
70 124 70 22287 125
71 138 71 21858 140
71 68 71 21401 155
71 162 71 20928 170
72 27 72 20488 185
72 167 72 19992 199
72 8 72 19563 213
73 167 73 19018 227
73 15 73 18617 241
73 165 73 18090 255
74 48 74 17650 268
74 151 74 17122 282
74 100 74 16700 294
75 107 75 16213 307
75 153 75 15723 319
75 17 75 15250 331
76 162 76 14694 343
76 103 76 14239 354
76 76 76 13731 365
77 167 77 13212 376
77 87 77 12748 386
77 75 77 12225 396
78 166 78 11707 405
78 121 78 11243 414
78 13 78 10738 423
79 131 79 10180 431
79 166 79 9668 439
79 110 79 9179 446
80 3 80 8655 453
80 100 80 8090 459
80 159 80 7605 465
81 163 81 7099 471
81 122 81 6598 476
81 58 81 6076 481
82 13 82 5532 485
82 74 82 4945 488
82 118 82 4431 492
83 146 83 3945 494
83 161 83 3466 497
83 167 83 2941 498
84 167 84 2431 500
84 166 84 1926 500
84 165 84 1422 501
85 166 85 1422 500
85 167 85 1677 500
85 167 85 2058 498
86 164 86 2543 497
86 154 86 3038 494
86 130 86 3534 492
87 90 87 4023 488
87 33 87 4543 485
87 40 87 5028 481
88 111 88 5527 476
88 159 88 6066 471
88 161 88 6654 465
89 101 89 7202 459
89 11 89 7700 453
89 122 89 8157 446
90 167 90 8694 439
90 100 90 9281 431
90 49 90 9794 423
91 161 91 10278 414
91 122 91 10830 405
91 49 91 11340 396
92 166 92 11811 386
92 74 92 12359 376
92 124 92 12840 365
93 138 93 13359 354
93 73 93 13879 343
93 158 93 14360 331
94 52 94 14896 319
94 158 94 15365 307
94 70 94 15905 294
95 140 95 16342 282
95 121 95 16850 268
95 78 95 17347 255
96 166 96 17827 241
96 49 96 18323 227
96 119 96 18766 213
97 163 97 19275 199
97 64 97 19764 185
97 79 97 20212 170
98 161 98 20654 155
98 150 98 21170 140
98 73 98 21634 125
99 25 99 22080 110
99 104 99 22491 94
99 150 99 22947 79
100 167 100 23451 63
100 164 100 23924 48
100 152 100 24370 32
101 141 101 24798 16
101 134 101 25218 1
101 135 101 25636 16
102 144 102 26056 32
102 156 102 26483 48
102 166 102 26913 63
103 164 103 27344 79
103 136 103 27771 94
103 74 103 28181 110
104 22 104 28566 125
104 119 104 28903 140
104 167 104 29331 155
105 117 105 29738 170
105 26 105 30128 185
105 154 105 30447 199
106 129 106 30881 213
106 52 106 31256 227
106 167 106 31574 241
107 30 107 31959 255
107 161 107 32295 268
107 48 107 32698 282
108 164 108 33012 294
108 5 108 33397 307
108 162 108 33679 319
109 99 109 34025 331
109 76 109 34337 343
109 166 109 34650 354
110 119 110 35021 365
110 1 110 35311 376
110 107 110 35566 386
111 160 111 35873 396
111 165 111 36223 405
111 144 111 36528 414
112 117 112 36797 423
112 98 112 37046 431
112 93 112 37330 439
113 103 113 37596 446
113 126 113 37862 453
113 153 113 38134 459
114 167 114 38368 465
114 143 114 38620 471
114 60 114 38861 476
115 69 115 39067 481
115 162 115 39261 485
115 119 115 39531 488
116 60 116 39730 492
116 167 116 39886 494
116 15 116 40144 497
117 166 117 40282 498
117 2 117 40513 500
117 163 117 40631 500
118 96 118 40856 501
118 74 118 41021 500
118 164 118 41177 500
119 140 119 41385 498
119 59 119 41521 497
119 23 119 41634 494
120 77 120 41715 492
120 104 120 41869 488
120 109 120 42002 485
121 95 121 42114 481
121 55 121 42249 476
121 17 121 42340 471
122 106 122 42409 465
122 166 122 42532 459
122 121 122 42667 453
123 47 123 42755 446
123 167 123 42764 439
123 33 123 42871 431
124 165 124 42901 423
124 6 124 42984 414
124 153 124 42989 405
125 139 125 43066 396
125 27 125 43099 386
125 78 125 43061 376
126 134 126 43068 365
126 154 126 43144 354
126 157 126 43151 343
127 147 127 43157 331
127 111 127 43157 319
127 28 127 43140 307
128 96 128 43091 294
128 167 128 43060 282
128 59 128 43081 268
129 146 129 42997 255
129 71 129 42958 241
129 166 129 42902 227
130 65 130 42881 213
130 67 130 42780 199
130 138 130 42689 185
131 161 131 42638 170
131 164 131 42584 155
131 155 131 42476 140
132 113 132 42376 125
132 7 132 42265 110
132 135 132 42074 94
133 138 133 42001 79
133 88 133 41884 63
133 120 133 41760 48
134 161 134 41631 32
134 85 134 41505 16
134 11 134 41321 1
135 17 135 41109 16
135 9 135 40924 32
135 83 135 40744 48
136 162 136 40608 63
136 111 136 40456 79
136 112 136 40271 94
137 97 137 40096 110
137 167 137 39877 125
137 130 137 39720 140
138 96 138 39498 155
138 109 138 39246 170
138 155 138 39001 185
139 149 139 38819 199
139 29 139 38601 213
139 162 139 38307 227
140 118 140 38101 241
140 25 140 37810 255
140 10 140 37493 268
141 33 141 37202 282
141 131 141 36944 294
141 148 141 36697 307
142 89 142 36457 319
142 73 142 36142 331
142 137 142 35851 343
143 137 143 35571 354
143 70 143 35265 365
143 101 143 34911 376
144 129 144 34625 386
144 162 144 34330 396
144 136 144 34032 405
145 155 145 33703 414
145 151 145 33382 423
145 58 145 33010 431
146 104 146 32611 439
146 143 146 32268 446
146 106 146 31949 453
147 59 147 31562 459
147 143 147 31179 465
147 167 147 30821 471
148 167 148 30487 476
148 90 148 30112 481
148 156 148 29719 485
149 102 149 29346 488
149 139 149 28925 492
149 135 149 28524 494
150 157 150 28112 497
150 156 150 27709 498
150 140 150 27298 500
151 141 151 26876 500
151 132 151 26457 501
151 158 151 26034 500
152 131 152 25627 500
152 147 152 25202 498
152 105 152 24788 497
153 154 153 24309 494
153 54 153 23886 492
153 160 153 23416 488
154 120 154 22983 485
154 153 154 22538 481
154 167 154 22081 476
155 50 155 21651 471
155 117 155 21127 465
155 27 155 20690 459
156 112 156 20175 453
156 62 156 19710 446
156 152 156 19244 439
157 90 157 18805 431
157 136 157 18304 423
157 137 157 17826 414
158 142 158 17378 405
158 72 158 16907 396
158 56 158 16385 386
159 87 159 15865 376
159 130 159 15371 365
159 156 159 14894 354
160 160 160 14418 343
160 126 160 13932 331
160 50 160 13421 319
161 104 161 12876 307
161 44 161 12381 294
161 159 161 11852 282
162 2 162 11394 268
162 124 162 10837 255
162 158 162 10326 241
163 130 163 9837 227
163 162 163 9328 213
163 60 163 8839 199
164 146 164 8292 185
164 167 164 7770 170
164 123 164 7268 155
165 36 165 6744 140
165 10 165 6189 125
165 166 165 5605 110
166 149 166 5140 94
166 89 166 4649 79
166 82 166 4123 63
167 153 167 3563 48
167 22 167 3069 32
167 163 167 2505 16