250
1 84 1 20 1
1 84 1 194 16
2 84 2 402 32
2 84 2 628 47
2 82 2 882 63
3 80 3 1129 78
3 76 3 1373 93
3 68 3 1614 107
4 58 4 1852 121
4 43 4 2108 134
4 24 4 2349 147
5 1 5 2581 160
5 25 5 2808 172
5 50 5 3054 183
6 70 6 3311 193
6 83 6 3571 203
6 82 6 3809 212
7 67 7 4048 220
7 36 7 4282 227
7 6 7 4485 233
8 48 8 4692 238
8 77 8 4919 243
8 83 8 5168 246
9 59 9 5396 249
9 11 9 5600 250
9 45 9 5779 251
10 81 10 5987 250
10 76 10 6211 249
10 29 10 6421 246
11 38 11 6604 243
11 81 11 6802 238
11 70 11 7003 233
12 6 12 7199 227
12 65 12 7347 220
12 81 12 7532 212
13 25 13 7713 203
13 57 13 7858 193
13 82 13 8027 183
14 19 14 8205 172
14 68 14 8325 160
14 73 14 8490 147
15 15 15 8636 134
15 83 15 8742 121
15 36 15 8890 107
16 66 16 9002 93
16 66 16 9135 78
16 41 16 9242 63
17 79 17 9344 47
17 23 17 9456 32
17 82 17 9525 16
18 16 18 9630 1
18 83 18 9692 16
18 22 18 9797 32
19 79 19 9840 47
19 40 19 9932 63
19 66 19 9980 78
20 65 20 10038 93
20 35 20 10088 107
20 83 20 10119 121
21 19 21 10180 134
21 69 21 10180 147
21 72 21 10206 160
22 6 22 10222 172
22 76 22 10199 183
22 72 22 10223 193
23 6 23 10234 203
23 64 23 10209 212
23 83 23 10206 220
24 47 24 10195 227
24 17 24 10154 233
24 67 24 10099 238
25 84 25 10078 243
25 67 25 10038 246
25 28 25 9990 249
26 18 26 9908 250
26 54 26 9824 251
26 76 26 9761 250
27 84 27 9701 249
27 81 27 9637 246
27 73 27 9545 243
28 61 28 9456 238
28 51 28 9347 233
28 43 28 9229 227
29 39 29 9107 220
29 39 29 8986 212
29 43 29 8866 203
30 50 30 8729 193
30 61 30 8606 183
30 72 30 8471 172
31 82 31 8330 160
31 84 31 8187 147
31 74 31 8037 134
32 47 32 7878 121
32 6 32 7707 107
32 43 32 7502 93
33 78 33 7339 78
33 79 33 7177 63
33 36 33 6998 47
34 35 34 6788 32
34 82 34 6584 16
34 61 34 6407 1
35 22 35 6209 16
35 83 35 5992 32
35 45 35 5815 47
36 56 36 5589 63
36 74 36 5383 78
36 29 36 5170 93
37 81 37 4942 107
37 23 37 4736 121
37 79 37 4485 134
38 41 38 4289 147
38 63 38 4054 160
38 73 38 3828 172
39 11 39 3601 183
39 79 39 3339 193
39 67 39 3123 203
40 1 40 2890 212
40 63 40 2602 220
40 84 40 2370 227
41 66 41 2146 233
41 27 41 1907 238
41 14 41 1649 243
42 44 42 1374 246
42 63 42 1134 249
42 72 42 904 250
43 76 43 675 251
43 76 43 684 250
43 72 43 810 249
44 62 44 992 246
44 43 44 1220 243
44 10 44 1445 238
45 34 45 1662 233
45 72 45 1905 227
45 83 45 2166 220
46 42 46 2443 212
46 37 46 2683 203
46 84 46 2922 193
47 35 47 3186 183
47 66 47 3415 172
47 60 47 3666 160
48 59 48 3910 147
48 53 48 4133 134
48 77 48 4363 121
49 4 49 4611 107
49 75 49 4800 93
49 76 49 5051 78
50 29 50 5278 63
50 25 50 5490 47
50 60 50 5695 32
51 76 51 5916 16
51 82 51 6137 1
51 82 51 6351 16
52 80 52 6559 32
52 70 52 6764 47
52 45 52 6963 63
53 4 53 7151 78
53 61 53 7306 93
53 83 53 7513 107
54 24 54 7709 121
54 71 54 7859 134
54 52 54 8039 147
55 71 55 8200 160
55 25 55 8372 172
55 83 55 8516 183
56 64 56 8678 193
56 15 56 8832 203
56 26 56 8945 212
57 47 57 9068 220
57 50 57 9202 227
57 38 57 9332 233
58 6 58 9452 238
58 46 58 9538 243
58 84 58 9662 246
59 46 59 9784 249
59 60 59 9868 250
59 56 59 9958 251
60 78 60 10042 250
60 17 60 10137 249
60 41 60 10175 246
61 67 61 10247 243
61 73 61 10318 238
61 65 61 10377 233
62 32 62 10424 227
62 34 62 10453 220
62 84 62 10489 212
63 12 63 10533 203
63 84 63 10521 193
63 54 63 10552 183
64 7 64 10554 172
64 14 64 10533 160
64 2 64 10527 147
65 43 65 10519 134
65 84 65 10518 121
65 23 65 10519 107
66 84 66 10470 93
66 53 66 10458 78
66 23 66 10417 63
67 29 67 10343 47
67 67 67 10291 32
67 76 67 10245 16
68 40 68 10187 1
68 39 68 10102 16
68 65 68 10020 32
69 54 69 9953 47
69 10 69 9856 63
69 84 69 9747 78
70 42 70 9670 93
70 14 70 9553 107
70 42 70 9421 121
71 84 71 9310 134
71 29 71 9218 147
71 12 71 9065 160
72 20 72 8921 172
72 84 72 8775 183
72 40 72 8655 193
73 37 73 8494 203
73 83 73 8334 212
73 23 73 8198 220
74 19 74 8021 227
74 82 74 7833 233
74 39 74 7691 238
75 67 75 7500 243
75 37 75 7320 246
75 34 75 7116 249
76 76 76 6914 250
76 76 76 6736 251
76 29 76 6548 250
77 2 77 6331 249
77 65 77 6111 246
77 27 77 5914 243
78 49 78 5697 238
78 19 78 5482 233
78 52 78 5260 227
79 83 79 5047 220
79 33 79 4838 212
79 9 79 4609 203
80 30 80 4364 193
80 59 80 4134 183
80 32 80 3914 172
81 84 81 3672 160
81 76 81 3459 147
81 37 81 3229 134
82 79 82 2956 121
82 50 82 2722 107
82 46 82 2472 93
83 12 83 2226 78
83 1 83 1968 63
83 25 83 1694 47
84 7 84 1450 32
84 75 84 1201 16