100
1 34 1 8 1
1 34 1 79 16
2 34 2 163 31
2 33 2 255 46
2 30 2 350 59
3 24 3 445 71
3 14 3 539 81
3 1 3 630 90
4 17 4 718 96
4 30 4 812 99
4 34 4 907 101
5 22 5 997 99
5 4 5 1078 96
5 28 5 1143 90
6 32 6 1228 81
6 7 6 1299 71
6 28 6 1355 59
7 29 7 1418 46
7 11 7 1476 31
7 34 7 1513 16
8 2 8 1568 1
8 34 8 1590 16
8 6 8 1634 31
9 32 9 1651 46
9 21 9 1674 59
9 17 9 1689 71
10 34 10 1688 81
10 20 10 1698 90
10 8 10 1689 96
11 28 11 1663 99
11 34 11 1654 101
11 31 11 1630 99
12 24 12 1601 96
12 18 12 1561 90
12 15 12 1515 81
13 16 13 1460 71
13 21 13 1411 59
13 28 13 1350 46
14 34 14 1292 31
14 30 14 1228 16
14 10 14 1155 1
15 21 15 1069 16
15 34 15 994 31
15 4 15 916 46
16 33 16 815 59
16 5 16 733 71
16 34 16 631 81
17 19 17 547 90
17 12 17 452 96
17 30 17 354 99
18 34 18 267 101
18 33 18 275 99
18 33 18 328 96
19 34 19 403 90
19 31 19 491 81
19 15 19 583 71
20 18 20 670 59
20 33 20 765 46
20 7 20 869 31
21 30 21 949 16
21 30 21 1042 1
21 14 21 1130 16
22 4 22 1207 31
22 5 22 1274 46
22 18 22 1349 59
23 33 23 1418 71
23 20 23 1494 81
23 29 23 1551 90
24 4 24 1609 96
24 23 24 1643 99
24 26 24 1695 101
25 17 25 1731 99
25 13 25 1763 96
25 33 25 1786 90
26 24 26 1808 81
26 11 26 1825 71
26 18 26 1820 59
27 34 27 1822 46
27 2 27 1825 31
27 20 27 1795 16
28 12 28 1782 1
28 26 28 1750 16
28 1 28 1726 31
29 9 29 1678 46
29 33 29 1636 59
29 34 29 1596 71
30 5 30 1554 81
30 1 30 1480 90
30 26 30 1410 96
31 24 31 1349 99
31 26 31 1279 101
31 32 31 1206 99
32 34 32 1134 96
32 34 32 1053 90
32 6 32 965 81
33 18 33 860 71
33 34 33 768 59
33 33 33 683 46
34 17 34 593 31
34 23 34 494 16